LUCAS_GEMMES_COP27/includes/subsidence/Scenario_B1/tmp/TOT_SUBSIDENCE_2070_SINCE_2018_MKD_ONLY.ASC
NCOLS                318
NROWS                364
XLLCORNER      400000.00
YLLCORNER      907000.00
CELLSIZE         1000.00
NODATA_VALUE    0.3402823E+39
[rows 192 to 215 of 364, columns 220 to 274 of 318]
0.6176749 0.6263018 0.6346931 0.6384060 0.6376776 0.6344221 0.6256069 0.6211699 0.6116595 0.6056253 0.5987334 0.5944386 0.5867215 0.5834508 0.5793411 0.5778288 0.5773780 0.5757988 0.5765970 0.5826783 0.5919668 0.5974249 0.5978801 0.6101404 0.6198027 0.6302714 0.6415996 0.6489760 0.6457688 0.6490934 0.6494721 0.6446283 0.6394037 0.6273946 0.6062031 0.6275256 0.6226699 0.6291038 0.6428385 0.6204681 0.5909577 0.5948912 0.5793408 0.5692450 0.5576389 0.5425334 0.5234269 0.5026675 3.4028235E+38 3.4028235E+38 3.4028235E+38 3.4028235E+38 3.4028235E+38 3.4028235E+38 3.4028235E+38
0.6148393 0.6026359 0.6012974 0.6055577 0.6094286 0.6077814 0.6032472 0.6002550 0.5888656 0.5824177 0.5757037 0.5708673 0.5669588 0.5620168 0.5596919 0.5551683 0.5589107 0.5619874 0.5609919 0.5711689 0.5826083 0.5938419 0.5983825 0.6046865 0.6123068 0.6181694 0.6286494 0.6374654 0.6433804 0.6457359 0.6497291 0.6436520 0.6315576 0.6055629 0.5972666 0.6212987 0.6316676 0.6406618 0.6466233 0.6247876 0.5850610 0.5756650 0.5840308 0.5705079 0.5622489 0.5489222 0.5307757 0.5075334 0.4777949 0.4726990 0.4709782 3.4028235E+38 3.4028235E+38 3.4028235E+38 3.4028235E+38
0.5896060 0.5850949 0.5804672 0.5762120 0.5827276 0.5808075 0.5788714 0.5754586 0.5671074 0.5590400 0.5493743 0.5459883 0.5475865 0.5456471 0.5365957 0.5333105 0.5348705 0.5460014 0.5543375 0.5603194 0.5635697 0.5675318 0.5833954 0.5907441 0.5965924 0.6063375 0.6131269 0.6217626 0.6278913 0.6377123 0.6392989 0.6360487 0.6293060 0.6030853 0.6134857 0.6328350 0.6455519 0.6609920 0.6487628 0.6335738 0.5999123 0.5665890 0.5625223 0.5733542 0.5576423 0.5502987 0.5377213 0.5191089 0.4884909 0.4835070 0.4735528 0.4654516 3.4028235E+38 3.4028235E+38 3.4028235E+38
0.5732083 0.5796514 0.5755474 0.5698799 0.5661159 0.5627339 0.5596082 0.5507562 0.5404805 0.5346018 0.5313743 0.5314102 0.5336527 0.5298017 0.5240786 0.5165610 0.5261053 0.5403463 0.5509521 0.5592713 0.5642242 0.5669888 0.5702200 0.5720912 0.5858151 0.5936462 0.6014673 0.6105756 0.6182438 0.6255631 0.6266575 0.6175629 0.6294474 0.6293377 0.6354965 0.6438557 0.6541911 0.6601569 0.6587144 0.6401401 0.6146555 0.5759138 0.5604295 0.5623873 0.5385506 0.5430552 0.5451428 0.5209591 0.4923769 0.4889657 0.4775179 0.4710637 3.4028235E+38 3.4028235E+38 3.4028235E+38
0.5776180 0.5733638 0.5656967 0.5588394 0.5519125 0.5471566 0.5401084 0.5284178 0.5289446 0.5247436 0.5199747 0.5211731 0.5216740 0.5203880 0.5169564 0.5136416 0.5267036 0.5388303 0.5499465 0.5611997 0.5648151 0.5706794 0.5705587 0.5729090 0.5743784 0.5769011 0.5909762 0.6007177 0.6041822 0.6144078 0.6121806 0.6144544 0.6304127 0.6409221 0.6433363 0.6540608 0.6572279 0.6670870 0.6604882 0.6556219 0.6251283 0.5904758 0.5922018 0.5885132 0.5715162 0.5837944 0.5552337 0.5350958 0.5065951 0.4943385 0.4896498 0.4772677 3.4028235E+38 3.4028235E+38 3.4028235E+38
0.5818990 0.5776792 0.5719047 0.5668906 0.5591027 0.5511718 0.5387224 0.5203050 0.5169072 0.5128928 0.5097232 0.5099696 0.5064035 0.5027380 0.5066881 0.5162867 0.5295892 0.5382801 0.5543449 0.5612935 0.5685062 0.5733030 0.5750133 0.5792860 0.5811383 0.5790566 0.5799294 0.5804352 0.5732218 0.5915793 0.5999619 0.6044288 0.6216279 0.6296033 0.6407460 0.6470867 0.6537957 0.6630536 0.6664864 0.6608104 0.6430448 0.6148443 0.6137455 0.6081759 0.5892615 0.5889784 0.5743276 0.5384160 0.5131414 0.4874228 0.4909930 0.4892839 3.4028235E+38 3.4028235E+38 3.4028235E+38
0.5843166 0.5804538 0.5773360 0.5718819 0.5626788 0.5538378 0.5439522 0.5305535 0.5280269 0.5240006 0.5198011 0.5164465 0.5111381 0.5124921 0.5168735 0.5203574 0.5349915 0.5451705 0.5559512 0.5645505 0.5734844 0.5761736 0.5800955 0.5854271 0.5871205 0.5887826 0.5879258 0.5830025 0.5746030 0.5818012 0.5836475 0.6031469 0.6067306 0.6144394 0.6238565 0.6412286 0.6517278 0.6721898 0.6674814 0.6681530 0.6544905 0.6311597 0.6169288 0.6080883 0.5855306 0.5767206 0.5617555 0.5536518 0.5152217 0.5151160 0.5050367 0.4923535 3.4028235E+38 3.4028235E+38 3.4028235E+38
0.5801871 0.5807698 0.5805919 0.5748470 0.5666296 0.5604168 0.5511812 0.5423289 0.5373585 0.5318373 0.5253510 0.5209212 0.5148906 0.5136223 0.5184895 0.5236024 0.5398473 0.5519570 0.5637528 0.5710146 0.5775340 0.5800542 0.5864489 0.5900240 0.5945462 0.5963008 0.5942125 0.5966299 0.5951126 0.5969943 0.5852895 0.5853748 0.5827407 0.5967867 0.6040204 0.6227632 0.6484376 0.6703693 0.6678186 0.6643325 0.6532394 0.6380571 0.6155242 0.5949609 0.5770353 0.5530620 0.5267531 0.5261053 0.5259787 0.5230212 0.5096778 0.5127687 0.4926822 3.4028235E+38 3.4028235E+38
0.5730587 0.5795923 0.5784128 0.5752370 0.5708717 0.5659718 0.5588701 0.5521780 0.5440733 0.5374536 0.5251178 0.5230694 0.5210608 0.5290666 0.5294775 0.5374173 0.5449528 0.5553790 0.5636290 0.5730057 0.5789862 0.5865583 0.5873089 0.5926033 0.6008711 0.6034088 0.6038480 0.6094545 0.6060419 0.6069283 0.6027503 0.6054838 0.5820546 0.5769840 0.5759258 0.5745526 0.6483376 0.6792940 0.6786867 0.6797388 0.6531560 0.6428741 0.6158649 0.5884492 0.5603921 0.5493011 0.5390103 0.5427945 0.5269884 0.5284539 0.5209181 0.5132784 0.4970477 3.4028235E+38 3.4028235E+38
0.5703982 0.5731442 0.5744898 0.5740139 0.5709789 0.5675510 0.5617091 0.5565875 0.5520841 0.5447941 0.5350080 0.5339902 0.5343891 0.5368214 0.5382189 0.5455298 0.5502976 0.5583692 0.5674180 0.5732769 0.5813433 0.5836257 0.5858517 0.5927444 0.6060539 0.6064453 0.6116931 0.6161472 0.6161392 0.6167068 0.6173950 0.6275185 0.6315437 0.6294984 0.6301516 0.5750657 0.7038947 0.6931434 0.6899551 0.6702501 0.6595683 0.6391830 0.6226158 0.5903866 0.5734911 0.5522289 0.5478132 0.5402342 0.5392109 0.5274241 0.5239992 0.5080757 0.4896798 3.4028235E+38 3.4028235E+38
0.5673137 0.5660733 0.5683283 0.5705860 0.5698116 0.5713559 0.5656152 0.5618522 0.5551562 0.5480567 0.5412017 0.5391034 0.5408969 0.5411427 0.5401723 0.5479714 0.5558920 0.5656487 0.5711116 0.5771798 0.5804597 0.5870744 0.5864697 0.5937731 0.6008891 0.6089355 0.6152070 0.6224709 0.6235904 0.6343255 0.6345477 0.6502554 0.6717038 0.6859683 0.6819453 0.6866308 0.6890788 0.6888829 0.6739601 0.6797169 0.6543343 0.6517080 0.6206641 0.6107290 0.5736874 0.5697699 0.5487629 0.5582091 0.5399699 0.5431242 0.5286248 0.5131967 0.4948027 3.4028235E+38 3.4028235E+38
0.5662330 0.5597849 0.5623108 0.5664150 0.5679935 0.5691979 0.5656040 0.5652220 0.5586870 0.5547037 0.5467844 0.5451683 0.5431973 0.5410162 0.5381322 0.5459056 0.5548155 0.5638031 0.5699438 0.5778753 0.5789653 0.5834391 0.5879749 0.5934136 0.5960045 0.6033499 0.6116608 0.6282424 0.6346096 0.6375312 0.6486082 0.6537992 0.6585506 0.6696156 0.6808782 0.6767465 0.6801228 0.6723980 0.6753590 0.6593776 0.6518975 0.6322169 0.6220708 0.5993340 0.5800283 0.5584516 0.5481734 0.5542890 0.5454966 0.5310754 0.5262208 0.5111361 0.4931369 3.4028235E+38 3.4028235E+38
0.5600454 0.5581858 0.5549351 0.5598195 0.5668828 0.5694442 0.5661341 0.5657493 0.5602322 0.5570575 0.5489737 0.5445646 0.5395474 0.5362462 0.5298940 0.5385294 0.5512977 0.5622751 0.5731331 0.5784589 0.5797591 0.5831466 0.5870401 0.5920145 0.5994158 0.6020888 0.6046981 0.6186221 0.6226864 0.6453789 0.6435384 0.6570313 0.6564183 0.6715684 0.6650741 0.6697267 0.6658567 0.6697786 0.6658556 0.6650864 0.6420354 0.6341385 0.6208687 0.6044849 0.5773363 0.5728545 0.5518181 0.5603843 0.5400590 0.5352210 0.5239040 0.5093135 3.4028235E+38 3.4028235E+38 3.4028235E+38
0.5552313 0.5558088 0.5525107 0.5609943 0.5624702 0.5642126 0.5659786 0.5652210 0.5625110 0.5572368 0.5497566 0.5461792 0.5358341 0.5276785 0.5264359 0.5300758 0.5435258 0.5557267 0.5640787 0.5737270 0.5761393 0.5788595 0.5855206 0.5885255 0.5879995 0.5859375 0.5941818 0.6073309 0.6222678 0.6337830 0.6432777 0.6382781 0.6552261 0.6512227 0.6635513 0.6517925 0.6568304 0.6541888 0.6441172 0.6456361 0.6361675 0.6273693 0.6137699 0.5961518 0.5859557 0.5655923 0.5613079 0.5486751 0.5431991 0.5338056 0.5141203 0.5058886 3.4028235E+38 3.4028235E+38 3.4028235E+38
0.5516623 0.5547053 0.5502210 0.5572056 0.5574880 0.5611383 0.5612792 0.5633231 0.5607412 0.5574353 0.5491810 0.5445030 0.5320609 0.5226230 0.5218901 0.5237069 0.5301764 0.5465494 0.5596638 0.5665307 0.5677108 0.5745640 0.5764006 0.5790891 0.5791670 0.5743358 0.5815685 0.5976450 0.6110213 0.6143588 0.6195381 0.6224984 0.6340204 0.6421787 0.6444806 0.6381587 0.6421587 0.6334087 0.6362863 0.6322071 0.6190541 0.6222522 0.5997408 0.5976088 0.5919808 0.5714458 0.5551950 0.5562418 0.5353838 0.5354193 0.5096273 3.4028235E+38 3.4028235E+38 3.4028235E+38 3.4028235E+38
0.5460687 0.5454466 0.5427351 0.5466573 0.5496991 0.5479110 0.5552220 0.5598562 0.5604632 0.5552779 0.5496670 0.5447786 0.5292317 0.5219991 0.5236149 0.5255623 3.4028235E+38 3.4028235E+38 3.4028235E+38 0.5556812 0.5607092 0.5633895 0.5666668 0.5697765 0.5719324 0.5718038 0.5736417 0.5867935 0.5942986 0.5997570 0.6092862 0.6135861 0.6155221 0.6160744 0.6273064 0.6329054 0.6279644 0.6195683 0.6231045 0.6195035 0.6119027 0.6001581 0.5891567 0.5892034 0.5806871 0.5608004 0.5545017 0.5408401 0.5350109 0.5249735 0.5094663 3.4028235E+38 3.4028235E+38 3.4028235E+38 3.4028235E+38
0.5404323 0.5400094 0.5377088 0.5478622 0.5460044 0.5444722 0.5530939 0.5574213 0.5561188 0.5555698 0.5515455 0.5442063 0.5283107 0.5217562 0.5220658 0.5200716 3.4028235E+38 3.4028235E+38 3.4028235E+38 3.4028235E+38 3.4028235E+38 0.5516094 0.5554932 0.5591104 0.5624039 0.5673019 0.5707815 0.5765619 0.5822129 0.5861211 0.5902585 0.5972663 0.5939763 0.5953159 0.5992633 0.6133407 0.6051371 0.6112381 0.6078579 0.6042751 0.5956022 0.6016337 0.5817939 0.5791862 0.5712116 0.5579374 0.5415319 0.5390953 0.5298489 0.5169116 3.4028235E+38 3.4028235E+38 3.4028235E+38 3.4028235E+38 3.4028235E+38
0.5364335 0.5305544 0.5286111 0.5315326 0.5332600 0.5393471 0.5467795 0.5514240 0.5517911 0.5510414 0.5491350 0.5391517 0.5258943 0.5187809 0.5192479 0.5175775 0.5205860 3.4028235E+38 3.4028235E+38 3.4028235E+38 3.4028235E+38 3.4028235E+38 0.5435336 0.5476092 0.5522072 0.5579345 0.5634209 0.5676448 0.5707455 0.5733196 0.5748050 0.5767384 0.5781262 0.5842685 0.5801386 0.5809698 0.5792603 0.5800733 0.5811911 0.5818342 0.5870638 0.5846701 0.5749748 0.5633195 0.5543408 0.5416846 0.5348163 0.5276113 0.5210280 0.5033756 3.4028235E+38 3.4028235E+38 3.4028235E+38 3.4028235E+38 3.4028235E+38
0.5304871 0.5250993 0.5256284 0.5267701 0.5282257 0.5398660 0.5440194 0.5505677 0.5492927 0.5504827 0.5450709 0.5399321 0.5282358 0.5186296 0.5141504 0.5175003 0.5206302 0.5170249 3.4028235E+38 3.4028235E+38 3.4028235E+38 3.4028235E+38 3.4028235E+38 3.4028235E+38 3.4028235E+38 0.5479913 0.5530812 0.5563499 0.5587521 0.5599614 0.5599215 0.5615083 0.5628000 0.5643139 0.5639406 0.5636358 0.5631415 0.5632483 0.5629940 0.5625935 0.5629321 0.5667515 0.5580890 0.5639463 0.5528040 0.5438060 0.5274247 0.5305603 0.5077512 3.4028235E+38 3.4028235E+38 3.4028235E+38 3.4028235E+38 3.4028235E+38 3.4028235E+38
0.5197341 0.5151904 0.5208138 0.5231632 0.5210299 0.5321593 0.5400142 0.5433220 0.5458124 0.5444361 0.5440223 0.5375847 0.5265267 0.5164887 0.5095146 0.5083602 0.5088396 0.5087201 0.5038620 0.5000408 3.4028235E+38 3.4028235E+38 3.4028235E+38 3.4028235E+38 3.4028235E+38 3.4028235E+38 0.5423434 0.5442141 0.5457429 0.5466037 0.5481079 0.5491695 0.5502162 0.5510044 0.5510586 0.5506485 0.5498034 0.5489690 0.5484614 0.5479069 0.5471188 0.5459183 0.5426077 0.5413166 0.5408026 0.5279469 0.5249780 0.5157129 3.4028235E+38 3.4028235E+38 3.4028235E+38 3.4028235E+38 3.4028235E+38 3.4028235E+38 3.4028235E+38
0.5114083 0.5084671 0.5081756 0.5156675 0.5136582 0.5283089 0.5320897 0.5386382 0.5376395 0.5403078 0.5345448 0.5307890 0.5258203 0.5145867 0.5081283 0.5085753 0.5009402 0.5016215 0.4997568 0.4914411 0.4902942 0.4859848 3.4028235E+38 3.4028235E+38 3.4028235E+38 3.4028235E+38 3.4028235E+38 3.4028235E+38 0.5337117 0.5351043 0.5357978 0.5373350 0.5390015 0.5401387 0.5404443 0.5399878 0.5389381 0.5375451 0.5360374 0.5347496 0.5334219 0.5317480 0.5300275 0.5327648 0.5289454 0.5220434 0.5142063 3.4028235E+38 3.4028235E+38 3.4028235E+38 3.4028235E+38 3.4028235E+38 3.4028235E+38 3.4028235E+38 3.4028235E+38
0.5018985 0.5015194 0.4982284 0.5067427 0.5048115 0.5168931 0.5227263 0.5264858 0.5278994 0.5297507 0.5276600 0.5230416 0.5207169 0.5109542 0.5013509 0.4978268 0.4917115 0.4892289 0.4909961 0.4851237 0.4774955 0.4743741 3.4028235E+38 3.4028235E+38 3.4028235E+38 3.4028235E+38 3.4028235E+38 3.4028235E+38 0.5778048 0.5223370 0.5221711 0.5251976 0.5284795 0.5307174 0.5316396 0.5313852 0.5302290 0.5284588 0.5263470 0.5241081 0.5218913 0.5195842 0.5167542 0.5137992 0.5091847 0.5032179 3.4028235E+38 3.4028235E+38 3.4028235E+38 3.4028235E+38 3.4028235E+38 3.4028235E+38 3.4028235E+38 3.4028235E+38 3.4028235E+38
0.4916874 0.4892248 0.4893571 0.4967031 0.4958409 0.5054564 0.5169559 0.5181786 0.5197874 0.5142856 0.5144126 0.5150775 0.5134851 0.5111006 0.5024745 0.4927855 0.4878483 0.4836623 0.4812987 0.4732252 0.4708303 0.4660821 3.4028235E+38 3.4028235E+38 3.4028235E+38 3.4028235E+38 3.4028235E+38 3.4028235E+38 3.4028235E+38 0.5563633 0.5034082 0.5108116 0.5172162 0.5210504 0.5227516 0.5229026 0.5219339 0.5201767 0.5179088 0.5153096 0.5122497 0.5092870 0.5060238 3.4028235E+38 3.4028235E+38 3.4028235E+38 3.4028235E+38 3.4028235E+38 3.4028235E+38 3.4028235E+38 3.4028235E+38 3.4028235E+38 3.4028235E+38 3.4028235E+38 3.4028235E+38
0.4814571 0.4784231 0.4842987 0.4888946 0.4880982 0.4927731 0.5015640 0.5048007 0.5034089 0.5064850 0.5090342 0.5109375 0.5099359 0.5054312 0.4961224 0.4890524 0.4758184 0.4711714 0.4687484 0.4591304 0.4576131 0.4584091 3.4028235E+38 3.4028235E+38 3.4028235E+38 3.4028235E+38 3.4028235E+38 3.4028235E+38 3.4028235E+38 3.4028235E+38 0.4720775 0.4963268 0.5067298 0.5113816 0.5138315 0.5141416 0.5131665 0.5114077 0.5091552 0.5065881 0.5035504 3.4028235E+38 3.4028235E+38 3.4028235E+38 3.4028235E+38 3.4028235E+38 3.4028235E+38 3.4028235E+38 3.4028235E+38 3.4028235E+38 3.4028235E+38 3.4028235E+38 3.4028235E+38 3.4028235E+38 3.4028235E+38
