LUCAS_GEMMES_COP27/includes/subsidence/Scenario_B1/tmp/TOT_SUBSIDENCE_2060_SINCE_2018_MKD_ONLY.ASC
NCOLS                318
NROWS                364
XLLCORNER      400000.00
YLLCORNER      907000.00
CELLSIZE         1000.00
NODATA_VALUE    0.3402823E+39
[rows 144 to 167 of 364, columns 110 to 164 of 318]
0.1979539 0.2015136 0.2051905 0.2093554 0.2126243 0.2156738 0.2176025 0.2208653 0.2255980 0.2276385 0.2297044 0.2319627 0.2342700 0.2346422 0.2363379 0.2407674 0.2432021 0.2439421 0.2463273 0.2491504 0.2516137 0.2544649 0.2572194 0.2621111 0.2631882 0.2663023 0.2714061 0.2727195 0.2757173 0.2799379 0.2864134 0.2941902 0.2993098 0.3033807 0.3073699 0.3100336 0.3152032 0.3176924 0.3211229 0.3248456 0.3265544 0.3292589 0.3313901 0.3327323 0.3341398 0.3360439 0.3360907 0.3365954 0.3366892 0.3357034 0.3340019 0.3309696 0.3272951 0.3226348 0.3163543
0.2025329 0.2061879 0.2096487 0.2128397 0.2159122 0.2176050 0.2213632 0.2262612 0.2299376 0.2314500 0.2338874 0.2359846 0.2379886 0.2382486 0.2422446 0.2447187 0.2470895 0.2495023 0.2498505 0.2522823 0.2546650 0.2571773 0.2615614 0.2642736 0.2670552 0.2671718 0.2698342 0.2747597 0.2766699 0.2833285 0.2889572 0.2962526 0.3012241 0.3048218 0.3085898 0.3110750 0.3149350 0.3188580 0.3225193 0.3264320 0.3279207 0.3306834 0.3316373 0.3332983 0.3357982 0.3371006 0.3367674 0.3372435 0.3368091 0.3355875 0.3335378 0.3307474 0.3274336 0.3224618 0.3169820
0.2069636 0.2096718 0.2137656 0.2166891 0.2198141 0.2217452 0.2266146 0.2298593 0.2327313 0.2351900 0.2375588 0.2396136 0.2397273 0.2416499 0.2440050 0.2485064 0.2508773 0.2531475 0.2554922 0.2554589 0.2574307 0.2600030 0.2620314 0.2664488 0.2684134 0.2704614 0.2700437 0.2740044 0.2805712 0.2879295 0.2912527 0.2962734 0.3029951 0.3067697 0.3110266 0.3130668 0.3166906 0.3222922 0.3244404 0.3274550 0.3298368 0.3319564 0.3329511 0.3346588 0.3362495 0.3369623 0.3375543 0.3376716 0.3366958 0.3356276 0.3340393 0.3315328 0.3279308 0.3227715 0.3163499
0.2115091 0.2143322 0.2172242 0.2205739 0.2217494 0.2250134 0.2298009 0.2329327 0.2358029 0.2387069 0.2403027 0.2405940 0.2426180 0.2464631 0.2473218 0.2496584 0.2537863 0.2561341 0.2582488 0.2579782 0.2619686 0.2617488 0.2632813 0.2649499 0.2686392 0.2702378 0.2718705 0.2783480 0.2832767 0.2903128 0.2949345 0.2979105 0.3048688 0.3072436 0.3112885 0.3155055 0.3192692 0.3237719 0.3255680 0.3281911 0.3318200 0.3331348 0.3343275 0.3365116 0.3379097 0.3380712 0.3387709 0.3383850 0.3379088 0.3368302 0.3346579 0.3319427 0.3284540 0.3234622 0.3166417
0.2153783 0.2183611 0.2215648 0.2226194 0.2249627 0.2296029 0.2339665 0.2371188 0.2393232 0.2421452 0.2424501 0.2438276 0.2478641 0.2501072 0.2526286 0.2526553 0.2545185 0.2589104 0.2585850 0.2604381 0.2643595 0.2658966 0.2645479 0.2657407 0.2663736 0.2695885 0.2765595 0.2834443 0.2858943 0.2910385 0.2977848 0.3011148 0.3055040 0.3094061 0.3142655 0.3168979 0.3209297 0.3253856 0.3274054 0.3300636 0.3331236 0.3343142 0.3363200 0.3378819 0.3390436 0.3392653 0.3393842 0.3393090 0.3394904 0.3380325 0.3357295 0.3328596 0.3292423 0.3246187 0.3178248
0.2191905 0.2216265 0.2230215 0.2261879 0.2294189 0.2298521 0.2360259 0.2409739 0.2431947 0.2451608 0.2454766 0.2487582 0.2505712 0.2531619 0.2557921 0.2577366 0.2570873 0.2592558 0.2610106 0.2647786 0.2663436 0.2674059 0.2658897 0.2658154 0.2683731 0.2744527 0.2815200 0.2867668 0.2906986 0.2938474 0.2986137 0.3031267 0.3076881 0.3129864 0.3163466 0.3199332 0.3227516 0.3261701 0.3290350 0.3315298 0.3337235 0.3362820 0.3385531 0.3396355 0.3399953 0.3405481 0.3411226 0.3410887 0.3409165 0.3387984 0.3368630 0.3343967 0.3309713 0.3264681 0.3199430
0.2223959 0.2235709 0.2267231 0.2311319 0.2313229 0.2321767 0.2397919 0.2437942 0.2460567 0.2461641 0.2480958 0.2513811 0.2533325 0.2555802 0.2581075 0.2603921 0.2594092 0.2616108 0.2632769 0.2647321 0.2680659 0.2690910 0.2697741 0.2683300 0.2733032 0.2777906 0.2829989 0.2899452 0.2942401 0.2983617 0.3008057 0.3051192 0.3100354 0.3153496 0.3187392 0.3224592 0.3249780 0.3281811 0.3309810 0.3326907 0.3355644 0.3387799 0.3406738 0.3412425 0.3420829 0.3424104 0.3426528 0.3430300 0.3427864 0.3409994 0.3388815 0.3365546 0.3335252 0.3296533 0.3229194
0.2255466 0.2267978 0.2315396 0.2344638 0.2362071 0.2401736 0.2438876 0.2465548 0.2468165 0.2489195 0.2510230 0.2542331 0.2563752 0.2588538 0.2608266 0.2603265 0.2622064 0.2663932 0.2677329 0.2667410 0.2677168 0.2707994 0.2693310 0.2711502 0.2771896 0.2817149 0.2863994 0.2928269 0.2969424 0.2995723 0.3037513 0.3095117 0.3127510 0.3179476 0.3215447 0.3240806 0.3268966 0.3311121 0.3338697 0.3357400 0.3380855 0.3401328 0.3417865 0.3433485 0.3450609 0.3438591 0.3445275 0.3445878 0.3444930 0.3431956 0.3415012 0.3393596 0.3365011 0.3318788 0.3265717
0.2267064 0.2295395 0.2351169 0.2381741 0.2400708 0.2435786 0.2468814 0.2468674 0.2484061 0.2540218 0.2539654 0.2554920 0.2580134 0.2625410 0.2615200 0.2625990 0.2671360 0.2688628 0.2699332 0.2708496 0.2696400 0.2700434 0.2720511 0.2796780 0.2832026 0.2854639 0.2897243 0.2942593 0.2985034 0.3026389 0.3082536 0.3127014 0.3156293 0.3194805 0.3230855 0.3265682 0.3289270 0.3320724 0.3349543 0.3374935 0.3401083 0.3422313 0.3437911 0.3448828 0.3459275 0.3462433 0.3468598 0.3471723 0.3457192 0.3444650 0.3439407 0.3422403 0.3391997 0.3357003 0.3319183
0.2305954 0.2347955 0.2385926 0.2416330 0.2438974 0.2462443 0.2482623 0.2485305 0.2531531 0.2567053 0.2576071 0.2609499 0.2610102 0.2627276 0.2632434 0.2669582 0.2693611 0.2710386 0.2723494 0.2725177 0.2709992 0.2726838 0.2779432 0.2816814 0.2874655 0.2911233 0.2933756 0.2977161 0.3019112 0.3073357 0.3113581 0.3155754 0.3193047 0.3219533 0.3256086 0.3299247 0.3322958 0.3344089 0.3371053 0.3395622 0.3422320 0.3449496 0.3464178 0.3467731 0.3474025 0.3479887 0.3482729 0.3484606 0.3475968 0.3467419 0.3463936 0.3449079 0.3421946 0.3398988 0.3375815
0.2360969 0.2389419 0.2418745 0.2447713 0.2473377 0.2497037 0.2496818 0.2515813 0.2569706 0.2595923 0.2618992 0.2641005 0.2637056 0.2651888 0.2657878 0.2693642 0.2712429 0.2732232 0.2741640 0.2720929 0.2739620 0.2788171 0.2843404 0.2862040 0.2899627 0.2953952 0.2976014 0.3014687 0.3053694 0.3093235 0.3144963 0.3172176 0.3208190 0.3244427 0.3287721 0.3321506 0.3350253 0.3370187 0.3395698 0.3426179 0.3451762 0.3472018 0.3487126 0.3497860 0.3505231 0.3504133 0.3502650 0.3502157 0.3501044 0.3493553 0.3483331 0.3470941 0.3454400 0.3438399 0.3425945
0.2397441 0.2425429 0.2455228 0.2482702 0.2507126 0.2513292 0.2536377 0.2579348 0.2602404 0.2617533 0.2642442 0.2666837 0.2662975 0.2698737 0.2687413 0.2699047 0.2717029 0.2753855 0.2739317 0.2753597 0.2821944 0.2830201 0.2866845 0.2923998 0.2940249 0.2978973 0.3020666 0.3053187 0.3090841 0.3128936 0.3166649 0.3204567 0.3252285 0.3280756 0.3313806 0.3346429 0.3370396 0.3397976 0.3424413 0.3450170 0.3474805 0.3488553 0.3505356 0.3521033 0.3526780 0.3531431 0.3532493 0.3529887 0.3529363 0.3522941 0.3507626 0.3495216 0.3481562 0.3468512 0.3458785
0.2433348 0.2462007 0.2490627 0.2517146 0.2540740 0.2545778 0.2567962 0.2589701 0.2633101 0.2653993 0.2675174 0.2672311 0.2687514 0.2723719 0.2739073 0.2753402 0.2743191 0.2751822 0.2766035 0.2835172 0.2867862 0.2893202 0.2911308 0.2951125 0.3000221 0.3020329 0.3058080 0.3092875 0.3132689 0.3169362 0.3202628 0.3250173 0.3279165 0.3314280 0.3342111 0.3372040 0.3399486 0.3432094 0.3450962 0.3480228 0.3503734 0.3511187 0.3524660 0.3540733 0.3550825 0.3556210 0.3558345 0.3555513 0.3551902 0.3538347 0.3527907 0.3516922 0.3503092 0.3489850 0.3479395
0.2466979 0.2495919 0.2523610 0.2549661 0.2555165 0.2577671 0.2619381 0.2620607 0.2642315 0.2662391 0.2682007 0.2705678 0.2737166 0.2752133 0.2765600 0.2778870 0.2765500 0.2780381 0.2828413 0.2862105 0.2915030 0.2947615 0.2979754 0.2995975 0.3029276 0.3063851 0.3112176 0.3134038 0.3169393 0.3209856 0.3240792 0.3275991 0.3315074 0.3347759 0.3380957 0.3403569 0.3431496 0.3461910 0.3477897 0.3499584 0.3525169 0.3541773 0.3559574 0.3569808 0.3580028 0.3576330 0.3575622 0.3574173 0.3569100 0.3557467 0.3548033 0.3537216 0.3521445 0.3504509 0.3489791
0.2500594 0.2529199 0.2556950 0.2582696 0.2589737 0.2631640 0.2653843 0.2673610 0.2693483 0.2691597 0.2711408 0.2753876 0.2770464 0.2778430 0.2790926 0.2784517 0.2798644 0.2841007 0.2894576 0.2912189 0.2948711 0.2983707 0.3030628 0.3045281 0.3074316 0.3107970 0.3141797 0.3188108 0.3210508 0.3250279 0.3279947 0.3313757 0.3351490 0.3384733 0.3421766 0.3438655 0.3471342 0.3495857 0.3515256 0.3533247 0.3558248 0.3575764 0.3587740 0.3593255 0.3605914 0.3608022 0.3603138 0.3599429 0.3592228 0.3579684 0.3568022 0.3557749 0.3541672 0.3521853 0.3515183
0.2535208 0.2563544 0.2592446 0.2604391 0.2627659 0.2667724 0.2688277 0.2706763 0.2703693 0.2722862 0.2743145 0.2762885 0.2794594 0.2806000 0.2796062 0.2810245 0.2878965 0.2885275 0.2918489 0.2976852 0.3014177 0.3032999 0.3055632 0.3091015 0.3141590 0.3168600 0.3185840 0.3218994 0.3252905 0.3298732 0.3328345 0.3351510 0.3388721 0.3423480 0.3439613 0.3473950 0.3506666 0.3530668 0.3544728 0.3567275 0.3590184 0.3610294 0.3616467 0.3623024 0.3632234 0.3638841 0.3637173 0.3626347 0.3617524 0.3604074 0.3588239 0.3573359 0.3556733 0.3539576 0.3539726
0.2571818 0.2599397 0.2631926 0.2645480 0.2688326 0.2706383 0.2722863 0.2720102 0.2737352 0.2778338 0.2798871 0.2790651 0.2800957 0.2811134 0.2826275 0.2874675 0.2927702 0.2961005 0.2974887 0.3007266 0.3055122 0.3070206 0.3101816 0.3136369 0.3184036 0.3213292 0.3245218 0.3263501 0.3296396 0.3339201 0.3376220 0.3405163 0.3430206 0.3456740 0.3479656 0.3518972 0.3545628 0.3570584 0.3585865 0.3611248 0.3622691 0.3634289 0.3645645 0.3655510 0.3660073 0.3658801 0.3661341 0.3653317 0.3643280 0.3630295 0.3609920 0.3590170 0.3571547 0.3570312 0.3560356
0.2591702 0.2638410 0.2670997 0.2683926 0.2727771 0.2744004 0.2759197 0.2755337 0.2796102 0.2813901 0.2831081 0.2841342 0.2831510 0.2844218 0.2891553 0.2925717 0.2960166 0.3011351 0.3041837 0.3055963 0.3087319 0.3118445 0.3164217 0.3182154 0.3212888 0.3244730 0.3276736 0.3308986 0.3351436 0.3382604 0.3399594 0.3436625 0.3478509 0.3500768 0.3530303 0.3562490 0.3586838 0.3605372 0.3626020 0.3644451 0.3655874 0.3668573 0.3678983 0.3685977 0.3693408 0.3691515 0.3692487 0.3684102 0.3670768 0.3654563 0.3635544 0.3613032 0.3609095 0.3599616 0.3591290
0.2631491 0.2677059 0.2694848 0.2724804 0.2768063 0.2784291 0.2779963 0.2797038 0.2834905 0.2850540 0.2868071 0.2878839 0.2867593 0.2932159 0.2943846 0.2979147 0.3014075 0.3044375 0.3094054 0.3105488 0.3136850 0.3169470 0.3216797 0.3250001 0.3277053 0.3290605 0.3321895 0.3365691 0.3395532 0.3415852 0.3449237 0.3489843 0.3518193 0.3543398 0.3583310 0.3602821 0.3619974 0.3644344 0.3666364 0.3682637 0.3693768 0.3707830 0.3716026 0.3722426 0.3734352 0.3731273 0.3724889 0.3718277 0.3700045 0.3681928 0.3659052 0.3653862 0.3642237 0.3631737 0.3620082
0.2678309 0.2704260 0.2740975 0.2788628 0.2811849 0.2808686 0.2828687 0.2874420 0.2877656 0.2892772 0.2912354 0.2907394 0.2937374 0.2987096 0.3018405 0.3030665 0.3057759 0.3091510 0.3131739 0.3159684 0.3206551 0.3223013 0.3252639 0.3296361 0.3324634 0.3340772 0.3369682 0.3398420 0.3428870 0.3449699 0.3501791 0.3533099 0.3556181 0.3597818 0.3633563 0.3639662 0.3662162 0.3689255 0.3703661 0.3721638 0.3736127 0.3756347 0.3760260 0.3768924 0.3779310 0.3766828 0.3758006 0.3748567 0.3734613 0.3708413 0.3689057 0.3678744 0.3671296 0.3659114 0.3646150
0.2730366 0.2778110 0.2812414 0.2841231 0.2843872 0.2862264 0.2898179 0.2915879 0.2921383 0.2935763 0.2928876 0.2972463 0.2995696 0.3044253 0.3074600 0.3104146 0.3114973 0.3147293 0.3187084 0.3214234 0.3260837 0.3292960 0.3305190 0.3331499 0.3360417 0.3390853 0.3429466 0.3448799 0.3476883 0.3506704 0.3543587 0.3581909 0.3618976 0.3654152 0.3667558 0.3686044 0.3707236 0.3727522 0.3746643 0.3759386 0.3781067 0.3803552 0.3802567 0.3807258 0.3808484 0.3817683 0.3801984 0.3783970 0.3761955 0.3744833 0.3726542 0.3710752 0.3698443 0.3687024 0.3678535
0.2782263 0.2821728 0.2866541 0.2882595 0.2907057 0.2937271 0.2965376 0.2975174 0.2975442 0.2959762 0.2999308 0.3045177 0.3057391 0.3091673 0.3134658 0.3161168 0.3172589 0.3206558 0.3242007 0.3268087 0.3297995 0.3345008 0.3373113 0.3386264 0.3416054 0.3458455 0.3482097 0.3502152 0.3533267 0.3572178 0.3601119 0.3629485 0.3666664 0.3699565 0.3715116 0.3738071 0.3758119 0.3770363 0.3791847 0.3809606 0.3826238 0.3841712 0.3850249 0.3855964 0.3855096 0.3839678 0.3828895 0.3811474 0.3796683 0.3772618 0.3761889 0.3728421 0.3722105 0.3714648 0.3711206
0.2847408 0.2881687 0.2918506 0.2951080 0.2997521 0.3020907 0.3036413 0.3041937 0.3015964 0.3043612 0.3083819 0.3106944 0.3134213 0.3147005 0.3178744 0.3204124 0.3236511 0.3282461 0.3296275 0.3335635 0.3349883 0.3380976 0.3425260 0.3442584 0.3475979 0.3516582 0.3537519 0.3554673 0.3593533 0.3622824 0.3651794 0.3673932 0.3719011 0.3744064 0.3761177 0.3785872 0.3811711 0.3821687 0.3843003 0.3860619 0.3876136 0.3894456 0.3909656 0.3921604 0.3906495 0.3876127 0.3882487 0.3850565 0.3827197 0.3813295 0.3799843 0.3761957 0.3750656 0.3735427 0.3724420
0.2909511 0.2948638 0.2996708 0.3057701 0.3084861 0.3102822 0.3112919 0.3086248 0.3102606 0.3117601 0.3156541 0.3181590 0.3201455 0.3219404 0.3230920 0.3257757 0.3306547 0.3338670 0.3347430 0.3372299 0.3417279 0.3434568 0.3466563 0.3498867 0.3530710 0.3568130 0.3580111 0.3607208 0.3645547 0.3676217 0.3700775 0.3728893 0.3759835 0.3773412 0.3800197 0.3832993 0.3871062 0.3886203 0.3898494 0.3920274 0.3935319 0.3951055 0.3966355 0.3969892 0.3958982 0.3932366 0.3917266 0.3885346 0.3853657 0.3833191 0.3817750 0.3794123 0.3778697 0.3762986 0.3745739
