LUCAS_GEMMES_COP27/includes/subsidence/Scenario_B1/tmp/TOT_SUBSIDENCE_2020_SINCE_2018_MKD_ONLY.ASC
NCOLS                318
NROWS                364
XLLCORNER      400000.00
YLLCORNER      907000.00
CELLSIZE         1000.00
NODATA_VALUE    0.3402823E+39
[rows 132 to 153 of 364, columns 100 to 149 of 318]
6.0772598E-03 6.1090067E-03 6.1589032E-03 6.1817691E-03 6.2045828E-03 6.2318221E-03 6.2484294E-03 6.2801316E-03 6.3257590E-03 6.3553154E-03 6.4466447E-03 6.5794289E-03 6.4465329E-03 6.3957348E-03 6.4047277E-03 6.4212158E-03 6.4923540E-03 6.6367909E-03 6.8391934E-03 7.0353299E-03 7.3506609E-03 7.5756684E-03 7.8087598E-03 7.9945847E-03 8.2344115E-03 8.4384456E-03 8.6385235E-03 8.7833405E-03 8.9228898E-03 9.1964453E-03 9.3907416E-03 9.6948147E-03 1.0031089E-02 1.0292768E-02 1.0603711E-02 1.0933325E-02 1.1269197E-02 1.1553705E-02 1.1860669E-02 1.2216955E-02 1.2643576E-02 1.2923494E-02 1.3116226E-02 1.3379276E-02 1.3649628E-02 1.3992190E-02 1.4341429E-02 1.4681667E-02 1.4986292E-02 1.5300408E-02
6.1311871E-03 6.2070563E-03 6.2564984E-03 6.3043386E-03 6.3449740E-03 6.3918903E-03 6.4320862E-03 6.4815581E-03 6.5128729E-03 6.5425485E-03 6.6272318E-03 6.6985935E-03 6.6095963E-03 6.5663308E-03 6.5727457E-03 6.5579712E-03 6.6235885E-03 6.7216530E-03 7.0077106E-03 7.3740408E-03 7.6607466E-03 7.8797787E-03 8.1467181E-03 8.3384886E-03 8.5808188E-03 8.7785497E-03 9.0306997E-03 9.1434568E-03 9.3108118E-03 9.5497072E-03 9.7298175E-03 1.0032639E-02 1.0343090E-02 1.0533288E-02 1.0844156E-02 1.1239007E-02 1.1578709E-02 1.1873692E-02 1.2219772E-02 1.2646466E-02 1.2960315E-02 1.3180882E-02 1.3387322E-02 1.3630792E-02 1.3945028E-02 1.4280111E-02 1.4636055E-02 1.4927477E-02 1.5378579E-02 1.5561998E-02
6.2247068E-03 6.3257143E-03 6.3948184E-03 6.4445809E-03 6.4937398E-03 6.5526664E-03 6.6138133E-03 6.6459477E-03 6.6835210E-03 6.7409351E-03 6.8136528E-03 6.8397000E-03 6.8117380E-03 6.7423955E-03 6.7082793E-03 6.6682398E-03 3.4028235E+38 3.4028235E+38 3.4028235E+38 7.6980591E-03 7.9973266E-03 8.1386641E-03 8.5152835E-03 8.7009370E-03 8.9387372E-03 9.1252699E-03 9.3490332E-03 9.5499605E-03 9.7397268E-03 9.9207312E-03 1.0098919E-02 1.0346293E-02 1.0571033E-02 1.0812744E-02 1.1272997E-02 1.1600167E-02 1.1864975E-02 1.2206852E-02 1.2498572E-02 1.2960762E-02 1.3210058E-02 1.3479292E-02 1.3787448E-02 1.4052361E-02 1.4318123E-02 1.4665112E-02 1.4974698E-02 1.5237615E-02 1.5471563E-02 1.5671730E-02
6.3712820E-03 6.4655393E-03 6.5525919E-03 6.6450909E-03 6.6853017E-03 6.7478940E-03 6.8125501E-03 6.8503991E-03 6.9122612E-03 6.9960058E-03 7.0377663E-03 7.0679039E-03 7.0385262E-03 6.9475546E-03 6.8970770E-03 3.4028235E+38 3.4028235E+38 3.4028235E+38 3.4028235E+38 8.0627799E-03 8.3968192E-03 3.4028235E+38 8.8350996E-03 9.1024041E-03 9.3044192E-03 9.4602257E-03 9.6961111E-03 9.7381771E-03 1.0020062E-02 1.0171279E-02 1.0410652E-02 1.0692134E-02 1.0879010E-02 1.1120498E-02 1.1524439E-02 1.1826664E-02 1.2177497E-02 1.2478560E-02 1.2741372E-02 1.3070494E-02 1.3385311E-02 1.3738081E-02 1.4025047E-02 1.4301598E-02 1.4592618E-02 1.4907241E-02 1.5183300E-02 1.5401915E-02 1.5597105E-02 1.5859425E-02
6.5410212E-03 6.6380575E-03 6.7241415E-03 6.8007261E-03 6.9101080E-03 6.9613382E-03 7.0374012E-03 7.0876926E-03 7.1902052E-03 7.2698370E-03 7.3311776E-03 7.3681250E-03 7.3295459E-03 7.1134567E-03 7.0161000E-03 3.4028235E+38 3.4028235E+38 3.4028235E+38 3.4028235E+38 3.4028235E+38 8.8369101E-03 3.4028235E+38 9.2560723E-03 9.4964206E-03 9.6200407E-03 9.8039061E-03 9.9640787E-03 9.9902749E-03 1.0142118E-02 1.0408759E-02 1.0759771E-02 1.1010811E-02 1.1197463E-02 1.1465147E-02 1.1798620E-02 1.2096405E-02 1.2414008E-02 1.2719646E-02 1.2960210E-02 1.3278231E-02 1.3668701E-02 1.3928309E-02 1.4180467E-02 1.4468417E-02 1.4767051E-02 1.5063077E-02 1.5286207E-02 1.5511528E-02 1.5720725E-02 1.5933529E-02
6.7049563E-03 6.8136528E-03 6.9177002E-03 7.0232451E-03 7.1022883E-03 7.1957186E-03 7.2615892E-03 7.3549822E-03 7.4819103E-03 7.5829253E-03 7.6645166E-03 7.7572316E-03 7.8083053E-03 3.4028235E+38 3.4028235E+38 3.4028235E+38 3.4028235E+38 3.4028235E+38 3.4028235E+38 9.7845048E-03 9.5031261E-03 9.6270591E-03 9.7264349E-03 9.9032223E-03 1.0008916E-02 1.0204300E-02 1.0300025E-02 1.0316983E-02 1.0480955E-02 1.0722667E-02 1.1056796E-02 1.1300862E-02 1.1536732E-02 1.1740252E-02 1.2085050E-02 1.2326643E-02 1.2631357E-02 1.2843877E-02 1.3145372E-02 1.3437748E-02 1.3727516E-02 1.4084756E-02 1.4359534E-02 1.4640257E-02 1.4947936E-02 1.5173227E-02 1.5394568E-02 1.5680805E-02 1.5911892E-02 1.5999705E-02
6.9028959E-03 7.0300251E-03 7.1358979E-03 7.2343424E-03 7.3496252E-03 7.4192360E-03 7.5304806E-03 7.6678544E-03 7.7847317E-03 7.9060569E-03 8.0244765E-03 8.1406459E-03 8.2525983E-03 8.2173422E-03 8.2233176E-03 3.4028235E+38 3.4028235E+38 3.4028235E+38 1.0119990E-02 1.0055035E-02 1.0018006E-02 1.0094658E-02 1.0194317E-02 1.0235190E-02 1.0350898E-02 1.0514066E-02 1.0639504E-02 1.0762870E-02 1.0871306E-02 1.1059329E-02 1.1271074E-02 1.1515409E-02 1.1797681E-02 1.1968002E-02 1.2250945E-02 1.2574300E-02 1.2809679E-02 1.3081297E-02 1.3447315E-02 1.3719141E-02 1.3899863E-02 1.4261678E-02 1.4548063E-02 1.4850512E-02 1.5044123E-02 1.5275747E-02 1.5501186E-02 1.5808359E-02 1.6000584E-02 1.6081035E-02
7.1365386E-03 7.2542280E-03 7.3720366E-03 7.4926540E-03 7.5747371E-03 7.6842159E-03 7.8236833E-03 7.9496577E-03 8.0950484E-03 8.2230121E-03 8.3326995E-03 8.4749162E-03 8.4996596E-03 8.3701685E-03 3.4028235E+38 3.4028235E+38 3.4028235E+38 1.0237023E-02 1.0238633E-02 1.0267705E-02 1.0248601E-02 1.0271952E-02 1.0459319E-02 1.0541171E-02 1.0678619E-02 1.0803476E-02 1.0930881E-02 1.1003301E-02 1.1192009E-02 1.1412486E-02 1.1609823E-02 1.1750400E-02 1.2026504E-02 1.2260854E-02 1.2443826E-02 1.2681812E-02 1.2951881E-02 1.3236091E-02 1.3593391E-02 1.3839975E-02 1.4002144E-02 1.4274091E-02 1.4602900E-02 1.4922887E-02 1.5081227E-02 1.5421942E-02 1.5582189E-02 1.5861154E-02 1.6033560E-02 1.6160563E-02
7.3596090E-03 7.4803531E-03 7.6054260E-03 7.6892972E-03 7.8048706E-03 7.9573095E-03 8.0813244E-03 8.1977695E-03 8.3398297E-03 8.4728524E-03 8.6231902E-03 8.7422282E-03 8.9220330E-03 9.1838092E-03 9.6753165E-03 9.7888410E-03 1.0147318E-02 1.0245845E-02 1.0420814E-02 1.0349452E-02 1.0419622E-02 1.0559529E-02 1.0674000E-02 1.0807991E-02 1.0923237E-02 1.1039242E-02 1.1095136E-02 1.1256069E-02 1.1477560E-02 1.1664554E-02 1.1858642E-02 1.1970118E-02 1.2172118E-02 1.2465715E-02 1.2674972E-02 1.2819901E-02 1.3112694E-02 1.3463661E-02 1.3711482E-02 1.3952613E-02 1.4159963E-02 1.4321297E-02 1.4659047E-02 1.4853075E-02 1.5139088E-02 1.5475467E-02 1.5600726E-02 1.5797392E-02 1.6017482E-02 1.6149849E-02
7.5623840E-03 7.7048615E-03 7.8157932E-03 7.9034790E-03 8.0620870E-03 8.1776455E-03 8.3081424E-03 8.4385797E-03 8.5821301E-03 8.7360144E-03 8.8408664E-03 9.0140849E-03 9.2660338E-03 9.5080510E-03 9.7985342E-03 1.0044277E-02 1.0235816E-02 1.0383219E-02 1.0452196E-02 1.0530069E-02 1.0665640E-02 1.0779545E-02 1.0875344E-02 1.1028275E-02 1.1151150E-02 1.1216015E-02 1.1354610E-02 1.1461332E-02 1.1628181E-02 1.1879191E-02 1.2095138E-02 1.2268856E-02 1.2352705E-02 1.2566149E-02 1.2752190E-02 1.2966201E-02 1.3227418E-02 1.3568848E-02 1.3812467E-02 1.4043406E-02 1.4228851E-02 1.4359608E-02 1.4610514E-02 1.4920354E-02 1.5189871E-02 1.5485004E-02 1.5644982E-02 1.5788451E-02 1.5999436E-02 1.6072035E-02
7.8013092E-03 7.9215243E-03 7.9721212E-03 8.1027448E-03 8.2714409E-03 8.4024295E-03 8.5284412E-03 8.6616799E-03 8.8067204E-03 8.9672431E-03 9.0833753E-03 9.3123615E-03 9.5043108E-03 9.7193196E-03 9.9572614E-03 1.0179058E-02 1.0357738E-02 1.0509297E-02 1.0558516E-02 1.0751471E-02 1.0855541E-02 1.0969758E-02 1.1083066E-02 1.1254057E-02 1.1366710E-02 1.1441022E-02 1.1578843E-02 1.1754781E-02 1.1832103E-02 1.2093708E-02 1.2254149E-02 1.2442067E-02 1.2591898E-02 1.2748882E-02 1.2937322E-02 1.3207212E-02 1.3329878E-02 1.3561755E-02 1.3876602E-02 1.4088526E-02 1.4258355E-02 1.4371380E-02 1.4695331E-02 1.5063211E-02 1.5224665E-02 1.5500575E-02 1.5681460E-02 1.5803114E-02 1.5956298E-02 1.6075179E-02
7.9458803E-03 8.0450624E-03 8.1598088E-03 8.3314180E-03 8.4663257E-03 8.6050630E-03 8.7273344E-03 8.8736936E-03 9.0167150E-03 9.1265365E-03 9.3005747E-03 9.5272735E-03 9.7206160E-03 9.9151060E-03 1.0113433E-02 1.0316014E-02 1.0492876E-02 1.0575265E-02 1.0711774E-02 1.0905251E-02 1.1018530E-02 1.1149749E-02 1.1339605E-02 1.1465296E-02 1.1459634E-02 1.1603475E-02 1.1750624E-02 1.1859447E-02 1.2003496E-02 1.2171894E-02 1.2418047E-02 1.2576088E-02 1.2646273E-02 1.2834981E-02 1.3029382E-02 1.3302684E-02 1.3490513E-02 1.3602495E-02 1.3890922E-02 1.4075711E-02 1.4191523E-02 1.4487833E-02 1.4859885E-02 1.5105993E-02 1.5247717E-02 1.5452683E-02 1.5695304E-02 1.5812650E-02 1.5972272E-02 1.6121969E-02
8.1050694E-03 8.2215965E-03 8.3692074E-03 8.4840730E-03 8.6532086E-03 8.7877959E-03 8.9263692E-03 9.0790093E-03 9.1664419E-03 9.3332231E-03 9.5564499E-03 9.7285807E-03 9.9129677E-03 1.0114402E-02 1.0288581E-02 1.0451630E-02 1.0560751E-02 1.0724440E-02 1.0958642E-02 1.1083201E-02 1.1204615E-02 1.1331618E-02 1.1453494E-02 1.1504546E-02 1.1609167E-02 1.1833608E-02 1.1964470E-02 1.2034714E-02 1.2169823E-02 1.2324855E-02 1.2465641E-02 1.2623146E-02 1.2773752E-02 1.3015062E-02 1.3099954E-02 1.3270035E-02 1.3529360E-02 1.3622031E-02 1.3787255E-02 1.3995394E-02 1.4309183E-02 1.4681160E-02 1.4929026E-02 1.5118733E-02 1.5308857E-02 1.5440658E-02 1.5684187E-02 1.5806228E-02 1.5970543E-02 1.6137660E-02
8.2616135E-03 8.4184930E-03 8.5471272E-03 8.6741894E-03 8.8332370E-03 8.9707449E-03 9.1064945E-03 9.2076585E-03 9.3546510E-03 9.5819160E-03 9.7419322E-03 9.9206865E-03 1.0090791E-02 1.0260776E-02 1.0422856E-02 1.0524541E-02 1.0712400E-02 1.0942444E-02 1.1142224E-02 1.1225745E-02 1.1372074E-02 1.1494249E-02 1.1606678E-02 1.1650920E-02 1.1858001E-02 1.1997283E-02 1.2132466E-02 1.2268811E-02 1.2313619E-02 1.2448326E-02 1.2585193E-02 1.2726605E-02 1.2945190E-02 1.3096914E-02 1.3256878E-02 1.3289019E-02 1.3436556E-02 1.3694152E-02 1.3800204E-02 1.4122769E-02 1.4396876E-02 1.4746472E-02 1.4987603E-02 1.5153095E-02 1.5331477E-02 1.5463457E-02 1.5647799E-02 1.5831456E-02 1.6009137E-02 1.6190276E-02
8.4563196E-03 8.5851699E-03 8.7072328E-03 8.8478476E-03 8.9982226E-03 9.1362372E-03 9.2329532E-03 9.3865991E-03 9.5946789E-03 9.7609311E-03 9.9187195E-03 1.0065317E-02 1.0260358E-02 1.0415271E-02 1.0578662E-02 1.0689139E-02 1.0928825E-02 1.1098266E-02 1.1251852E-02 1.1387154E-02 1.1519715E-02 1.1639699E-02 1.1675611E-02 1.1791006E-02 1.1922762E-02 1.2148172E-02 1.2285247E-02 1.2415320E-02 1.2544200E-02 1.2578547E-02 1.2691230E-02 1.2838423E-02 1.2959078E-02 1.3184220E-02 1.3301596E-02 1.3418466E-02 1.3430208E-02 1.3630614E-02 1.3950795E-02 1.4301956E-02 1.4471501E-02 1.4715120E-02 1.5038699E-02 1.5216336E-02 1.5425026E-02 1.5523598E-02 1.5697345E-02 1.5971050E-02 1.6075477E-02 1.6219333E-02
8.5757077E-03 8.7467134E-03 8.8683516E-03 9.0231448E-03 9.1600046E-03 9.2977285E-03 9.3834028E-03 9.5963404E-03 9.7637773E-03 9.9201426E-03 1.0086313E-02 1.0246560E-02 1.0399044E-02 1.0569185E-02 1.0650516E-02 1.0819733E-02 1.1057019E-02 1.1221424E-02 1.1374503E-02 1.1523724E-02 1.1630982E-02 1.1673436E-02 1.1791900E-02 1.1989444E-02 1.2056217E-02 1.2188181E-02 1.2401640E-02 1.2534231E-02 1.2650624E-02 1.2676790E-02 1.2878180E-02 1.2900457E-02 1.2997910E-02 1.3103619E-02 1.3288021E-02 1.3391972E-02 1.3490960E-02 1.3805300E-02 1.4045089E-02 1.4380008E-02 1.4603943E-02 1.4755517E-02 1.5095532E-02 1.5214026E-02 1.5410155E-02 1.5616700E-02 1.5797928E-02 1.6012773E-02 1.6100585E-02 1.6223520E-02
8.7159947E-03 8.8780746E-03 9.0306997E-03 9.1759190E-03 9.3105510E-03 9.3973503E-03 9.5450431E-03 9.7666308E-03 9.9238381E-03 1.0079920E-02 1.0244898E-02 1.0404512E-02 1.0567874E-02 1.0643825E-02 1.0774985E-02 1.1004612E-02 1.1220887E-02 1.1379167E-02 1.1513814E-02 1.1663198E-02 1.1700600E-02 1.1802167E-02 1.2007847E-02 1.2136146E-02 1.2276277E-02 1.2307510E-02 1.2420997E-02 1.2636825E-02 1.2652561E-02 1.2771785E-02 1.2973130E-02 1.3072997E-02 1.3042197E-02 1.3121203E-02 1.3172448E-02 1.3338193E-02 1.3681099E-02 1.4008328E-02 1.4134526E-02 1.4384761E-02 1.4711946E-02 1.4884323E-02 1.5098482E-02 1.5287071E-02 1.5514657E-02 1.5649229E-02 1.5848950E-02 1.6061515E-02 1.6161904E-02 1.6288832E-02
8.8218302E-03 9.0225115E-03 9.1699213E-03 9.3211606E-03 9.4057396E-03 9.5406845E-03 9.7652748E-03 9.9108219E-03 1.0071442E-02 1.0235943E-02 1.0398097E-02 1.0533378E-02 1.0620788E-02 1.0783881E-02 1.0954902E-02 1.1004105E-02 1.1297792E-02 1.1533543E-02 1.1656091E-02 1.1783093E-02 1.1827260E-02 1.2004539E-02 1.2110606E-02 1.2258783E-02 1.2401417E-02 1.2516782E-02 1.2520060E-02 1.2644455E-02 1.2750089E-02 1.2947530E-02 1.3044849E-02 1.3124287E-02 1.3085186E-02 1.3106793E-02 1.3238370E-02 1.3535291E-02 1.3875231E-02 1.4134482E-02 1.4321938E-02 1.4487565E-02 1.4724433E-02 1.4946818E-02 1.5171736E-02 1.5423745E-02 1.5583515E-02 1.5758887E-02 1.5906781E-02 1.6073793E-02 1.6212121E-02 1.6330957E-02
8.9598224E-03 9.1108978E-03 9.2980266E-03 9.4088092E-03 9.5606521E-03 9.7401589E-03 9.8970681E-03 1.0074414E-02 1.0231622E-02 1.0383546E-02 1.0527149E-02 1.0605097E-02 1.0765940E-02 1.0984585E-02 1.1023968E-02 1.1091486E-02 1.1447623E-02 1.1637047E-02 1.1769399E-02 1.1812687E-02 1.1929393E-02 1.2100741E-02 1.2218177E-02 1.2345567E-02 1.2488410E-02 1.2619287E-02 1.2607977E-02 1.2734473E-02 1.2836784E-02 1.2930304E-02 1.3099283E-02 1.3172567E-02 1.3232961E-02 1.3193518E-02 1.3443679E-02 1.3659984E-02 1.3918191E-02 1.4252901E-02 1.4463007E-02 1.4664471E-02 1.4793888E-02 1.5006542E-02 1.5252411E-02 1.5506297E-02 1.5670061E-02 1.5855223E-02 1.5985921E-02 1.6142443E-02 1.6265899E-02 1.6354546E-02
9.1373250E-03 9.2415139E-03 9.4004571E-03 9.5577911E-03 9.7474903E-03 9.8990500E-03 1.0040820E-02 1.0204010E-02 1.0361359E-02 1.0508709E-02 1.0652333E-02 1.0733098E-02 1.0962158E-02 1.1119172E-02 1.1220783E-02 1.1422351E-02 1.1606306E-02 1.1740655E-02 1.1795864E-02 1.1918887E-02 1.2042329E-02 1.2209117E-02 1.2333319E-02 1.2475327E-02 1.2593091E-02 1.2603045E-02 1.2716562E-02 1.2929559E-02 1.3013065E-02 1.3000652E-02 1.3074860E-02 1.3235584E-02 1.3197914E-02 1.3299301E-02 1.3594195E-02 1.3816357E-02 1.4045358E-02 1.4354333E-02 1.4556572E-02 1.4695704E-02 1.4901862E-02 1.5180215E-02 1.5352547E-02 1.5602484E-02 1.5779391E-02 1.5911549E-02 1.6047537E-02 1.6250983E-02 1.6385794E-02 1.6482055E-02
9.2692003E-03 9.4059855E-03 9.5409453E-03 9.7063556E-03 9.8874941E-03 1.0041445E-02 1.0186687E-02 1.0352917E-02 1.0512218E-02 1.0649040E-02 1.0694608E-02 1.0841578E-02 1.1102811E-02 1.1261538E-02 1.1370569E-02 1.1553079E-02 1.1722177E-02 1.1755943E-02 1.1849955E-02 1.2125134E-02 1.2155101E-02 1.2252986E-02 1.2393504E-02 1.2614980E-02 1.2609199E-02 1.2688354E-02 1.2917489E-02 1.3019338E-02 1.3090491E-02 1.3162091E-02 1.3148054E-02 1.3198957E-02 1.3298765E-02 1.3661116E-02 1.3833478E-02 1.3966739E-02 1.4177933E-02 1.4395401E-02 1.4605850E-02 1.4810398E-02 1.5080288E-02 1.5304744E-02 1.5460745E-02 1.5651852E-02 1.5829980E-02 1.6002089E-02 1.6112626E-02 1.6268551E-02 1.6411319E-02 1.6535208E-02
9.3488321E-03 9.5142201E-03 9.6623525E-03 9.8205060E-03 9.9707171E-03 1.0172874E-02 1.0332264E-02 1.0492153E-02 1.0645300E-02 1.0721013E-02 1.0848284E-02 1.1050537E-02 1.1240035E-02 1.1397079E-02 1.1525586E-02 1.1656329E-02 1.1768848E-02 1.1814460E-02 1.2039721E-02 1.2227625E-02 1.2294501E-02 1.2474194E-02 1.2507677E-02 1.2614220E-02 1.2670353E-02 1.2863547E-02 1.3000548E-02 1.3096169E-02 1.3186947E-02 1.3233602E-02 1.3199881E-02 1.3293013E-02 1.3545707E-02 1.3726339E-02 1.4003381E-02 1.4197543E-02 1.4320165E-02 1.4527053E-02 1.4737308E-02 1.4997229E-02 1.5197843E-02 1.5410662E-02 1.5597865E-02 1.5738472E-02 1.5920952E-02 1.6128108E-02 1.6240001E-02 1.6351074E-02 1.6483635E-02 1.6603664E-02
