LUCAS_GEMMES_COP27/includes/subsidence/Scenario_B1/tmp/TOT_SUBSIDENCE_2070_SINCE_2018_MKD_ONLY.ASC
NCOLS                318
NROWS                364
XLLCORNER      400000.00
YLLCORNER      907000.00
CELLSIZE         1000.00
NODATA_VALUE    0.3402823E+39
[rows 120 to 143 of 364, columns 165 to 219 of 318]
0.2670405 0.2606401 0.2581158 0.2562196 0.2556692 0.2544154 0.2516667 0.2500378 0.2485299 0.2469982 0.2445259 0.2430859 0.2443646 0.2435106 0.2425070 0.2427433 0.2442729 0.2436949 0.2439516 0.2438683 0.2436187 0.2438804 0.2437610 0.2445129 0.2448671 0.2443414 0.2452188 0.2456139 0.2455277 0.2458564 0.2466089 0.2468843 0.2469728 0.2466328 0.2473757 0.2474988 0.2474873 0.2475749 0.2470831 0.2512328 0.2557052 0.2616251 0.2664286 0.2698691 0.2732923 0.2768102 0.2805221 0.2867193 0.2928424 0.2957614 0.2998454 0.3041950 0.3082936 0.3120121 0.3172494
0.2652921 0.2633325 0.2617883 0.2605144 0.2589360 0.2570089 0.2554378 0.2541160 0.2533911 0.2507822 0.2500525 0.2456257 0.2451957 0.2449339 0.2453751 0.2463763 0.2465411 0.2457637 0.2460616 0.2458160 0.2454913 0.2450376 0.2451054 0.2456219 0.2457879 0.2453305 0.2461564 0.2465136 0.2461787 0.2463136 0.2464446 0.2472381 0.2472633 0.2466580 0.2472150 0.2473554 0.2472648 0.2469763 0.2473040 0.2532381 0.2581540 0.2631864 0.2680444 0.2737435 0.2758369 0.2786898 0.2846192 0.2892993 0.2955318 0.2997055 0.3021363 0.3059483 0.3119820 0.3139136 0.3156694
0.2691011 0.2664288 0.2653865 0.2655798 0.2639149 0.2604202 0.2586811 0.2583573 0.2576303 0.2545541 0.2540370 0.2515926 0.2507103 0.2446615 0.2443979 0.2477946 0.2476316 0.2477338 0.2478505 0.2477617 0.2470649 0.2468684 0.2468013 0.2472055 0.2469874 0.2467303 0.2473569 0.2473999 0.2468922 0.2474786 0.2469235 0.2476259 0.2475467 0.2467308 0.2474084 0.2472731 0.2471719 0.2473921 0.2508017 0.2556980 0.2623066 0.2673831 0.2708671 0.2754586 0.2811705 0.2834507 0.2895497 0.2920383 0.2964554 0.3023777 0.3036590 0.3083781 0.3102793 0.3137563 0.3167255
0.2735909 0.2723154 0.2709354 0.2683034 0.2651516 0.2653808 0.2629412 0.2627172 0.2592410 0.2573743 0.2554774 0.2534763 0.2521724 0.2504337 0.2465653 0.2458159 0.2479078 0.2475799 0.2472681 0.2492838 0.2486094 0.2487327 0.2481604 0.2480916 0.2478301 0.2477944 0.2483637 0.2482925 0.2475910 0.2481567 0.2474158 0.2480299 0.2478544 0.2468682 0.2475841 0.2473575 0.2467656 0.2479151 0.2534215 0.2587579 0.2640468 0.2706364 0.2756181 0.2786575 0.2829089 0.2867712 0.2926832 0.2962544 0.2974596 0.3023956 0.3028845 0.3068990 0.3107206 0.3132863 0.3138566
0.2781907 0.2773958 0.2757589 0.2716479 0.2691540 0.2673911 0.2675180 0.2662838 0.2621851 0.2603621 0.2589484 0.2573951 0.2557355 0.2541689 0.2522225 0.2475701 0.2507262 0.2501480 0.2479627 0.2503592 0.2503597 0.2506347 0.2499509 0.2494557 0.2490115 0.2492530 0.2491083 0.2483264 0.2481805 0.2488690 0.2480402 0.2477117 0.2472846 0.2469784 0.2476319 0.2475156 0.2476153 0.2524782 0.2564532 0.2634897 0.2671863 0.2742824 0.2793627 0.2840658 0.2851568 0.2884411 0.2945784 0.2949450 0.2958873 0.3004801 0.3011462 0.3076771 0.3112560 0.3107526 0.3128747
0.2840568 0.2821866 0.2799156 0.2774917 0.2746984 0.2734160 0.2721384 0.2691679 0.2662117 0.2635491 0.2620485 0.2617421 0.2601532 0.2571589 0.2551354 0.2498873 0.2492952 0.2527829 0.2513797 0.2514494 0.2516526 0.2520062 0.2518258 0.2508770 0.2502787 0.2506386 0.2503399 0.2491225 0.2498663 0.2498752 0.2495604 0.2481191 0.2475469 0.2472729 0.2469611 0.2461203 0.2485083 0.2558124 0.2600624 0.2673340 0.2708663 0.2763065 0.2832975 0.2848069 0.2875974 0.2893215 0.2904381 0.2947931 0.2949404 0.2973720 0.3029192 0.3083730 0.3119590 0.3143792 0.3157251
0.2891938 0.2865537 0.2829560 0.2830912 0.2814695 0.2795563 0.2774546 0.2735850 0.2714556 0.2703699 0.2678771 0.2660200 0.2627715 0.2605071 0.2592187 0.2566051 0.2520155 0.2510532 0.2498581 0.2485114 0.2502348 0.2499022 0.2529011 0.2527608 0.2516533 0.2511989 0.2499520 0.2480894 0.2504757 0.2508493 0.2504837 0.2488643 0.2481459 0.2489243 0.2485238 0.2468282 0.2518298 0.2574504 0.2636000 0.2693727 0.2747524 0.2799476 0.2861965 0.2872447 0.2923856 0.2938420 0.2899092 0.2920032 0.2963816 0.2980943 0.3056613 0.3097888 0.3121545 0.3128767 0.3157435
0.2960222 0.2933412 0.2882332 0.2882791 0.2872757 0.2845116 0.2819372 0.2787771 0.2767301 0.2752017 0.2729499 0.2703789 0.2662914 0.2643704 0.2642040 0.2617511 0.2592780 0.2536469 0.2516449 0.2499545 0.2510258 0.2470099 0.2533078 0.2537562 0.2524035 0.2520125 0.2502521 0.2485517 0.2509290 0.2517672 0.2513013 0.2494931 0.2487705 0.2482511 0.2462089 0.2468227 0.2546266 0.2605946 0.2704455 0.2735372 0.2783827 0.2842624 0.2885497 0.2882267 0.2892401 0.2922268 0.2934737 0.2944744 0.2979527 0.2999119 0.3055413 0.3084877 0.3114968 0.3122533 0.3155524
0.3029111 0.3000975 0.2951506 0.2939535 0.2918783 0.2870662 0.2844218 0.2815701 0.2796455 0.2790942 0.2771210 0.2745508 0.2718797 0.2690417 0.2672908 0.2655403 0.2622673 0.2574694 0.2539662 0.2524993 0.2509394 0.2540349 0.2533801 0.2515895 0.2527385 0.2526257 0.2516728 0.2511650 0.2520711 0.2525932 0.2520353 0.2500844 0.2507542 0.2504070 0.2469558 0.2509788 0.2575080 0.2648124 0.2717612 0.2777889 0.2804491 0.2848874 0.2868942 0.2905976 0.2878691 0.2891423 0.2946662 0.2936008 0.2934977 0.2979052 0.3024185 0.3061529 0.3107139 0.3120856 0.3153010
0.3104193 0.3089821 0.3055614 0.3000230 0.2977900 0.2939117 0.2894075 0.2865748 0.2837009 0.2838690 0.2809306 0.2783903 0.2748303 0.2712440 0.2679809 0.2669877 0.2654235 0.2632005 0.2561641 0.2541162 0.2513241 0.2517797 0.2506982 0.2521589 0.2527653 0.2524168 0.2524887 0.2520992 0.2528886 0.2530240 0.2525290 0.2506942 0.2501871 0.2505324 0.2508584 0.2573540 0.2639955 0.2688777 0.2755067 0.2802659 0.2809418 0.2765915 0.2783183 0.2895136 0.2829046 0.2897684 0.2927230 0.2938370 0.2921025 0.2998854 0.3031067 0.3034703 0.3074573 0.3115916 0.3141152
0.3187252 0.3154570 0.3121624 0.3061115 0.3014033 0.3002803 0.2973455 0.2941611 0.2910401 0.2866936 0.2810014 0.2801120 0.2775379 0.2740006 0.2713431 0.2690067 0.2680159 0.2644807 0.2607359 0.2555118 0.2539207 0.2532892 0.2518898 0.2507350 0.2494256 0.2485355 0.2513998 0.2500263 0.2500695 0.2519714 0.2528437 0.2514489 0.2539910 0.2519468 0.2532778 0.2623187 0.2725110 0.2786130 0.2832249 0.2835086 0.2755372 0.2785794 0.2910593 0.2951033 0.2925133 0.2869910 0.2887151 0.2910103 0.2935816 0.2963959 0.2986140 0.3007013 0.3063931 0.3108197 0.3134339
0.3272001 0.3228578 0.3186345 0.3147290 0.3095658 0.3058626 0.3030090 0.2990687 0.2951204 0.2899483 0.2867969 0.2827353 0.2821322 0.2794820 0.2770469 0.2741887 0.2692702 0.2658712 0.2643285 0.2584682 0.2564854 0.2533917 0.2528062 0.2517301 0.2502320 0.2489383 0.2481510 0.2514938 0.2488889 0.2511434 0.2514328 0.2522179 0.2509567 0.2510462 0.2587984 0.2700136 0.2771592 0.2826616 0.2844162 0.2770060 0.2784452 0.2913497 0.2929358 0.2943343 0.2956592 0.2956442 0.2908437 0.2922202 0.2944602 0.2973694 0.2997226 0.3023938 0.3057803 0.3090079 0.3117928
0.3355550 0.3304775 0.3256483 0.3196936 0.3132568 0.3112522 0.3081245 0.3036064 0.2997675 0.2947522 0.2903574 0.2869346 0.2836480 0.2824214 0.2811031 0.2779577 0.2733054 0.2690081 0.2669452 0.2631347 0.2602683 0.2563425 0.2539116 0.2524801 0.2510189 0.2493644 0.2475906 0.2464438 0.2448298 0.2497800 0.2508335 0.2529326 0.2588139 0.2613447 0.2657044 0.2752359 0.2806960 0.2829206 0.2790686 0.2812721 0.2931940 0.2969723 0.2982078 0.2987964 0.2979002 0.2985779 0.2980636 0.2940615 0.2959224 0.2983932 0.3010151 0.3038436 0.3066100 0.3096105 0.3125382
0.3438320 0.3381995 0.3324770 0.3265293 0.3197715 0.3173136 0.3135916 0.3087111 0.3051183 0.3015319 0.2977090 0.2931449 0.2872188 0.2844107 0.2829092 0.2808442 0.2769976 0.2725700 0.2708725 0.2666746 0.2635602 0.2619885 0.2592127 0.2572949 0.2553830 0.2530072 0.2503446 0.2464064 0.2456234 0.2452558 0.2438544 0.2484432 0.2555861 0.2627908 0.2702213 0.2781090 0.2787709 0.2790982 0.2805987 0.2927531 0.2969154 0.2990020 0.3012204 0.3005564 0.2989789 0.2990030 0.3004457 0.2992049 0.3006263 0.2987581 0.3022838 0.3054014 0.3080736 0.3106170 0.3133208
0.3485939 0.3408633 0.3382246 0.3332429 0.3279482 0.3235441 0.3187419 0.3137837 0.3098022 0.3056750 0.3013925 0.2977139 0.2936083 0.2887656 0.2838622 0.2824937 0.2800284 0.2763633 0.2719716 0.2703829 0.2671299 0.2657629 0.2620507 0.2600611 0.2579750 0.2542791 0.2491457 0.2476434 0.2496177 0.2456514 0.2454083 0.2480779 0.2543076 0.2657193 0.2773085 0.2760241 0.2800613 0.2813353 0.2887481 0.2929860 0.2958452 0.2976549 0.2983987 0.2994654 0.3010009 0.3012664 0.3009547 0.3015219 0.3020459 0.3027122 0.3050367 0.3088446 0.3098781 0.3124678 0.3150212
0.3578559 0.3494466 0.3453793 0.3399757 0.3342183 0.3288396 0.3232020 0.3189573 0.3149624 0.3099384 0.3055224 0.3014807 0.2979390 0.2937928 0.2897612 0.2860253 0.2828581 0.2794847 0.2756111 0.2720510 0.2682642 0.2661704 0.2635900 0.2644498 0.2619745 0.2562311 0.2548060 0.2532272 0.2531140 0.2521858 0.2511051 0.2518910 0.2544526 0.2621633 0.2774698 0.2860358 0.2917737 0.2893510 0.2831591 0.2933331 0.2979235 0.3011000 0.3004669 0.3006715 0.3015512 0.3026022 0.3028969 0.3022739 0.3037109 0.3057055 0.3076977 0.3105748 0.3141562 0.3172051 0.3202156
0.3641348 0.3573185 0.3514727 0.3455131 0.3396569 0.3335326 0.3282173 0.3240247 0.3196799 0.3142860 0.3101696 0.3062986 0.3012500 0.2967750 0.2929263 0.2892030 0.2855759 0.2822372 0.2792736 0.2751243 0.2715746 0.2690896 0.2663971 0.2660691 0.2595907 0.2580573 0.2578144 0.2568922 0.2556476 0.2544217 0.2530456 0.2528773 0.2614113 0.2705076 0.2801901 0.2888240 0.2941948 0.2914856 0.2883418 0.2891567 0.3011533 0.2985042 0.2919653 0.2933291 0.2967472 0.2986446 0.2996383 0.3018883 0.3021026 0.3060762 0.3088059 0.3123244 0.3158860 0.3195899 0.3236110
0.3693078 0.3631064 0.3566978 0.3505103 0.3445970 0.3385670 0.3342016 0.3295736 0.3238651 0.3188568 0.3142096 0.3096599 0.3045560 0.3005911 0.2966842 0.2921714 0.2883623 0.2853002 0.2816126 0.2782702 0.2751501 0.2718148 0.2694919 0.2671981 0.2637165 0.2615116 0.2603801 0.2588435 0.2574710 0.2557032 0.2537423 0.2541973 0.2646963 0.2736812 0.2821698 0.2903660 0.2976059 0.2982498 0.2949262 0.3021520 0.3016459 0.3012900 0.2997578 0.3016161 0.3059281 0.3069899 0.3064146 0.3030886 0.3047837 0.3086662 0.3112469 0.3139539 0.3169560 0.3204491 0.3276204
0.3716018 0.3675024 0.3612048 0.3548593 0.3488682 0.3433323 0.3390255 0.3347222 0.3283677 0.3225856 0.3188841 0.3132270 0.3085094 0.3042582 0.2999349 0.2952746 0.2915821 0.2877283 0.2832630 0.2799112 0.2775640 0.2736739 0.2701848 0.2668633 0.2645732 0.2641999 0.2629183 0.2607979 0.2590997 0.2565051 0.2547961 0.2603373 0.2670484 0.2761737 0.2838098 0.2906742 0.2986291 0.3039053 0.3066463 0.3086556 0.3042638 0.3087977 0.3087165 0.3078052 0.3093011 0.3125077 0.3128758 0.3128804 0.3131343 0.3121688 0.3146421 0.3172932 0.3204649 0.3267235 0.3318074
0.3756076 0.3688682 0.3644166 0.3585370 0.3537676 0.3493873 0.3434019 0.3381252 0.3327746 0.3269877 0.3226076 0.3172363 0.3128539 0.3079828 0.3034297 0.2984077 0.2944021 0.2898470 0.2857149 0.2822538 0.2790839 0.2759137 0.2717513 0.2692822 0.2662631 0.2669096 0.2652154 0.2628559 0.2607043 0.2580352 0.2576656 0.2642147 0.2705865 0.2787682 0.2849405 0.2913584 0.2986708 0.3054380 0.3092040 0.3101491 0.3067647 0.3110372 0.3139247 0.3150753 0.3135208 0.3171889 0.3182971 0.3190925 0.3199877 0.3210141 0.3219559 0.3254124 0.3285494 0.3324570 0.3361653
0.3786997 0.3719231 0.3657484 0.3621439 0.3574403 0.3530869 0.3472608 0.3419219 0.3370602 0.3315307 0.3263181 0.3216354 0.3170562 0.3121173 0.3062195 0.3012459 0.2971733 0.2931424 0.2884170 0.2844505 0.2796118 0.2770659 0.2746519 0.2727559 0.2692753 0.2694596 0.2683489 0.2653932 0.2623009 0.2596719 0.2591923 0.2678948 0.2741412 0.2806807 0.2875055 0.2937982 0.3005453 0.3068180 0.3105050 0.3113164 0.3107355 0.3161148 0.3179349 0.3189247 0.3150146 0.3165838 0.3233562 0.3246480 0.3259485 0.3260135 0.3282626 0.3321220 0.3348558 0.3378794 0.3412960
0.3804835 0.3739132 0.3675466 0.3648474 0.3602684 0.3556173 0.3501865 0.3456389 0.3407151 0.3351524 0.3304213 0.3256639 0.3209758 0.3159277 0.3074178 0.3033929 0.3001211 0.2952320 0.2881750 0.2862322 0.2828313 0.2814955 0.2799681 0.2779344 0.2757397 0.2731710 0.2710560 0.2685006 0.2654979 0.2634174 0.2666706 0.2722987 0.2787011 0.2841600 0.2902492 0.2976482 0.3036152 0.3088446 0.3122179 0.3106369 0.3130274 0.3201937 0.3219292 0.3229890 0.3241489 0.3234363 0.3281098 0.3297093 0.3315198 0.3316401 0.3339502 0.3363960 0.3390666 0.3418493 0.3458350
0.3805685 0.3746462 0.3695524 0.3653514 0.3624595 0.3583567 0.3540997 0.3493780 0.3447257 0.3399242 0.3343997 0.3302574 0.3257043 0.3195110 0.3134576 0.3088457 0.3038514 0.2972849 0.2925722 0.2902768 0.2892596 0.2868687 0.2843475 0.2820199 0.2799368 0.2772414 0.2747132 0.2720451 0.2692394 0.2677485 0.2716384 0.2773438 0.2824517 0.2879268 0.2937050 0.2995275 0.3046269 0.3112376 0.3145343 0.3128708 0.3183941 0.3245690 0.3269870 0.3274280 0.3303299 0.3258064 0.3274157 0.3320681 0.3346674 0.3367265 0.3389785 0.3431680 0.3455856 0.3466006 0.3487461
0.3823670 0.3756552 0.3710500 0.3637564 0.3646353 0.3617773 0.3578147 0.3533577 0.3485423 0.3442911 0.3389745 0.3350462 0.3290327 0.3233229 0.3181942 0.3126514 0.3066471 0.3020726 0.2995033 0.2974848 0.2949416 0.2922048 0.2894681 0.2869899 0.2842447 0.2816716 0.2789032 0.2759057 0.2707050 0.2706248 0.2770666 0.2825356 0.2870278 0.2932037 0.2986597 0.3041297 0.3083197 0.3121299 0.3166921 0.3183585 0.3218580 0.3289950 0.3295435 0.3269519 0.3323517 0.3321983 0.3329680 0.3366015 0.3412896 0.3434117 0.3458567 0.3486077 0.3511306 0.3533334 0.3547811
