LUCAS_GEMMES_COP27/includes/subsidence/Scenario_B1/tmp/TOT_SUBSIDENCE_2040_SINCE_2018_MKD_ONLY.ASC
NCOLS                318
NROWS                364
XLLCORNER      400000.00
YLLCORNER      907000.00
CELLSIZE         1000.00
NODATA_VALUE    0.3402823E+39
[rows 120 to 143 of 364, columns 220 to 274 of 318]
0.1394631 0.1408165 0.1416178 0.1432846 0.1445093 0.1457849 0.1467108 0.1486045 0.1499355 0.1519843 0.1535013 0.1548803 0.1558322 0.1558008 0.1592266 0.1612049 0.1625994 0.1643437 0.1700575 0.1742474 0.1781603 0.1818976 0.1861582 0.1900986 0.1940365 0.1987915 0.2033712 0.2084358 0.2143499 0.2201274 0.2258980 0.2284040 0.2315922 0.2342389 0.2359783 0.2406468 0.2460703 0.2503240 0.2523854 0.2548958 0.2567714 0.2574419 0.2584762 0.2582791 0.2531225 0.2484610 0.2465424 0.2443404 0.2418919 0.2366043 0.2311800 0.2245548 0.2174733 0.2099762 0.2018430
0.1391789 0.1403499 0.1418283 0.1435311 0.1445119 0.1461048 0.1471163 0.1491604 0.1498847 0.1505966 0.1521072 0.1549121 0.1564448 0.1563870 0.1600072 0.1621935 0.1639138 0.1638257 0.1698556 0.1743341 0.1786856 0.1822886 0.1864937 0.1904384 0.1945081 0.1992097 0.2039734 0.2095514 0.2155185 0.2229082 0.2263387 0.2276144 0.2305119 0.2350316 0.2371196 0.2412118 0.2464105 0.2510621 0.2531553 0.2549370 0.2573778 0.2583029 0.2591049 0.2585775 0.2565454 0.2537396 0.2486477 0.2461352 0.2424827 0.2355650 0.2296829 0.2241750 0.2175935 0.2103465 0.2022700
0.1392740 0.1404040 0.1422459 0.1435319 0.1448994 0.1461909 0.1469855 0.1490048 0.1500068 0.1506491 0.1523750 0.1555781 0.1571672 0.1585084 0.1610399 0.1632443 0.1653490 0.1673806 0.1699556 0.1745490 0.1787996 0.1827165 0.1865836 0.1907718 0.1950960 0.1998876 0.2045929 0.2101866 0.2160064 0.2224043 0.2253582 0.2274403 0.2311438 0.2353549 0.2387759 0.2409961 0.2451380 0.2515325 0.2541927 0.2532409 0.2552180 0.2581835 0.2559226 0.2562773 0.2568194 0.2540273 0.2506160 0.2469853 0.2434113 0.2334452 0.2272804 0.2227614 0.2169062 0.2096520 0.2020238
0.1396303 0.1412585 0.1424195 0.1436844 0.1450440 0.1463957 0.1472942 0.1492514 0.1505646 0.1517976 0.1538534 0.1560442 0.1574455 0.1593058 0.1615008 0.1639815 0.1663499 0.1687762 0.1714149 0.1748997 0.1789167 0.1828387 0.1865346 0.1908108 0.1953982 0.2001554 0.2048955 0.2103440 0.2159332 0.2213300 0.2246663 0.2283657 0.2322139 0.2361770 0.2387344 0.2411281 0.2451578 0.2520660 0.2541119 0.2558435 0.2581236 0.2588613 0.2573826 0.2538637 0.2547137 0.2532135 0.2503253 0.2440794 0.2398909 0.2348742 0.2284365 0.2229584 0.2159800 0.2084526 0.2005984
0.1404542 0.1414539 0.1425511 0.1439142 0.1453403 0.1462794 0.1476214 0.1493837 0.1507749 0.1525891 0.1543612 0.1563043 0.1581302 0.1603215 0.1621883 0.1645386 0.1673098 0.1699877 0.1729995 0.1754305 0.1795932 0.1833432 0.1866464 0.1910235 0.1956912 0.2004893 0.2051018 0.2102735 0.2161610 0.2193744 0.2231848 0.2272310 0.2311323 0.2357013 0.2388228 0.2412421 0.2470230 0.2519338 0.2524314 0.2535653 0.2561154 0.2536067 0.2543192 0.2550887 0.2537294 0.2515710 0.2480786 0.2421150 0.2361221 0.2327712 0.2281331 0.2213988 0.2139550 0.2064949 0.1986471
0.1406417 0.1415600 0.1427786 0.1441440 0.1455011 0.1464795 0.1481136 0.1495235 0.1509601 0.1527149 0.1547176 0.1566150 0.1585465 0.1607231 0.1627986 0.1650010 0.1677677 0.1707640 0.1737841 0.1769421 0.1792431 0.1830726 0.1869183 0.1912873 0.1958083 0.2000326 0.2042337 0.2088837 0.2132035 0.2153910 0.2201678 0.2245367 0.2293127 0.2343632 0.2371158 0.2400301 0.2455453 0.2481396 0.2486838 0.2506450 0.2510992 0.2531346 0.2537348 0.2526880 0.2507318 0.2454175 0.2409470 0.2381857 0.2333060 0.2290269 0.2253644 0.2185218 0.2113011 0.2036922 0.1956685
0.1405540 0.1413787 0.1429591 0.1443366 0.1455528 0.1466435 0.1482942 0.1496469 0.1512432 0.1528670 0.1547488 0.1567287 0.1586958 0.1607422 0.1630679 0.1656652 0.1683407 0.1714422 0.1745059 0.1773506 0.1802975 0.1826545 0.1872682 0.1910721 0.1950656 0.1985740 0.2017444 0.2057292 0.2082119 0.2063169 0.2149317 0.2189788 0.2227549 0.2285717 0.2330114 0.2374603 0.2409309 0.2438329 0.2462549 0.2479292 0.2499147 0.2513843 0.2474313 0.2462429 0.2461847 0.2436304 0.2387905 0.2363375 0.2306172 0.2261375 0.2217013 0.2153098 0.2081663 0.2004211 0.1924424
0.1399893 0.1407443 0.1426300 0.1442998 0.1446762 0.1459052 0.1483932 0.1501562 0.1515755 0.1530246 0.1549036 0.1570501 0.1590167 0.1612997 0.1636589 0.1661934 0.1688947 0.1720310 0.1751637 0.1783703 0.1817089 0.1854017 0.1874378 0.1898468 0.1934576 0.1957277 0.1973238 0.2008246 0.2044297 0.2074512 0.2093772 0.2100998 0.2109389 0.2204637 0.2273373 0.2323862 0.2355924 0.2386480 0.2412177 0.2437902 0.2461821 0.2466684 0.2446361 0.2426681 0.2414363 0.2390570 0.2352428 0.2311975 0.2264149 0.2215243 0.2161842 0.2105329 0.2036523 0.1962871 0.1887245
0.1399233 0.1406140 0.1424546 0.1442878 0.1456638 0.1466760 0.1485200 0.1500557 0.1517319 0.1534921 0.1553892 0.1574709 0.1595218 0.1616174 0.1643440 0.1668255 0.1695642 0.1727243 0.1760253 0.1793810 0.1833220 0.1864943 0.1850901 0.1862889 0.1898569 0.1932032 0.1991678 0.2035554 0.2081461 0.2123315 0.2130046 0.2132288 0.2130543 0.2139554 0.2140572 0.2237795 0.2286840 0.2337819 0.2369351 0.2401084 0.2409819 0.2404883 0.2392252 0.2372136 0.2346393 0.2320795 0.2284074 0.2245039 0.2207063 0.2154727 0.2099149 0.2044798 0.1980620 0.1917212 0.1851200
0.1398722 0.1410863 0.1427705 0.1443367 0.1458318 0.1473805 0.1488838 0.1505747 0.1523674 0.1541715 0.1562960 0.1582068 0.1595574 0.1618942 0.1647516 0.1675345 0.1703124 0.1737849 0.1770986 0.1804392 0.1851649 0.1868011 0.1839900 0.1880967 0.1925351 0.1957632 0.2017939 0.2202220 0.2368553 0.2596580 0.2401378 0.2336881 0.2304222 0.2257122 0.2150152 0.2135740 0.2124594 0.2234859 0.2302088 0.2325487 0.2326270 0.2313547 0.2298867 0.2274717 0.2244971 0.2220451 0.2195974 0.2162329 0.2125875 0.2079519 0.2026682 0.1974739 0.1917828 0.1856783 0.1794349
0.1395930 0.1409515 0.1426170 0.1442724 0.1459626 0.1477114 0.1492247 0.1512881 0.1528893 0.1546376 0.1565963 0.1586128 0.1597545 0.1618718 0.1652925 0.1683013 0.1713389 0.1748901 0.1783141 0.1809376 0.1855533 0.1904824 0.1930187 0.1972361 0.2026426 0.2095037 0.2213864 0.2393837 0.2624972 0.2642613 0.2546682 0.2481792 0.2441676 0.2370270 0.2295889 0.2233029 0.2122833 0.2105670 0.2193098 0.2206453 0.2196007 0.2178283 0.2153398 0.2124593 0.2093953 0.2070536 0.2066214 0.2044354 0.2019597 0.1984730 0.1944035 0.1897254 0.1846058 0.1789813 0.1734924
0.1387534 0.1400378 0.1421075 0.1440014 0.1461221 0.1480870 0.1496038 0.1518323 0.1536982 0.1554781 0.1572565 0.1593351 0.1613552 0.1637213 0.1664003 0.1692655 0.1724814 0.1763351 0.1791969 0.1822871 0.1867708 0.1927960 0.1996369 0.2060211 0.2130155 0.2216185 0.2353782 0.2557563 0.2862631 0.2823186 0.2660230 0.2572983 0.2570302 0.2448273 0.2371211 0.2305865 0.2220063 0.2103511 0.2076513 0.2047137 0.2016855 0.1984480 0.1946920 0.1909098 0.1872743 0.1840488 0.1910690 0.1905040 0.1878847 0.1852715 0.1838941 0.1801449 0.1755033 0.1701971 0.1651612
0.1390924 0.1403210 0.1416838 0.1431805 0.1462740 0.1486036 0.1503813 0.1524530 0.1541548 0.1554502 0.1579472 0.1602681 0.1624442 0.1648197 0.1674422 0.1702932 0.1736773 0.1768493 0.1799455 0.1844622 0.1902361 0.1968941 0.2047477 0.2140354 0.2190509 0.2303848 0.2442275 0.2660691 0.3013454 0.2840969 0.2700061 0.2582220 0.2477958 0.2442260 0.2392576 0.2343985 0.2283562 0.2206358 0.2137874 0.2039613 0.2000135 0.1961238 0.1920018 0.1881020 0.1843470 0.1803969 0.1762170 0.1721883 0.1683330 0.1647255 0.1699562 0.1677104 0.1633943 0.1584208 0.1538511
0.1394913 0.1408363 0.1421561 0.1446698 0.1471009 0.1492785 0.1511139 0.1530083 0.1548789 0.1557312 0.1580558 0.1611883 0.1634710 0.1658615 0.1685300 0.1716298 0.1747383 0.1770989 0.1819833 0.1876881 0.1944226 0.2008703 0.2072257 0.2149855 0.2232741 0.2351603 0.2459528 0.2678311 0.2945863 0.2821423 0.2702367 0.2554178 0.2306200 0.2387491 0.2358459 0.2348865 0.2304185 0.2232668 0.2153481 0.2095959 0.2002424 0.1957114 0.1910691 0.1865015 0.1822941 0.1780238 0.1735863 0.1692432 0.1650382 0.1606865 0.1564112 0.1518284 0.1472309 0.1424366 0.1379009
0.1403171 0.1422285 0.1429327 0.1457097 0.1481715 0.1502890 0.1521079 0.1539779 0.1559255 0.1576045 0.1598684 0.1625071 0.1649211 0.1672439 0.1700463 0.1730367 0.1762069 0.1785353 0.1827237 0.1879142 0.1969666 0.2037804 0.2089118 0.2180853 0.2261409 0.2368099 0.2499784 0.2668567 0.2810334 0.2794532 0.2731184 0.2609836 0.2479629 0.2408221 0.2255628 0.2323517 0.2291722 0.2202109 0.2087438 0.2117628 0.2085613 0.2023680 0.1913519 0.1862047 0.1813991 0.1771406 0.1726164 0.1679090 0.1633994 0.1588303 0.1540241 0.1491509 0.1445153 0.1397451 0.1352426
0.1425936 0.1443524 0.1456593 0.1473300 0.1495571 0.1514922 0.1533251 0.1551890 0.1571802 0.1590208 0.1613190 0.1637455 0.1663829 0.1688897 0.1716750 0.1750678 0.1776352 0.1789648 0.1817065 0.1859442 0.1926681 0.1985493 0.2091587 0.2212070 0.2267830 0.2368223 0.2493470 0.2655788 0.2859000 0.2801980 0.2798395 0.2658501 0.2554773 0.2479783 0.2398244 0.2354230 0.2286956 0.2144177 0.2129204 0.2138834 0.2125489 0.2081917 0.2007914 0.1934745 0.1824557 0.1778551 0.1730080 0.1679174 0.1629805 0.1582009 0.1531509 0.1482474 0.1434731 0.1387913 0.1342061
0.1443166 0.1464150 0.1473500 0.1490018 0.1510576 0.1528643 0.1547124 0.1567090 0.1584049 0.1600320 0.1618491 0.1647794 0.1684353 0.1708448 0.1737566 0.1766857 0.1791015 0.1808018 0.1808943 0.1843952 0.1882708 0.1939064 0.2047995 0.2146304 0.2236081 0.2335868 0.2452286 0.2573413 0.2697088 0.2719876 0.2702945 0.2637185 0.2565040 0.2503463 0.2448920 0.2381847 0.2305451 0.2190634 0.2102863 0.2124117 0.2133966 0.2107505 0.2046425 0.1990018 0.1932411 0.1883653 0.1828455 0.1757678 0.1642183 0.1589271 0.1530256 0.1487038 0.1436690 0.1388262 0.1338933
0.1461374 0.1479312 0.1492913 0.1507496 0.1528382 0.1544324 0.1555634 0.1574269 0.1600913 0.1620983 0.1639552 0.1664042 0.1699291 0.1733120 0.1764041 0.1795016 0.1824435 0.1842897 0.1839710 0.1879976 0.1920463 0.1967982 0.2028036 0.2086886 0.2192332 0.2284589 0.2397180 0.2502245 0.2609202 0.2657740 0.2639917 0.2586447 0.2530794 0.2485121 0.2448179 0.2396286 0.2313606 0.2166924 0.2142463 0.2070174 0.2133483 0.2105301 0.2037041 0.2004204 0.1974725 0.1941779 0.1891554 0.1833034 0.1765993 0.1704946 0.1645305 0.1573826 0.1454335 0.1398923 0.1344463
0.1475285 0.1492517 0.1508658 0.1524148 0.1546490 0.1561371 0.1570350 0.1586961 0.1623079 0.1646179 0.1670753 0.1698717 0.1729062 0.1761642 0.1795609 0.1830747 0.1867051 0.1898549 0.1920429 0.1951369 0.1962574 0.2008596 0.2056726 0.2104740 0.2157883 0.2213670 0.2334423 0.2435450 0.2527391 0.2633850 0.2574342 0.2506848 0.2463901 0.2435308 0.2433325 0.2409008 0.2341489 0.2265841 0.2224146 0.2178527 0.2171870 0.2107697 0.1962889 0.1981359 0.1988164 0.1966631 0.1927061 0.1882670 0.1833932 0.1791209 0.1767133 0.1658630 0.1562476 0.1478090 0.1365477
0.1491244 0.1507353 0.1524214 0.1544813 0.1564463 0.1579771 0.1585339 0.1611419 0.1646571 0.1670895 0.1697872 0.1726662 0.1759533 0.1795040 0.1831413 0.1871036 0.1912427 0.1953636 0.1989133 0.2022060 0.2043422 0.2095088 0.2127645 0.2137329 0.2180399 0.2223605 0.2275096 0.2368617 0.2443288 0.2475338 0.2474036 0.2382305 0.2357790 0.2340438 0.2415003 0.2407703 0.2349932 0.2300684 0.2283776 0.2252581 0.2217222 0.2151845 0.2054354 0.1937152 0.1998182 0.1984884 0.1940430 0.1905186 0.1866748 0.1824395 0.1776250 0.1701223 0.1623461 0.1548957 0.1474085
0.1509294 0.1524895 0.1541575 0.1563089 0.1583735 0.1591044 0.1606316 0.1640611 0.1671230 0.1697134 0.1724624 0.1755977 0.1791951 0.1829766 0.1869651 0.1906552 0.1957794 0.2006333 0.2053836 0.2095909 0.2129186 0.2171277 0.2205257 0.2227349 0.2251449 0.2247446 0.2276260 0.2298988 0.2352510 0.2347277 0.2419516 0.2437674 0.2436883 0.2442251 0.2443666 0.2419869 0.2372434 0.2313508 0.2299888 0.2276350 0.2253455 0.2201419 0.2136556 0.2074502 0.2043423 0.1995394 0.1923977 0.1905605 0.1881765 0.1841768 0.1784474 0.1719507 0.1656890 0.1595030 0.1535322
0.1524940 0.1542145 0.1561039 0.1581272 0.1598805 0.1623286 0.1643428 0.1670505 0.1698584 0.1725644 0.1753664 0.1785462 0.1821838 0.1851660 0.1888857 0.1935672 0.1987841 0.2049802 0.2123643 0.2160964 0.2198448 0.2228387 0.2279039 0.2300994 0.2309614 0.2295576 0.2271215 0.2286607 0.2305678 0.2344551 0.2401299 0.2432443 0.2453659 0.2473307 0.2472855 0.2430665 0.2362252 0.2228139 0.2289342 0.2291243 0.2276054 0.2234732 0.2188443 0.2144612 0.2082372 0.1998894 0.1836944 0.1898426 0.1890695 0.1843050 0.1770267 0.1701068 0.1654543 0.1615501 0.1568440
0.1530358 0.1556708 0.1578138 0.1596313 0.1621237 0.1653463 0.1675252 0.1695828 0.1724114 0.1752205 0.1781098 0.1813131 0.1845218 0.1873210 0.1918616 0.1968489 0.2021651 0.2085809 0.2160321 0.2216682 0.2253218 0.2300078 0.2343490 0.2341012 0.2342234 0.2336367 0.2318925 0.2282253 0.2288505 0.2304869 0.2369923 0.2414506 0.2448085 0.2467112 0.2480166 0.2455677 0.2395974 0.2330032 0.2303113 0.2296993 0.2287094 0.2242493 0.2208404 0.2185432 0.2134976 0.2063462 0.1979693 0.1948087 0.1904609 0.1834182 0.1731578 0.1666367 0.1633025 0.1615483 0.1578320
0.1549076 0.1572753 0.1596840 0.1615127 0.1632041 0.1666794 0.1690055 0.1712191 0.1750632 0.1782064 0.1806967 0.1837390 0.1867030 0.1906907 0.1954616 0.2009604 0.2069573 0.2136894 0.2198412 0.2250354 0.2285713 0.2322305 0.2350338 0.2363587 0.2366239 0.2362261 0.2348256 0.2298969 0.2261430 0.2283939 0.2340528 0.2391160 0.2428583 0.2454008 0.2463630 0.2461806 0.2423623 0.2354665 0.2277429 0.2271129 0.2290106 0.2263370 0.2232815 0.2211941 0.2170530 0.2112713 0.2049574 0.1991813 0.1924268 0.1826010 0.1649874 0.1588767 0.1600808 0.1601736 0.1569440
