LUCAS_GEMMES_COP27/includes/subsidence/Scenario_B1/tmp/TOT_SUBSIDENCE_2020_SINCE_2018_MKD_ONLY.ASC
NCOLS                318
NROWS                364
XLLCORNER      400000.00
YLLCORNER      907000.00
CELLSIZE         1000.00
NODATA_VALUE    0.3402823E+39
[rows 66 to 87 of 364, columns 100 to 149 of 318]
3.4028235E+38 3.4028235E+38 3.4028235E+38 2.5040284E-03 2.4330020E-03 2.4661459E-03 2.5075115E-03 2.4933852E-03 2.4768971E-03 2.5069714E-03 2.6610084E-03 2.5520660E-03 2.7760603E-03 2.5766045E-03 2.5903098E-03 2.6306696E-03 2.6679859E-03 2.7001537E-03 3.4002289E-03 3.2710582E-03 2.9477477E-03 3.4800246E-03 2.9650033E-03 2.9442050E-03 2.9925629E-03 3.4028235E+38 3.4028235E+38 3.4028235E+38 3.2399967E-03 3.4028235E+38 3.4028235E+38 3.4028235E+38 3.4028235E+38 3.4028235E+38 3.4028235E+38 3.4028235E+38 3.4028235E+38 3.4028235E+38 3.4028235E+38 3.4028235E+38 4.0284991E-03 4.1094795E-03 4.1792169E-03 4.2514503E-03 4.3108985E-03 4.4191033E-03 4.5474395E-03 4.8283413E-03 4.7224313E-03 4.8882589E-03
3.4028235E+38 3.4028235E+38 3.4028235E+38 2.4988092E-03 2.4827570E-03 2.5028735E-03 2.5569871E-03 2.5162958E-03 2.4542771E-03 2.4752431E-03 2.5091730E-03 2.5568902E-03 2.5682040E-03 2.5499500E-03 2.5699995E-03 2.5995448E-03 2.6458986E-03 2.6777126E-03 3.0058958E-03 3.0968226E-03 3.2825842E-03 3.4703314E-03 3.2767057E-03 2.9441528E-03 2.9787682E-03 3.0392706E-03 3.0834787E-03 3.1563677E-03 3.2161996E-03 3.3284500E-03 3.3752918E-03 3.4028235E+38 3.4028235E+38 3.4028235E+38 3.4028235E+38 3.4028235E+38 3.4028235E+38 3.4028235E+38 3.4028235E+38 3.4028235E+38 4.0515736E-03 4.1168481E-03 4.2503253E-03 4.3273047E-03 4.3695495E-03 4.4547394E-03 4.5796260E-03 4.8229098E-03 4.7619194E-03 4.8559532E-03
3.4028235E+38 3.4028235E+38 3.4028235E+38 2.4835318E-03 2.4738163E-03 2.4597421E-03 2.4644732E-03 2.5762059E-03 2.6508197E-03 2.4838336E-03 2.4581105E-03 2.4810992E-03 2.5069155E-03 2.5300980E-03 2.5768988E-03 2.7035549E-03 2.6299581E-03 2.6601292E-03 2.7524270E-03 2.7771033E-03 2.8917044E-03 3.3094659E-03 2.9363334E-03 2.9723719E-03 2.9701963E-03 3.0609071E-03 3.1183586E-03 3.1803809E-03 3.1961277E-03 3.2933578E-03 3.3324212E-03 3.4348555E-03 3.4998581E-03 3.4028235E+38 3.4028235E+38 3.4028235E+38 3.4028235E+38 3.4028235E+38 3.4028235E+38 4.0238425E-03 4.1335598E-03 4.1860491E-03 4.2300597E-03 4.3116584E-03 4.4123307E-03 4.5057163E-03 4.5924261E-03 4.7578141E-03 4.8702732E-03 4.9375668E-03
3.4028235E+38 3.4028235E+38 3.4028235E+38 2.4886578E-03 2.4526492E-03 2.3739897E-03 2.3909844E-03 2.4312772E-03 2.6858747E-03 2.4685860E-03 2.5129206E-03 2.4768226E-03 2.4943277E-03 2.5196895E-03 2.5421083E-03 2.5601834E-03 2.5918745E-03 2.6326030E-03 2.6856884E-03 2.7868710E-03 2.8671101E-03 3.3244863E-03 2.8863288E-03 3.3606067E-03 3.0108579E-03 3.0469783E-03 3.1056777E-03 3.1694174E-03 3.1857602E-03 3.2565296E-03 3.3379085E-03 3.4363978E-03 3.5097338E-03 3.5740510E-03 3.6644228E-03 3.4028235E+38 3.4028235E+38 3.8846135E-03 3.9667860E-03 4.0379912E-03 4.1309297E-03 4.2260587E-03 4.3014213E-03 4.3530539E-03 4.4537559E-03 4.5409575E-03 4.6413764E-03 4.8211068E-03 4.9388334E-03 5.0034449E-03
3.4028235E+38 3.4028235E+38 3.4028235E+38 3.4028235E+38 2.4573877E-03 2.3544915E-03 2.3730397E-03 2.3981631E-03 2.4225116E-03 2.4293959E-03 2.7798787E-03 2.5157593E-03 2.4674311E-03 2.4859272E-03 2.5103800E-03 2.5391504E-03 2.6288182E-03 2.6282072E-03 2.6860200E-03 3.0994788E-03 2.8594211E-03 3.2223016E-03 2.8635003E-03 2.9169694E-03 2.9515140E-03 2.9773936E-03 3.0366294E-03 3.1094626E-03 3.1833872E-03 3.2315254E-03 3.3276044E-03 3.4134462E-03 3.4951009E-03 3.5730749E-03 3.6614835E-03 3.7485547E-03 3.8303062E-03 3.8941577E-03 3.9891899E-03 4.0466189E-03 4.1863546E-03 4.2218119E-03 4.2992160E-03 4.3869317E-03 4.4842511E-03 4.5865178E-03 4.7063455E-03 4.8209429E-03 4.9299076E-03 5.0485507E-03
3.4028235E+38 3.4028235E+38 3.4028235E+38 3.4028235E+38 2.4586990E-03 2.3568757E-03 2.3539588E-03 2.4437495E-03 2.4168901E-03 2.4102703E-03 2.4366789E-03 2.4529770E-03 2.4499036E-03 2.4815053E-03 2.5079586E-03 2.5414638E-03 2.6161186E-03 2.6327372E-03 2.6918314E-03 3.0593723E-03 2.8140917E-03 2.8268285E-03 3.1009987E-03 2.9187724E-03 2.9390790E-03 2.9678829E-03 3.0132644E-03 3.0926019E-03 3.1611398E-03 3.2251179E-03 3.3051148E-03 3.3952668E-03 3.4726933E-03 3.5698824E-03 3.6572516E-03 3.8008615E-03 3.8327649E-03 3.9132982E-03 3.9907992E-03 4.0852651E-03 4.1605532E-03 4.2561218E-03 4.3513253E-03 4.4376403E-03 4.5240894E-03 4.6478510E-03 4.7559217E-03 4.8711300E-03 4.9728230E-03 5.0895438E-03
3.4028235E+38 3.4028235E+38 3.4028235E+38 3.4028235E+38 2.4521425E-03 2.4457462E-03 2.4463199E-03 2.4511032E-03 2.4290308E-03 2.3902729E-03 2.4108738E-03 2.4296679E-03 2.4490543E-03 2.4690926E-03 2.4946891E-03 2.5160238E-03 2.5562569E-03 2.5980361E-03 2.8783455E-03 3.0720085E-03 3.0288249E-03 2.8249323E-03 3.3007562E-03 3.3526570E-03 2.9811971E-03 2.9710829E-03 3.0300058E-03 3.0816123E-03 3.1426325E-03 3.2261610E-03 3.2894388E-03 3.3692718E-03 3.4563951E-03 3.5458282E-03 3.6365278E-03 3.7551485E-03 3.8173422E-03 3.9076582E-03 4.0159971E-03 4.1029006E-03 4.1905567E-03 4.2895451E-03 4.3670982E-03 4.4634044E-03 4.5886636E-03 4.7097281E-03 4.8274919E-03 4.9112886E-03 5.0322041E-03 5.1405057E-03
3.4028235E+38 3.4028235E+38 3.4028235E+38 3.4028235E+38 3.4028235E+38 2.4148263E-03 2.4087504E-03 2.4187230E-03 2.4030395E-03 2.3666173E-03 2.3885816E-03 2.4107471E-03 2.4312325E-03 2.4402738E-03 2.4672337E-03 2.4970770E-03 2.5442615E-03 2.5759377E-03 2.6507042E-03 2.7152635E-03 2.7602129E-03 3.2420233E-03 3.5300776E-03 3.4184158E-03 3.3925399E-03 2.9999353E-03 3.0315444E-03 3.0774921E-03 3.1544790E-03 3.2376684E-03 3.3256114E-03 3.3624955E-03 3.4710690E-03 3.5609044E-03 3.6439560E-03 3.7254654E-03 3.8187653E-03 3.9254874E-03 4.0352196E-03 4.1415542E-03 4.2299405E-03 4.3267533E-03 4.4643506E-03 4.5004636E-03 4.6421960E-03 4.7385693E-03 4.8482716E-03 4.9486384E-03 5.0913617E-03 5.2591711E-03
3.4028235E+38 3.4028235E+38 3.4028235E+38 3.4028235E+38 3.4028235E+38 2.3515373E-03 2.3858435E-03 2.3915730E-03 2.3910776E-03 2.3441315E-03 2.3640767E-03 2.3740940E-03 2.3985915E-03 2.4210066E-03 2.4653785E-03 2.4937317E-03 2.5222935E-03 2.5802143E-03 2.6428252E-03 3.0808747E-03 2.7287193E-03 2.7309097E-03 2.8542429E-03 3.0922182E-03 2.9338673E-03 2.9693954E-03 3.0041821E-03 3.0770041E-03 3.3860058E-03 3.4973472E-03 3.3526607E-03 3.3910759E-03 3.5054125E-03 3.6210641E-03 3.6858693E-03 3.7730858E-03 3.8478300E-03 3.9424077E-03 4.0327683E-03 4.1510463E-03 4.3042526E-03 4.3562055E-03 4.4667497E-03 4.5296475E-03 4.6294481E-03 4.7425851E-03 4.8627332E-03 4.9658567E-03 5.1827505E-03 5.3958371E-03
3.4028235E+38 3.4028235E+38 3.4028235E+38 3.4028235E+38 3.4028235E+38 3.4028235E+38 2.3452379E-03 2.3774654E-03 2.3961812E-03 2.4254024E-03 2.3278892E-03 2.3501217E-03 2.3867376E-03 2.4141148E-03 2.4427399E-03 2.4792999E-03 2.5187619E-03 2.5189780E-03 2.6014969E-03 2.8726198E-03 3.1093732E-03 2.7596541E-03 2.7973987E-03 2.8831139E-03 3.3289865E-03 2.9588565E-03 3.0009523E-03 3.1047948E-03 3.2007322E-03 3.2585934E-03 3.3016913E-03 3.3619367E-03 3.4954585E-03 4.0266439E-03 3.7249699E-03 4.2004138E-03 3.8795471E-03 3.9776564E-03 4.0315688E-03 4.1644126E-03 4.3147132E-03 4.3671504E-03 4.4743046E-03 4.5736060E-03 4.6854913E-03 4.8352405E-03 4.9546137E-03 5.1573291E-03 5.3287297E-03 5.4461583E-03
3.4028235E+38 3.4028235E+38 3.4028235E+38 3.4028235E+38 3.4028235E+38 3.4028235E+38 2.2599772E-03 2.3387000E-03 2.3239367E-03 2.3145415E-03 2.3172013E-03 2.3414455E-03 2.3646913E-03 2.3759566E-03 2.4051219E-03 2.4368651E-03 2.4773180E-03 2.4976656E-03 2.5514551E-03 2.6075132E-03 2.7138814E-03 3.1362325E-03 2.8046705E-03 3.2889545E-03 3.3409595E-03 2.9868409E-03 3.0356385E-03 3.5465732E-03 3.6804751E-03 3.7760288E-03 3.2924078E-03 3.3401325E-03 3.4239963E-03 3.5540313E-03 4.2013973E-03 3.8048998E-03 3.9429814E-03 3.9311349E-03 4.0354282E-03 4.1393489E-03 4.2606890E-03 4.3783635E-03 4.4822171E-03 4.6024844E-03 4.7321767E-03 4.8680305E-03 5.0057024E-03 5.1623881E-03 5.3225458E-03 5.5101663E-03
3.4028235E+38 3.4028235E+38 3.4028235E+38 3.4028235E+38 3.4028235E+38 3.4028235E+38 3.4028235E+38 2.2586472E-03 2.2810400E-03 2.2982396E-03 2.3176782E-03 2.3688711E-03 2.4118461E-03 2.3754165E-03 2.3867376E-03 2.4307929E-03 2.4570785E-03 2.5052801E-03 2.5464110E-03 2.5762320E-03 2.6757196E-03 3.0834265E-03 2.7833357E-03 2.8289407E-03 2.8889440E-03 2.9130317E-03 2.9385835E-03 3.0041933E-03 3.1389818E-03 3.6475807E-03 3.2615364E-03 3.3058934E-03 3.4164637E-03 3.5410151E-03 3.6531650E-03 3.8121715E-03 4.2472035E-03 3.9536804E-03 4.0306151E-03 4.1184425E-03 4.2487159E-03 4.3859556E-03 4.4878796E-03 4.6353936E-03 4.7843233E-03 4.9197376E-03 5.0934702E-03 5.2495003E-03 5.4037571E-03 5.5762678E-03
3.4028235E+38 3.4028235E+38 3.4028235E+38 3.4028235E+38 3.4028235E+38 3.4028235E+38 3.4028235E+38 2.2804290E-03 2.2997260E-03 2.3127533E-03 2.3536906E-03 2.3909062E-03 2.4107546E-03 2.4223737E-03 2.4140775E-03 2.4312176E-03 2.4554208E-03 2.4840087E-03 2.5240220E-03 2.5326684E-03 2.5937743E-03 2.7068108E-03 2.7108602E-03 2.7394630E-03 2.7927943E-03 2.8098337E-03 2.8812662E-03 2.9970407E-03 3.0428879E-03 3.1394809E-03 3.2108203E-03 3.7745908E-03 3.4535378E-03 3.5316311E-03 3.6293454E-03 3.7741661E-03 3.8830861E-03 3.9647594E-03 4.0580183E-03 4.1201189E-03 4.2282045E-03 4.3817535E-03 4.5684204E-03 4.6790615E-03 4.8352852E-03 5.0383657E-03 5.1614717E-03 5.3605512E-03 5.4814368E-03 5.6559220E-03
3.4028235E+38 3.4028235E+38 3.4028235E+38 3.4028235E+38 3.4028235E+38 3.4028235E+38 3.4028235E+38 3.4028235E+38 2.3054555E-03 2.3915060E-03 2.3295954E-03 2.3722313E-03 2.4017319E-03 2.4121962E-03 2.4238862E-03 2.4438165E-03 2.4579763E-03 2.4821423E-03 2.5011525E-03 2.5369115E-03 2.5597624E-03 2.6449934E-03 2.6605278E-03 2.7023889E-03 2.7596429E-03 2.7684160E-03 2.8408840E-03 2.9485226E-03 3.0029304E-03 3.1161197E-03 3.2372028E-03 3.3447482E-03 3.4229979E-03 3.5419837E-03 3.6342815E-03 3.7455447E-03 3.8619265E-03 4.3286607E-03 4.0023029E-03 4.1613132E-03 4.2178929E-03 4.3653101E-03 4.5752227E-03 4.7598630E-03 4.8838630E-03 5.0496683E-03 5.2316189E-03 5.4325685E-03 5.5511147E-03 5.7304874E-03
3.4028235E+38 3.4028235E+38 3.4028235E+38 3.4028235E+38 3.4028235E+38 3.4028235E+38 3.4028235E+38 3.4028235E+38 3.4028235E+38 2.4040863E-03 2.3449361E-03 2.3597591E-03 2.3836754E-03 2.4072863E-03 2.4791360E-03 2.4416335E-03 2.4750121E-03 2.5000311E-03 2.5860406E-03 2.5529787E-03 2.5758371E-03 2.6167072E-03 2.6093796E-03 2.6679561E-03 2.7449504E-03 2.7449466E-03 2.8853305E-03 2.9887408E-03 3.0751042E-03 3.1807572E-03 3.2775663E-03 3.3796579E-03 3.4879856E-03 3.5403781E-03 3.6435910E-03 3.7395395E-03 3.8224012E-03 3.9512664E-03 3.9967224E-03 4.1562319E-03 4.2091683E-03 4.3542907E-03 4.5332238E-03 4.7639832E-03 4.9154758E-03 5.1222965E-03 5.3358972E-03 5.4677054E-03 5.6769252E-03 5.8222041E-03
3.4028235E+38 3.4028235E+38 3.4028235E+38 3.4028235E+38 3.4028235E+38 3.4028235E+38 3.4028235E+38 3.4028235E+38 3.4028235E+38 3.4028235E+38 2.4240911E-03 2.3773275E-03 2.4670325E-03 2.5057234E-03 2.5347844E-03 2.4728440E-03 2.5021620E-03 2.5237836E-03 2.6074126E-03 2.5721416E-03 2.5974102E-03 2.6031658E-03 2.6102699E-03 2.6267096E-03 2.7313605E-03 2.8027892E-03 2.8975718E-03 3.0095540E-03 3.1267181E-03 3.2018498E-03 3.3196732E-03 3.3646040E-03 3.5044327E-03 3.5818592E-03 3.6627688E-03 3.7519634E-03 3.8447157E-03 3.9327145E-03 3.9825663E-03 4.0121451E-03 4.1963756E-03 4.3252483E-03 4.5629442E-03 4.7727972E-03 4.9853399E-03 5.1591992E-03 5.3866804E-03 5.5283457E-03 5.7579428E-03 5.9194788E-03
3.4028235E+38 3.4028235E+38 3.4028235E+38 3.4028235E+38 3.4028235E+38 3.4028235E+38 3.4028235E+38 3.4028235E+38 3.4028235E+38 3.4028235E+38 2.3786612E-03 2.3918264E-03 2.4725534E-03 2.4941303E-03 2.5187582E-03 2.4847463E-03 2.5126301E-03 2.5720522E-03 2.5785379E-03 2.5854111E-03 2.6102327E-03 2.5975592E-03 2.6412122E-03 2.6896670E-03 2.7782097E-03 2.8707609E-03 2.9672347E-03 3.0381754E-03 3.1218976E-03 3.2369569E-03 3.3266284E-03 3.4289435E-03 3.5415590E-03 3.6165603E-03 3.6904067E-03 3.7749857E-03 3.8512647E-03 3.9229691E-03 3.9791912E-03 4.1394457E-03 4.1852817E-03 4.3142512E-03 4.5114458E-03 4.7808513E-03 4.9665198E-03 5.2066967E-03 5.4111332E-03 5.6185871E-03 5.8113188E-03 6.0092732E-03
3.4028235E+38 3.4028235E+38 3.4028235E+38 3.4028235E+38 3.4028235E+38 3.4028235E+38 3.4028235E+38 3.4028235E+38 3.4028235E+38 3.4028235E+38 2.3951754E-03 2.4288185E-03 2.4190918E-03 2.4410002E-03 2.4641901E-03 2.4916753E-03 2.5292188E-03 2.5802739E-03 2.5729798E-03 2.5819913E-03 2.5985874E-03 2.6492104E-03 2.6875660E-03 2.7670749E-03 2.8461181E-03 2.9450506E-03 3.0162297E-03 3.1013526E-03 3.2021478E-03 3.2891929E-03 3.3856891E-03 3.4751333E-03 3.5728179E-03 3.6533214E-03 3.7235245E-03 3.7999377E-03 3.8704723E-03 3.9353743E-03 4.0007159E-03 4.0066466E-03 4.0501952E-03 4.2865723E-03 4.4762045E-03 4.7541559E-03 5.0122216E-03 5.2407607E-03 5.4858476E-03 5.7528466E-03 5.9423670E-03 6.1313659E-03
3.4028235E+38 3.4028235E+38 3.4028235E+38 3.4028235E+38 3.4028235E+38 3.4028235E+38 3.4028235E+38 3.4028235E+38 3.4028235E+38 3.4028235E+38 2.4727359E-03 2.4138205E-03 2.4264455E-03 2.4487302E-03 2.4958923E-03 2.5017373E-03 2.5469288E-03 2.5608949E-03 2.6419461E-03 2.6052296E-03 2.6295409E-03 2.6792958E-03 2.7580634E-03 2.8534308E-03 2.9191300E-03 3.0012578E-03 3.0778497E-03 3.1735525E-03 3.2555796E-03 3.3590458E-03 3.4744889E-03 3.5101436E-03 3.5996027E-03 3.6811754E-03 3.7616491E-03 3.8332194E-03 3.9000139E-03 3.9657205E-03 4.1943789E-03 4.2143092E-03 4.1984096E-03 4.2839274E-03 4.4602528E-03 4.7491044E-03 5.0940365E-03 5.3065196E-03 5.5525526E-03 5.8237985E-03 6.0195774E-03 6.2038675E-03
3.4028235E+38 3.4028235E+38 3.4028235E+38 3.4028235E+38 3.4028235E+38 3.4028235E+38 3.4028235E+38 3.4028235E+38 3.4028235E+38 3.4028235E+38 3.4028235E+38 2.4222992E-03 2.4776421E-03 2.5144033E-03 2.4561286E-03 2.5070086E-03 2.5432631E-03 2.5797077E-03 2.6178174E-03 2.6671477E-03 2.6720725E-03 2.7448013E-03 2.8413758E-03 2.9133335E-03 2.9832646E-03 3.0617230E-03 3.1540692E-03 3.2358728E-03 3.3210739E-03 3.4379475E-03 3.5196878E-03 3.5982877E-03 3.6827400E-03 3.7391111E-03 3.9846599E-03 3.8801953E-03 3.9429590E-03 4.0115193E-03 4.0722266E-03 4.1068718E-03 4.1114613E-03 4.1743740E-03 4.4672862E-03 4.7722161E-03 5.1042289E-03 5.3652748E-03 5.6173354E-03 5.8937669E-03 6.1075911E-03 6.3614100E-03
3.4028235E+38 3.4028235E+38 3.4028235E+38 3.4028235E+38 3.4028235E+38 3.4028235E+38 3.4028235E+38 3.4028235E+38 3.4028235E+38 3.4028235E+38 2.4435818E-03 2.4051070E-03 2.4757385E-03 2.5465265E-03 2.4978071E-03 2.5486425E-03 2.5754459E-03 2.6919506E-03 2.6704855E-03 2.6564859E-03 2.7469136E-03 2.8292909E-03 2.8984025E-03 2.9715337E-03 3.0414648E-03 3.1075403E-03 3.2044761E-03 3.3133812E-03 3.3819601E-03 3.4719296E-03 3.5591424E-03 3.6270916E-03 3.7023835E-03 3.7972964E-03 3.8761944E-03 3.9302781E-03 3.9982796E-03 4.0706918E-03 4.1196942E-03 4.1609928E-03 4.4073090E-03 4.2279139E-03 4.4997707E-03 4.8080012E-03 5.1370487E-03 5.4286048E-03 5.6965724E-03 5.9644580E-03 6.2216818E-03 6.4440295E-03
3.4028235E+38 3.4028235E+38 3.4028235E+38 3.4028235E+38 3.4028235E+38 3.4028235E+38 3.4028235E+38 3.4028235E+38 2.4454519E-03 2.4418682E-03 2.4328269E-03 2.4512708E-03 2.5304556E-03 2.5591254E-03 2.5680028E-03 2.5868192E-03 2.6104152E-03 2.6196539E-03 2.6660226E-03 2.7327985E-03 2.8166287E-03 2.8736442E-03 2.9622428E-03 3.0760020E-03 3.1550750E-03 3.2263808E-03 3.2640994E-03 3.3873208E-03 3.4238398E-03 3.5201088E-03 3.5849996E-03 3.6649555E-03 3.7584342E-03 3.8289279E-03 3.9197952E-03 3.9966330E-03 4.0662065E-03 4.1374862E-03 4.2034537E-03 4.2533726E-03 4.4156462E-03 4.2631850E-03 4.5304522E-03 4.8378631E-03 5.1951408E-03 5.5127293E-03 5.8027357E-03 6.0725957E-03 6.3596815E-03 6.5740645E-03
