LUCAS_GEMMES_COP27/includes/subsidence/Scenario_B1/tmp/TOT_SUBSIDENCE_2020_SINCE_2018_MKD_ONLY.ASC
NCOLS                318
NROWS                364
XLLCORNER      400000.00
YLLCORNER      907000.00
CELLSIZE         1000.00
NODATA_VALUE    0.3402823E+39
[rows 88 to 109 of 364, columns 150 to 199 of 318]
7.0021972E-03 7.3260441E-03 7.5268373E-03 7.7897981E-03 7.9212263E-03 8.2204789E-03 8.2893223E-03 8.3510876E-03 8.4488690E-03 8.5165277E-03 8.6700246E-03 8.7566897E-03 8.8520944E-03 8.8660717E-03 8.9346021E-03 9.0540349E-03 9.0696067E-03 9.1477036E-03 9.1679543E-03 9.2372447E-03 9.3191564E-03 9.3734413E-03 9.4039589E-03 9.4221234E-03 9.4250888E-03 9.5025599E-03 9.5282495E-03 9.5689595E-03 9.6715987E-03 9.7838044E-03 9.8604411E-03 9.9687129E-03 1.0049090E-02 1.0234177E-02 1.0387033E-02 1.0479718E-02 1.0652125E-02 1.0837480E-02 1.0956049E-02 1.1070773E-02 1.1250451E-02 1.1339799E-02 1.1334404E-02 1.1314183E-02 1.1330247E-02 1.1342466E-02 1.1348158E-02 1.1358440E-02 1.1357099E-02 1.1351630E-02
7.1412250E-03 7.4084923E-03 7.6670423E-03 7.9558939E-03 8.1126466E-03 8.2043484E-03 8.3136037E-03 8.3969757E-03 8.4925070E-03 8.6033046E-03 8.7115392E-03 8.7855384E-03 8.9006573E-03 8.9400485E-03 9.0378523E-03 9.1098398E-03 9.1707557E-03 9.1829449E-03 9.2288107E-03 9.3160272E-03 9.3742460E-03 9.4209462E-03 9.4560832E-03 9.4650686E-03 9.4958395E-03 9.5633715E-03 9.6125454E-03 9.6662939E-03 9.7165853E-03 9.8036230E-03 9.9231303E-03 1.0028377E-02 1.0156438E-02 1.0309339E-02 1.0467917E-02 1.0593757E-02 1.0754496E-02 1.0926992E-02 1.1082292E-02 1.1156216E-02 1.1217013E-02 1.1236325E-02 1.1235818E-02 1.1223063E-02 1.1247545E-02 1.1252433E-02 1.1303693E-02 1.1275172E-02 1.1283144E-02 1.1266172E-02
7.3962733E-03 7.5961873E-03 7.8088194E-03 8.0573633E-03 8.1591457E-03 8.2629621E-03 8.3618686E-03 8.4701553E-03 8.5944831E-03 8.6671934E-03 8.7927431E-03 8.8853985E-03 8.9477673E-03 9.0177059E-03 9.1096014E-03 9.1763139E-03 9.2163682E-03 9.2435330E-03 9.2908442E-03 9.3425065E-03 9.3771070E-03 9.4729662E-03 9.5016062E-03 9.5443577E-03 9.5413625E-03 9.5791519E-03 9.6427649E-03 9.7068846E-03 9.7677112E-03 9.8389089E-03 9.9424571E-03 1.0058954E-02 1.0169029E-02 1.0312945E-02 1.0503381E-02 1.0717228E-02 1.0890424E-02 1.1094585E-02 1.1147112E-02 1.1223957E-02 1.1157259E-02 1.1154160E-02 1.1156470E-02 1.1157796E-02 1.1162847E-02 1.1185572E-02 1.1194438E-02 1.1167064E-02 1.1181727E-02 1.1208847E-02
7.6475963E-03 7.8753829E-03 8.0084577E-03 8.1188828E-03 8.2341209E-03 8.3663911E-03 8.4510148E-03 8.5588768E-03 8.6607710E-03 8.7673962E-03 8.8511109E-03 8.9223459E-03 8.9871138E-03 9.0986490E-03 9.1208071E-03 9.1931969E-03 9.2382431E-03 9.2914850E-03 9.3591064E-03 9.3732625E-03 9.4074160E-03 9.4697922E-03 9.5037818E-03 9.5425993E-03 9.5736235E-03 9.5919818E-03 9.6276850E-03 9.6909553E-03 9.7931027E-03 9.8766983E-03 9.9674910E-03 1.0075822E-02 1.0172412E-02 1.0349989E-02 1.0592416E-02 1.0788158E-02 1.1024356E-02 1.1136204E-02 1.1078700E-02 1.1105344E-02 1.1106938E-02 1.1069864E-02 1.1098504E-02 1.1069521E-02 1.1075452E-02 1.1092991E-02 1.1042833E-02 1.1044919E-02 1.1100575E-02 1.1125073E-02
7.8428611E-03 7.9373494E-03 8.1075355E-03 8.2089677E-03 8.3281025E-03 8.4130988E-03 8.5925758E-03 8.6523816E-03 8.7425411E-03 8.8302344E-03 8.9114532E-03 8.9911073E-03 9.0627223E-03 9.1196001E-03 9.1850013E-03 9.2447400E-03 9.3017519E-03 9.3854517E-03 9.4372481E-03 9.4357729E-03 9.4445795E-03 9.5304102E-03 9.5571727E-03 9.5745027E-03 9.5946193E-03 9.6250921E-03 9.6390098E-03 9.6942186E-03 9.7784996E-03 9.8728687E-03 9.9749416E-03 1.0080352E-02 1.0199904E-02 1.0415375E-02 1.0640010E-02 1.0878369E-02 1.0995582E-02 1.0972634E-02 1.0973513E-02 1.0993659E-02 1.0987058E-02 1.0932669E-02 1.0984153E-02 1.1005595E-02 1.1054844E-02 1.1016995E-02 1.0974824E-02 1.1018842E-02 1.1072233E-02 1.1029661E-02
7.8836083E-03 8.0572888E-03 8.2342401E-03 8.3372518E-03 8.3655789E-03 8.5078925E-03 8.6873770E-03 8.7296888E-03 8.8172331E-03 8.9047849E-03 8.9773387E-03 9.0736747E-03 9.1254115E-03 9.1740042E-03 9.2378855E-03 9.2932135E-03 9.3531758E-03 9.4387084E-03 9.4744414E-03 9.4622672E-03 9.5023960E-03 9.5597953E-03 9.5845908E-03 9.5836818E-03 9.6239001E-03 9.6622407E-03 9.6708983E-03 9.7221583E-03 9.8096877E-03 9.8806620E-03 9.9874735E-03 1.0090828E-02 1.0216668E-02 1.0399967E-02 1.0624617E-02 1.0833651E-02 1.0846093E-02 1.0880798E-02 1.0892659E-02 1.0914415E-02 1.0925412E-02 1.0901853E-02 1.0916844E-02 1.0928214E-02 1.0940790E-02 1.0964379E-02 1.0995373E-02 1.0957584E-02 1.0979354E-02 1.1001304E-02
8.0235526E-03 8.1157088E-03 8.2375258E-03 8.3890259E-03 8.4609017E-03 8.5863248E-03 8.7512285E-03 8.8474005E-03 8.9384913E-03 9.0041161E-03 9.0666413E-03 9.1709048E-03 9.2360377E-03 9.2677176E-03 9.2884302E-03 9.3542486E-03 9.4307363E-03 9.4702840E-03 9.5067620E-03 9.5384866E-03 9.5333308E-03 9.5704496E-03 9.6040517E-03 9.6018463E-03 9.6257180E-03 9.6339732E-03 9.6664131E-03 9.7128302E-03 9.7897202E-03 9.8603964E-03 9.9596828E-03 1.0093316E-02 1.0228395E-02 1.0364562E-02 1.0648713E-02 1.0762483E-02 1.0707483E-02 1.0772318E-02 1.0831714E-02 1.0849297E-02 1.0801524E-02 1.0853767E-02 1.0838374E-02 1.0846660E-02 1.0882765E-02 1.0919541E-02 1.0926068E-02 1.0890573E-02 1.0950267E-02 1.0955915E-02
8.0551207E-03 8.1914663E-03 8.2895160E-03 8.4885806E-03 8.5650310E-03 8.7221265E-03 8.8535994E-03 8.9161098E-03 8.9667439E-03 9.0533048E-03 9.1051310E-03 9.1783851E-03 9.2585534E-03 9.2871636E-03 9.3357712E-03 9.4297975E-03 9.4706118E-03 9.5049739E-03 9.5331669E-03 9.5592588E-03 9.5243454E-03 9.5464289E-03 9.6090138E-03 9.5861107E-03 9.6167326E-03 9.6260160E-03 9.6653402E-03 9.6791536E-03 9.7185224E-03 9.8303109E-03 9.9255443E-03 1.0007769E-02 1.0191649E-02 1.0355905E-02 1.0559529E-02 1.0582402E-02 1.0600790E-02 1.0658041E-02 1.0725722E-02 1.0751992E-02 1.0710895E-02 1.0740712E-02 1.0774344E-02 1.0778680E-02 1.0839477E-02 1.0866210E-02 1.0840893E-02 1.0831147E-02 1.0841802E-02 1.0868803E-02
8.0546811E-03 8.2300007E-03 8.3685219E-03 8.5285902E-03 8.6511523E-03 8.7710321E-03 8.8712871E-03 8.9392215E-03 9.0207160E-03 9.1100037E-03 9.1875046E-03 9.2429221E-03 9.3073696E-03 9.3345195E-03 9.3867332E-03 9.4839483E-03 9.5127970E-03 9.5520765E-03 9.5691085E-03 9.5684230E-03 9.5540434E-03 9.5882863E-03 9.5630139E-03 9.5755905E-03 9.5964372E-03 9.6069723E-03 9.6213818E-03 9.6442252E-03 9.6757412E-03 9.7537488E-03 9.8525882E-03 9.9200904E-03 1.0030583E-02 1.0196313E-02 1.0364532E-02 1.0442168E-02 1.0497347E-02 1.0494739E-02 1.0543078E-02 1.0658845E-02 1.0692030E-02 1.0709360E-02 1.0758594E-02 1.0728255E-02 1.0739371E-02 1.0759279E-02 1.0780632E-02 1.0792911E-02 1.0801524E-02 1.0800302E-02
8.0822632E-03 8.2865134E-03 8.4970221E-03 8.6385161E-03 8.7479800E-03 8.8434070E-03 8.9639425E-03 9.0244859E-03 9.1091841E-03 9.1791749E-03 9.2394352E-03 9.2965066E-03 9.3468577E-03 9.3707144E-03 9.4193369E-03 9.4690919E-03 9.4987750E-03 9.5717758E-03 9.5878839E-03 9.5619112E-03 9.5748603E-03 9.5596164E-03 9.5581114E-03 9.5406771E-03 9.5567256E-03 9.5662028E-03 9.5839947E-03 9.5736831E-03 9.5837563E-03 9.6423775E-03 9.7447485E-03 9.8257810E-03 9.9177659E-03 1.0062367E-02 1.0177910E-02 1.0287166E-02 1.0341629E-02 1.0347128E-02 1.0400563E-02 1.0537773E-02 1.0615140E-02 1.0652602E-02 1.0687336E-02 1.0653198E-02 1.0688692E-02 1.0711327E-02 1.0725960E-02 1.0741904E-02 1.0754496E-02 1.0760710E-02
8.1527233E-03 8.3433390E-03 8.5177645E-03 8.6803436E-03 8.8165700E-03 8.9506656E-03 9.0286583E-03 9.1257095E-03 9.1881901E-03 9.2447549E-03 9.3111098E-03 9.3471408E-03 9.3909651E-03 9.4341338E-03 9.4810128E-03 9.5052719E-03 9.5289797E-03 9.5553994E-03 9.5605850E-03 9.5728338E-03 9.5576942E-03 9.5751286E-03 9.5662326E-03 9.5238090E-03 9.5356554E-03 9.5397979E-03 9.5566511E-03 9.5319748E-03 9.5254332E-03 9.5571578E-03 9.6411556E-03 9.7372234E-03 9.8109692E-03 9.9536031E-03 1.0045156E-02 1.0199621E-02 1.0288477E-02 1.0316864E-02 1.0363713E-02 1.0488451E-02 1.0537401E-02 1.0521024E-02 1.0566726E-02 1.0604918E-02 1.0637432E-02 1.0661155E-02 1.0683253E-02 1.0702655E-02 1.0739118E-02 1.0715052E-02
8.2434937E-03 8.4528998E-03 8.6589605E-03 8.7874383E-03 8.9307874E-03 9.0197474E-03 9.0971142E-03 9.2314482E-03 9.2596412E-03 9.3147159E-03 9.3609840E-03 9.4085634E-03 9.4569027E-03 9.4854087E-03 9.5330775E-03 9.5968693E-03 9.5651895E-03 9.5790774E-03 9.6286237E-03 9.6112192E-03 9.5957369E-03 9.5941424E-03 9.5686764E-03 9.5376372E-03 9.5298141E-03 9.5355362E-03 9.5231086E-03 9.4869882E-03 9.4868392E-03 9.4798207E-03 9.5258951E-03 9.5957965E-03 9.6711963E-03 9.7949207E-03 9.9174827E-03 1.0049984E-02 1.0151207E-02 1.0238975E-02 1.0315299E-02 1.0384932E-02 1.0472193E-02 1.0465175E-02 1.0517418E-02 1.0555491E-02 1.0602549E-02 1.0624155E-02 1.0649875E-02 1.0670781E-02 1.0687426E-02 1.0690123E-02
8.3341226E-03 8.5352287E-03 8.7177008E-03 8.8595301E-03 8.9891553E-03 9.0906918E-03 9.1951936E-03 9.3169659E-03 9.3938410E-03 9.4144642E-03 9.4585568E-03 9.4691962E-03 9.5315278E-03 9.5459223E-03 9.5815510E-03 9.6512884E-03 9.6356273E-03 9.6365064E-03 9.6575022E-03 9.6281022E-03 9.6129030E-03 9.6001625E-03 9.5701665E-03 9.5573515E-03 9.5211118E-03 9.5059276E-03 9.4774961E-03 9.4688982E-03 9.4389468E-03 9.4070584E-03 9.4047189E-03 9.4874501E-03 9.4624013E-03 9.6399188E-03 9.8002106E-03 9.9243075E-03 1.0072172E-02 1.0190278E-02 1.0239393E-02 1.0295630E-02 1.0382950E-02 1.0406002E-02 1.0461167E-02 1.0504678E-02 1.0562852E-02 1.0607123E-02 1.0604933E-02 1.0634705E-02 1.0673866E-02 1.0658026E-02
8.4117576E-03 8.6392015E-03 8.8080764E-03 8.9440793E-03 9.0656281E-03 9.1722906E-03 9.2851222E-03 9.3284994E-03 9.4031096E-03 9.4584674E-03 9.5018893E-03 9.5647722E-03 9.6019506E-03 9.6073151E-03 9.6426755E-03 9.6504986E-03 9.6941441E-03 9.6624494E-03 9.6821189E-03 9.6532404E-03 9.6400678E-03 9.5859170E-03 9.5889568E-03 9.5637292E-03 9.5121861E-03 9.4586164E-03 9.4280541E-03 9.3883574E-03 9.3480498E-03 9.3049556E-03 9.2764050E-03 9.2639625E-03 9.3474686E-03 9.5208138E-03 9.7119361E-03 9.8647922E-03 9.9970251E-03 1.0126635E-02 1.0175571E-02 1.0236025E-02 1.0324523E-02 1.0376573E-02 1.0441035E-02 1.0479808E-02 1.0520443E-02 1.0587066E-02 1.0598719E-02 1.0607526E-02 1.0633364E-02 1.0648683E-02
8.5086077E-03 8.7703019E-03 8.9203417E-03 9.0665817E-03 9.1681778E-03 9.2946291E-03 9.3602240E-03 9.4242245E-03 9.4686598E-03 9.5336735E-03 9.5915794E-03 9.6285045E-03 9.6521825E-03 9.6677840E-03 9.7021759E-03 9.7277313E-03 9.7042024E-03 9.7036958E-03 9.6978992E-03 9.6771717E-03 9.6484125E-03 9.6264780E-03 9.5793009E-03 9.5555335E-03 9.4838440E-03 9.4306767E-03 9.3842447E-03 9.3259066E-03 9.2636645E-03 9.1961175E-03 9.1410801E-03 9.1202110E-03 9.3211383E-03 9.4923824E-03 9.7026378E-03 9.8443925E-03 9.9201351E-03 1.0019869E-02 1.0117427E-02 1.0214791E-02 1.0290712E-02 1.0379151E-02 1.0428324E-02 1.0462582E-02 1.0505483E-02 1.0557741E-02 1.0580182E-02 1.0592848E-02 1.0619283E-02 1.0617763E-02
8.6023510E-03 8.8367164E-03 9.0124905E-03 9.1420561E-03 9.2610121E-03 9.3682408E-03 9.4495714E-03 9.4867051E-03 9.5631331E-03 9.6161515E-03 9.6606612E-03 9.6704960E-03 9.7025186E-03 9.7263753E-03 9.7498596E-03 9.7595751E-03 9.7469389E-03 9.7326189E-03 9.7336471E-03 9.7155124E-03 9.6719563E-03 9.6348971E-03 9.6101612E-03 9.5418245E-03 9.4697922E-03 9.4153732E-03 9.3467981E-03 9.2704594E-03 9.1852248E-03 9.0918392E-03 8.9415088E-03 9.0415701E-03 9.2728212E-03 9.4935596E-03 9.6646994E-03 9.8043680E-03 9.8717511E-03 9.9985749E-03 1.0121346E-02 1.0201812E-02 1.0241449E-02 1.0336533E-02 1.0429859E-02 1.0423556E-02 1.0481775E-02 1.0538191E-02 1.0547578E-02 1.0566220E-02 1.0582969E-02 1.0586843E-02
8.7221265E-03 8.9668185E-03 9.1194808E-03 9.2438161E-03 9.3779564E-03 9.4614923E-03 9.5530599E-03 9.6120089E-03 9.6732974E-03 9.7027570E-03 9.7406954E-03 9.7584873E-03 9.7780079E-03 9.7975135E-03 9.8218322E-03 9.8266751E-03 9.8229349E-03 9.8039806E-03 9.7721219E-03 9.7616762E-03 9.7166598E-03 9.6917003E-03 9.6359700E-03 9.5455050E-03 9.4650686E-03 9.4005764E-03 9.3184412E-03 9.2278272E-03 9.1184974E-03 9.0054646E-03 8.8782310E-03 9.0999007E-03 9.2764348E-03 9.4624013E-03 9.6015036E-03 9.7626746E-03 9.8552555E-03 9.9656880E-03 1.0059506E-02 1.0139510E-02 1.0174617E-02 1.0214061E-02 1.0342747E-02 1.0403633E-02 1.0450765E-02 1.0504082E-02 1.0519654E-02 1.0546297E-02 1.0558456E-02 1.0574445E-02
9.1384649E-03 9.0786219E-03 9.5027834E-03 9.3526840E-03 9.4676912E-03 9.5504522E-03 9.6636713E-03 9.7088963E-03 9.7315311E-03 9.7453892E-03 9.7981989E-03 9.8438710E-03 9.8724067E-03 9.8769963E-03 9.8858029E-03 9.8983496E-03 9.9010468E-03 9.8614097E-03 9.8319203E-03 9.7867250E-03 9.7324252E-03 9.6804202E-03 9.6724182E-03 9.5825642E-03 9.4705224E-03 9.4043911E-03 9.3052089E-03 9.2290044E-03 9.1021508E-03 8.8840649E-03 8.8850185E-03 9.1276318E-03 9.2923045E-03 9.4355941E-03 9.5802546E-03 9.7778887E-03 9.8925829E-03 9.9526346E-03 1.0049701E-02 1.0137588E-02 1.0204330E-02 1.0235772E-02 1.0329694E-02 1.0381848E-02 1.0437027E-02 1.0469899E-02 1.0499075E-02 1.0524154E-02 1.0545328E-02 1.0538593E-02
8.9616776E-03 9.1999620E-03 9.3676895E-03 9.4489604E-03 9.5482618E-03 9.6395761E-03 9.7186267E-03 9.7719282E-03 9.8050386E-03 9.8278373E-03 9.8846704E-03 9.9449158E-03 9.9782497E-03 9.9748820E-03 9.9601895E-03 9.9446625E-03 9.9407136E-03 9.9080652E-03 9.8643452E-03 9.8454952E-03 9.7864866E-03 9.7028613E-03 9.6627325E-03 9.5863193E-03 9.4851553E-03 9.4092488E-03 9.3095899E-03 9.2037916E-03 9.1042742E-03 8.9624673E-03 9.0212002E-03 9.1979504E-03 9.3510449E-03 9.4314665E-03 9.5812827E-03 9.7815394E-03 9.8312646E-03 9.9201053E-03 1.0030732E-02 1.0084048E-02 1.0135844E-02 1.0237426E-02 1.0313064E-02 1.0358617E-02 1.0402650E-02 1.0450035E-02 1.0478213E-02 1.0517582E-02 1.0557175E-02 1.0546282E-02
9.0924948E-03 9.4289035E-03 9.5191598E-03 9.5857829E-03 9.6711814E-03 9.7459108E-03 9.8092258E-03 9.8644346E-03 9.9245012E-03 9.9431276E-03 9.9843591E-03 1.0035038E-02 1.0065362E-02 1.0082662E-02 1.0045007E-02 1.0018617E-02 1.0000527E-02 9.9786669E-03 9.9429339E-03 9.8904669E-03 9.8425299E-03 9.7529441E-03 9.6850246E-03 9.5980316E-03 9.5091313E-03 9.3896985E-03 9.2878938E-03 9.2123449E-03 9.0828240E-03 9.0582222E-03 9.1816634E-03 9.2891157E-03 9.4310045E-03 9.5065385E-03 9.6255243E-03 9.7477436E-03 9.8091513E-03 9.8803639E-03 1.0014921E-02 1.0039702E-02 1.0081962E-02 1.0225534E-02 1.0317817E-02 1.0340676E-02 1.0391936E-02 1.0422781E-02 1.0456160E-02 1.0484174E-02 1.0502413E-02 1.0544404E-02
9.2885345E-03 9.4983876E-03 9.6626431E-03 9.7438097E-03 9.8161846E-03 9.8892301E-03 9.9395066E-03 9.9883676E-03 1.0049954E-02 1.0046080E-02 1.0044008E-02 1.0066926E-02 1.0144785E-02 1.0170430E-02 1.0125160E-02 1.0128334E-02 1.0098308E-02 1.0051161E-02 1.0016918E-02 9.9990815E-03 9.9143386E-03 9.8251402E-03 9.7625554E-03 9.6534789E-03 9.5414370E-03 9.4325393E-03 9.3640834E-03 9.2368275E-03 9.1797337E-03 9.2347264E-03 9.3043447E-03 9.3851089E-03 9.4805956E-03 9.5673203E-03 9.6994638E-03 9.7956657E-03 9.9161267E-03 9.9911690E-03 1.0019615E-02 1.0100707E-02 1.0124296E-02 1.0217860E-02 1.0272071E-02 1.0329351E-02 1.0392010E-02 1.0406971E-02 1.0425776E-02 1.0447696E-02 1.0469899E-02 1.0494083E-02
9.4925165E-03 9.7116232E-03 9.8346174E-03 9.9271685E-03 9.9817961E-03 1.0072023E-02 1.0082483E-02 1.0103464E-02 1.0146037E-02 1.0141000E-02 1.0139152E-02 1.0159880E-02 1.0219321E-02 1.0228336E-02 1.0213345E-02 1.0206655E-02 1.0189831E-02 1.0121346E-02 1.0106832E-02 1.0085434E-02 9.9874288E-03 9.9256933E-03 9.8194778E-03 9.7046494E-03 9.5964968E-03 9.4720423E-03 9.4019473E-03 9.3322396E-03 9.3530416E-03 9.3660057E-03 9.4080418E-03 9.4921738E-03 9.5662773E-03 9.6188933E-03 9.7102225E-03 9.7904056E-03 9.9017024E-03 9.9155605E-03 9.9694431E-03 1.0087416E-02 1.0148406E-02 1.0220721E-02 1.0273606E-02 1.0307282E-02 1.0350287E-02 1.0422662E-02 1.0432020E-02 1.0449305E-02 1.0471925E-02 1.0476366E-02
