LUCAS_GEMMES_COP27/includes/subsidence/Scenario_B1/tmp/TOT_SUBSIDENCE_2070_SINCE_2018_MKD_ONLY.ASC
NCOLS                318
NROWS                364
XLLCORNER      400000.00
YLLCORNER      907000.00
CELLSIZE         1000.00
NODATA_VALUE    0.3402823E+39
[rows 192 to 215 of 364, columns 165 to 219 of 318]
0.3023401 0.2825584 0.2657757 0.2786042 0.3020941 0.3217909 0.3326958 0.3574611 0.3740039 0.3819089 0.3973962 0.4112717 0.4229872 0.4421329 0.4531651 0.4626779 0.4635000 0.4716159 0.4865356 0.4879466 0.4952478 0.5078578 0.5134834 0.5119061 0.5246325 0.5277366 0.5330082 0.5362415 0.5323458 0.5356439 0.5458065 0.5482651 0.5506268 0.5526163 0.5471331 0.5555116 0.5588547 0.5593964 0.5621433 0.5692809 0.5756977 0.5820943 0.5873648 0.5981191 0.6147007 0.6230727 0.6346747 0.6376925 0.6390762 0.6352150 0.6270930 0.6167979 0.6185832 0.6192837 0.6180214
0.2789304 0.2701986 0.2716234 0.2848681 0.3032411 0.3236752 0.3314013 0.3501059 0.3664069 0.3810996 0.4034458 0.4171761 0.4222416 0.4335908 0.4517736 0.4611451 0.4694962 0.4707050 0.4795812 0.4879205 0.5032114 0.5088763 0.5061488 0.5130451 0.5267965 0.5300540 0.5356810 0.5404382 0.5441780 0.5406145 0.5451053 0.5570175 0.5598962 0.5559113 0.5593503 0.5691565 0.5728499 0.5753007 0.5788103 0.5861678 0.5919945 0.5983101 0.6045280 0.6217578 0.6290576 0.6383594 0.6511094 0.6529818 0.6555015 0.6479639 0.6403228 0.6308408 0.6214129 0.6219335 0.6172736
0.2717082 0.2567084 0.2595754 0.2791274 0.3084838 0.3156793 0.3348190 0.3516538 0.3761111 0.3904379 0.4048594 0.4177091 0.4296561 0.4321996 0.4426940 0.4608501 0.4698302 0.4779848 0.4781307 0.4862547 0.5029823 0.5086750 0.5067633 0.5226707 0.5293498 0.5334072 0.5392810 0.5454701 0.5508455 0.5472091 0.5529758 0.5684243 0.5716389 0.5672802 0.5787812 0.5822130 0.5895381 0.5933486 0.5959885 0.6021268 0.6098533 0.6088872 0.6186292 0.6349033 0.6433970 0.6509919 0.6585027 0.6619401 0.6689321 0.6617235 0.6574936 0.6436666 0.6362079 0.6199841 0.5955289
0.2730844 0.2646304 0.2801109 0.2842558 0.3030283 0.3221650 0.3403658 0.3641624 0.3777146 0.3921918 0.4056326 0.4189180 0.4306415 0.4414942 0.4428081 0.4522068 0.4603480 0.4691054 0.4769346 0.4841628 0.5018371 0.5009435 0.5085208 0.5259632 0.5307837 0.5360928 0.5454564 0.5507765 0.5564866 0.5550065 0.5605922 0.5669265 0.5805576 0.5761343 0.5873837 0.5941323 0.6025786 0.6061966 0.6122780 0.6180207 0.6241850 0.6236368 0.6373286 0.6475736 0.6554504 0.6604542 0.6654896 0.6678997 0.6695754 0.6619804 0.6631855 0.6517198 0.6402661 0.5868298 0.5799750
0.2639079 0.2535726 0.2739803 0.2895065 0.3195526 0.3377014 0.3423825 0.3560876 0.3808410 0.3946415 0.4079779 0.4216962 0.4326036 0.4431937 0.4443257 0.4537736 0.4617099 0.4796497 0.4869598 0.4848272 0.4937480 0.5028396 0.5204225 0.5290259 0.5359152 0.5419260 0.5530879 0.5581863 0.5636570 0.5616534 0.5790769 0.5742357 0.5779469 0.5837179 0.5989328 0.6048741 0.6135647 0.6172804 0.6253791 0.6319293 0.6386029 0.6364889 0.6518757 0.6598799 0.6670351 0.6690902 0.6714159 0.6722506 0.6697726 0.6588219 0.6345912 0.6214265 0.6207755 0.6023129 0.5873348
0.2508356 0.2681449 0.2800605 0.3074768 0.3262267 0.3433602 0.3582785 0.3605645 0.3867818 0.4008146 0.4134983 0.4252425 0.4241656 0.4349675 0.4464552 0.4663695 0.4639254 0.4722053 0.4905229 0.4984165 0.4966749 0.5037678 0.5225512 0.5316771 0.5409812 0.5481503 0.5542662 0.5628486 0.5707412 0.5678678 0.5851238 0.5929890 0.5884006 0.5940319 0.6104406 0.6167541 0.6244857 0.6299246 0.6379139 0.6442054 0.6445841 0.6500400 0.6632558 0.6704211 0.6741468 0.6756810 0.6795034 0.6776697 0.6687371 0.6555453 0.6427631 0.6288455 0.6150368 0.5953304 0.5875824
0.2637697 0.2771775 0.2901437 0.3164693 0.3340520 0.3503819 0.3650120 0.3657901 0.3790438 0.4039150 0.4036355 0.4157145 0.4269460 0.4496413 0.4585923 0.4670860 0.4759408 0.4728716 0.4820002 0.4911965 0.4999319 0.5051690 0.5140146 0.5234202 0.5449944 0.5523490 0.5569617 0.5658340 0.5763672 0.5746903 0.5917807 0.5999351 0.6058995 0.6036308 0.6218456 0.6298984 0.6373140 0.6435283 0.6505896 0.6559895 0.6574628 0.6684581 0.6745862 0.6812981 0.6836097 0.6816871 0.6836963 0.6783731 0.6727792 0.6633726 0.6509993 0.6333794 0.6221988 0.6022055 0.5857408
0.2715191 0.2838393 0.3123207 0.3247564 0.3406161 0.3572638 0.3713375 0.3853208 0.3842960 0.3949175 0.4057788 0.4316618 0.4437839 0.4534596 0.4605158 0.4700736 0.4796072 0.4728820 0.4820704 0.4912345 0.5124840 0.5082614 0.5287585 0.5278222 0.5364734 0.5424407 0.5487856 0.5688174 0.5812762 0.5803604 0.5968180 0.6034820 0.6120617 0.6100314 0.6195210 0.6386099 0.6465999 0.6545847 0.6635460 0.6709489 0.6682674 0.6800508 0.6869566 0.6915486 0.6940166 0.6929581 0.6866521 0.6820143 0.6766264 0.6622459 0.6504399 0.6345652 0.6230028 0.6059051 0.5835863
0.2807860 0.3074971 0.3211142 0.3350574 0.3500749 0.3639259 0.3627988 0.3777315 0.3881553 0.3988449 0.4241928 0.4378143 0.4491586 0.4567992 0.4634670 0.4729058 0.4705264 0.4765022 0.4960008 0.4895977 0.4990993 0.5089542 0.5180042 0.5401799 0.5523050 0.5582463 0.5530621 0.5622479 0.5759972 0.5840696 0.5895706 0.6078604 0.6105334 0.6169950 0.6268099 0.6369784 0.6553931 0.6654704 0.6761192 0.6826996 0.6799318 0.6908705 0.6973773 0.7020091 0.7032685 0.7017409 0.6949596 0.6933044 0.6782458 0.6655158 0.6521248 0.6343829 0.6222669 0.6049594 0.5829309
0.2920890 0.3181887 0.3284935 0.3439391 0.3434811 0.3570877 0.3703467 0.3982907 0.4081797 0.4046804 0.4159622 0.4423993 0.4511133 0.4592029 0.4533279 0.4612534 0.4688967 0.4764916 0.4985147 0.5042311 0.5005822 0.5236129 0.5200406 0.5421967 0.5533051 0.5605932 0.5689019 0.5803260 0.5928262 0.5862834 0.5928495 0.6119156 0.6131040 0.6346548 0.6444780 0.6441208 0.6557229 0.6784379 0.6845836 0.6915872 0.6900522 0.7028484 0.7106916 0.7140009 0.7123029 0.7095066 0.7038036 0.6965202 0.6814157 0.6655362 0.6476930 0.6331499 0.6204022 0.6021153 0.5863105
0.3187527 0.3287761 0.3229760 0.3387904 0.3523657 0.3652211 0.3937106 0.4037248 0.4148955 0.4263534 0.4209775 0.4456529 0.4538735 0.4475261 0.4564215 0.4793215 0.4864675 0.4796000 0.4883981 0.5085593 0.5037495 0.5128053 0.5209020 0.5295273 0.5540048 0.5634893 0.5723785 0.5807718 0.5906563 0.6002352 0.5969243 0.6039965 0.6139937 0.6388448 0.6481842 0.6602854 0.6606200 0.6698974 0.6890166 0.6914693 0.7009593 0.7159445 0.7249072 0.7333350 0.7273259 0.7202829 0.7060498 0.6978508 0.6838875 0.6662821 0.6464732 0.6311462 0.6150492 0.5960485 0.5824357
0.3139362 0.3230139 0.3356298 0.3493974 0.3781189 0.3735005 0.4004184 0.4086956 0.4198912 0.4287494 0.4236609 0.4329873 0.4417735 0.4506441 0.4756231 0.4828935 0.4903596 0.4998117 0.4878595 0.5119203 0.5226263 0.5151485 0.5225190 0.5292615 0.5381514 0.5629131 0.5736598 0.5835013 0.5907624 0.5979475 0.5983737 0.6073174 0.6185300 0.6423800 0.6538713 0.6550643 0.6423124 0.6595998 0.6845270 0.7016429 0.7210248 0.7303634 0.7397974 0.7457716 0.7419525 0.7279841 0.7131748 0.6963761 0.6799359 0.6624191 0.6446040 0.6255711 0.6074413 0.5835836 0.5755972
0.3232746 0.3488997 0.3626201 0.3589153 0.3870396 0.3813285 0.4075393 0.4154145 0.4220774 0.4153893 0.4267447 0.4378107 0.4610505 0.4706938 0.4782237 0.4850408 0.4934589 0.5017243 0.4909782 0.5153643 0.5232572 0.5310521 0.5228142 0.5257837 0.5296108 0.5566009 0.5715708 0.5837828 0.5911989 0.5980046 0.5995856 0.6218391 0.6210328 0.6334633 0.6469416 0.6674280 0.6657965 0.6688416 0.6988535 0.7241428 0.7358006 0.7449919 0.7528807 0.7535706 0.7463161 0.7364582 0.7258784 0.7043449 0.6848069 0.6648741 0.6398678 0.6234566 0.6053206 0.5794648 0.5694844
0.3493670 0.3611660 0.3740327 0.3686700 0.3958763 0.3892064 0.3973700 0.4049514 0.4119012 0.4210800 0.4312590 0.4562303 0.4633774 0.4696020 0.4761517 0.4848689 0.4938216 0.4852394 0.4920412 0.4997623 0.5052603 0.5122874 0.5181887 0.5139049 0.5201840 0.5479999 0.5687913 0.5819922 0.5926866 0.5898620 0.6008530 0.6225004 0.6351993 0.6494553 0.6507223 0.6597742 0.6910859 0.6905534 0.7112420 0.7285281 0.7539022 0.7606654 0.7656813 0.7665229 0.7494953 0.7449074 0.7279085 0.7039752 0.6805091 0.6536939 0.6325622 0.6156592 0.5985726 0.5804675 0.5624123
0.3619514 0.3732464 0.3848309 0.3780667 0.4042659 0.4131376 0.4036660 0.4109297 0.4188530 0.4268232 0.4513879 0.4585380 0.4662517 0.4565638 0.4621119 0.4696723 0.4768861 0.4840279 0.4925249 0.5163666 0.5215120 0.5270249 0.5295493 0.5134748 0.5231044 0.5432423 0.5541731 0.5655786 0.5901517 0.5881251 0.6004764 0.6218896 0.6377512 0.6524596 0.6537424 0.6457015 0.6851190 0.7012261 0.7309471 0.7409830 0.7571826 0.7731636 0.7819797 0.7635249 0.7553781 0.7446549 0.7241675 0.7007741 0.6752205 0.6442050 0.6219177 0.6025440 0.5890015 0.5754402 0.5617893
0.3583638 0.3834739 0.3778428 0.3864568 0.3938612 0.4015050 0.4091650 0.4165700 0.4240731 0.4479160 0.4550741 0.4459719 0.4532301 0.4599968 0.4829869 0.4882114 0.4944930 0.5003293 0.4909819 0.4970140 0.5213553 0.5114775 0.5151415 0.5366349 0.5320755 0.5583549 0.5647215 0.5617918 0.5750386 0.5857705 0.5943522 0.6173435 0.6363078 0.6509221 0.6559171 0.6598610 0.6847576 0.7049232 0.7254277 0.7484652 0.7672355 0.7822392 0.7844117 0.7656920 0.7593874 0.7408099 0.7209722 0.6932041 0.6604985 0.6320568 0.6007115 0.5809168 0.5701704 0.5644522 0.5560433
0.3705626 0.3790118 0.3871070 0.3948349 0.4008064 0.4237962 0.4153930 0.4225999 0.4293869 0.4360825 0.4417787 0.4477325 0.4537370 0.4767535 0.4817466 0.4869596 0.4947910 0.5018522 0.5072469 0.4943474 0.5019242 0.5081194 0.5129220 0.5201181 0.5269817 0.5502056 0.5604352 0.5561895 0.5683074 0.5817712 0.5908461 0.6017398 0.6303222 0.6427503 0.6540989 0.6703066 0.6993815 0.7159004 0.7385422 0.7523576 0.7707235 0.7786425 0.7700543 0.7527294 0.7370393 0.7201355 0.7038891 0.6778245 0.6511197 0.6265490 0.6056402 0.5823213 0.5615950 0.5542521 0.5475662
0.3848531 0.3908880 0.4128910 0.4203384 0.4260918 0.4167789 0.4231502 0.4463996 0.4523059 0.4565798 0.4601353 0.4649054 0.4541503 0.4598136 0.4643563 0.4866373 0.4945647 0.4992108 0.5033183 0.5094713 0.5154990 0.5195777 0.5090424 0.5164208 0.5231594 0.5311781 0.5413265 0.5510205 0.5765882 0.5882085 0.6014942 0.5971276 0.6084772 0.6227967 0.6484709 0.6653864 0.6922754 0.7002922 0.7274687 0.7494855 0.7638154 0.7584273 0.7541351 0.7381627 0.7235419 0.7054484 0.6836703 0.6599146 0.6401785 0.6127115 0.5989457 0.5796757 0.5650063 0.5524828 0.5411317
0.4013444 0.4185691 0.4230033 0.4294171 0.4199834 0.4252380 0.4462459 0.4484580 0.4555172 0.4589667 0.4622678 0.4681748 0.4732720 0.4783778 0.4659156 0.4706219 0.4768776 0.4991292 0.5035801 0.5073745 0.5118928 0.5151072 0.5221649 0.5120677 0.5191871 0.5431420 0.5545456 0.5624658 0.5684342 0.5778057 0.5930823 0.6026558 0.6185554 0.6154602 0.6380554 0.6545086 0.6698296 0.6942835 0.7265406 0.7341417 0.7389019 0.7291192 0.7321620 0.7194022 0.7081947 0.6906202 0.6633902 0.6397414 0.6170079 0.5880612 0.5783380 0.5649326 0.5560519 0.5448122 0.5338751
0.4127041 0.4313673 0.4337234 0.4223480 0.4278369 0.4482754 0.4512616 0.4530958 0.4590079 0.4639095 0.4668615 0.4729827 0.4771461 0.4803007 0.4840759 0.4884644 0.4763382 0.4795271 0.4842829 0.5048241 0.5093132 0.5143377 0.5193431 0.5078665 0.5310390 0.5389004 0.5479487 0.5556145 0.5613062 0.5739505 0.5863276 0.5933270 0.5962380 0.6106238 0.6263466 0.6529958 0.6681332 0.6910640 0.7102638 0.7112893 0.7189928 0.7113874 0.7150789 0.6926453 0.6856832 0.6619924 0.6394720 0.6224754 0.6015357 0.5661750 0.5512124 0.5486776 0.5411737 0.5347811 0.5218847
0.4247825 0.4410374 0.4277725 0.4312310 0.4513409 0.4539891 0.4564997 0.4597902 0.4640338 0.4684425 0.4702799 0.4743524 0.4784324 0.4811056 0.4847688 0.4895735 0.4928948 0.4943420 0.4807320 0.4851187 0.4891022 0.5110291 0.4988789 0.5034685 0.5257897 0.5334450 0.5413205 0.5493983 0.5548966 0.5650141 0.5616541 0.5712463 0.5868857 0.6006196 0.6146269 0.6260033 0.6523224 0.6694574 0.6884370 0.6912450 0.6810138 0.6780154 0.6773442 0.6595041 0.6482063 0.6282662 0.6165028 0.5997013 0.5848542 0.5602469 0.5396283 0.5267822 0.5226719 0.5182639 0.5128614
0.4360604 0.4369518 0.4380482 0.4556777 0.4583690 0.4591040 0.4611481 0.4656655 0.4700528 0.4743109 0.4721113 0.4732021 0.4782318 0.4817850 0.4839141 0.4878953 0.4927136 0.4934462 0.4965752 0.5013845 0.4876884 0.4917034 0.4962061 0.5009561 0.5225804 0.5285335 0.5360062 0.5284269 0.5352683 0.5448455 0.5549439 0.5648343 0.5777761 0.5878665 0.6130291 0.6127298 0.6216421 0.6484334 0.6548194 0.6446446 0.6424385 0.6444401 0.6357645 0.6313630 0.6129664 0.5980638 0.5875208 0.5742564 0.5630662 0.5470779 0.5337232 0.5197444 0.5075517 0.4999174 0.4995683
0.4457652 0.4468676 0.4479509 0.4644096 0.4648912 0.4640442 0.4658912 0.4700710 0.4738008 0.4761888 0.4748046 0.4743674 0.4788026 0.4825379 0.4845411 0.4877326 0.4911525 0.4922108 0.4955278 0.5004655 0.5029455 0.5068347 0.4947491 0.4987580 0.5043032 0.5096660 0.5170687 0.5251849 0.5472733 0.5570725 0.5521231 0.5592734 0.5840820 0.5901872 0.6041120 0.6083530 0.5702803 0.5969663 0.6152726 0.6103570 0.6175487 0.6064132 0.5967194 0.5821182 0.5755818 0.5660287 0.5525992 0.5419685 0.5347537 0.5253375 0.5185499 0.5096426 0.4991756 0.4877789 0.4865184
0.4568618 0.4713954 0.4566172 0.4556653 0.4697947 0.4703177 0.4721378 0.4755110 0.4778797 0.4792410 0.4792190 0.4773915 0.4793509 0.4839211 0.4850713 0.4869318 0.4889669 0.4913989 0.4775999 0.4810310 0.4840540 0.4892225 0.4937308 0.4977588 0.5027720 0.5242671 0.5311842 0.5398045 0.5486212 0.5416563 0.5495470 0.5673023 0.5765336 0.5844052 0.5873532 0.5599607 0.5554557 0.5778115 0.5876216 0.5920853 0.5840204 0.5697722 0.5561344 0.5411112 0.5334768 0.5214189 0.5011916 0.5040364 0.5037646 0.4995272 0.4977833 0.4907425 0.4827438 0.4731944 0.4774600
