LUCAS_GEMMES_COP27/includes/subsidence/Scenario_B1/tmp/TOT_SUBSIDENCE_2060_SINCE_2018_MKD_ONLY.ASC
NCOLS                318
NROWS                364
XLLCORNER      400000.00
YLLCORNER      907000.00
CELLSIZE         1000.00
NODATA_VALUE    0.3402823E+39
[rows 96 to 119 of 364, columns 110 to 164 of 318]
4.5773253E-02 4.6684835E-02 4.7826149E-02 4.8905715E-02 5.0631016E-02 5.1823411E-02 5.2442551E-02 5.3568467E-02 5.4827742E-02 5.6824122E-02 5.8249716E-02 5.9625201E-02 6.1035868E-02 6.2658399E-02 6.3796401E-02 6.4888254E-02 6.6486023E-02 6.8613164E-02 7.0474863E-02 7.3530063E-02 7.3801458E-02 7.5668499E-02 7.7867962E-02 8.0418967E-02 8.3057150E-02 8.5653156E-02 8.8715605E-02 9.1629833E-02 9.5202379E-02 9.8592177E-02 0.1026094 0.1073890 0.1128353 0.1223220 0.1276273 0.1283596 0.1331650 0.1379218 0.1424508 0.1466764 0.1514253 0.1548825 0.1579668 0.1613206 0.1638919 0.1664016 0.1685918 0.1700986 0.1718162 0.1736675 0.1753944 0.1766494 0.1780818 0.1788231 0.1800394
4.6640515E-02 4.7671959E-02 4.9388792E-02 4.9931958E-02 5.1046282E-02 5.2790985E-02 5.3441029E-02 5.4649752E-02 5.5984918E-02 5.7917040E-02 5.9342049E-02 6.0766868E-02 6.1797660E-02 6.3589975E-02 6.4769685E-02 6.6555046E-02 6.8074964E-02 6.9752477E-02 7.1500435E-02 7.2808139E-02 7.4997753E-02 7.7369779E-02 7.9152346E-02 8.1777856E-02 8.4262781E-02 8.7050259E-02 9.0040475E-02 9.3281128E-02 9.7030178E-02 0.1004980 0.1047028 0.1093250 0.1148061 0.1205714 0.1250148 0.1294540 0.1337179 0.1379913 0.1424972 0.1472145 0.1517549 0.1559321 0.1601028 0.1633480 0.1656074 0.1677097 0.1701878 0.1715243 0.1732744 0.1747613 0.1761570 0.1774238 0.1785922 0.1794682 0.1805823
4.8171844E-02 4.8687935E-02 4.9860816E-02 5.1417969E-02 5.2072510E-02 5.3179089E-02 5.4396048E-02 5.6284718E-02 5.7074331E-02 5.8440980E-02 6.0383365E-02 6.1735585E-02 6.3031971E-02 6.8332478E-02 6.6312850E-02 6.7746475E-02 6.9197468E-02 7.0226744E-02 7.1902201E-02 7.3932789E-02 7.6489054E-02 7.8634575E-02 8.0500498E-02 8.2972042E-02 8.5653350E-02 8.8707827E-02 9.1760129E-02 9.5098883E-02 0.1016034 0.1022836 0.1064077 0.1110409 0.1163382 0.1214567 0.1265409 0.1309378 0.1348416 0.1394581 0.1441381 0.1486871 0.1529765 0.1570352 0.1606953 0.1640169 0.1668458 0.1695581 0.1712256 0.1733151 0.1747246 0.1758814 0.1773638 0.1782220 0.1792486 0.1804112 0.1814334
4.8685633E-02 5.0284158E-02 5.0868791E-02 5.1897798E-02 5.3511813E-02 5.4427825E-02 5.5452723E-02 5.7342008E-02 5.8686215E-02 5.9557885E-02 6.0951721E-02 6.2340111E-02 6.3945547E-02 6.6002525E-02 6.7381412E-02 6.8588525E-02 7.0182554E-02 7.1708195E-02 7.3428735E-02 7.5350165E-02 7.7428170E-02 7.9456151E-02 8.1662901E-02 8.4343687E-02 8.7003112E-02 8.9767277E-02 9.2871733E-02 9.6320324E-02 0.1000070 0.1038129 0.1081981 0.1127191 0.1171112 0.1214674 0.1259342 0.1306262 0.1360314 0.1407898 0.1467016 0.1507494 0.1546035 0.1588878 0.1630954 0.1657549 0.1687669 0.1706171 0.1721867 0.1749342 0.1758687 0.1770340 0.1780898 0.1791925 0.1802157 0.1810656 0.1822261
4.9872998E-02 5.0868291E-02 5.2438010E-02 5.2998874E-02 5.4247204E-02 5.5865690E-02 5.6451205E-02 5.7826046E-02 5.9715640E-02 6.1096929E-02 6.2033202E-02 6.3414238E-02 6.4947449E-02 6.6668645E-02 6.8441086E-02 7.0090964E-02 7.5711042E-02 7.3264949E-02 7.4995287E-02 7.6851152E-02 7.8520603E-02 8.0733083E-02 8.3360530E-02 8.5744143E-02 8.8250294E-02 9.1358170E-02 9.4540931E-02 9.7842827E-02 0.1016110 0.1055885 0.1099416 0.1139146 0.1181822 0.1213721 0.1264564 0.1312275 0.1368227 0.1410861 0.1471258 0.1528403 0.1562166 0.1603123 0.1640055 0.1669381 0.1696330 0.1718167 0.1740819 0.1763718 0.1780357 0.1786442 0.1796831 0.1802423 0.1814857 0.1819207 0.1829101
5.1479679E-02 5.2013326E-02 5.3053565E-02 5.4187164E-02 5.5247940E-02 5.6376647E-02 5.8108822E-02 5.8887038E-02 6.0253631E-02 6.1650425E-02 6.3063875E-02 6.4921707E-02 6.6147961E-02 6.7794688E-02 6.9518082E-02 7.1028687E-02 7.2621636E-02 7.4187748E-02 7.5897165E-02 7.7616870E-02 7.9638965E-02 8.2020566E-02 8.4580101E-02 8.7491862E-02 8.9856893E-02 9.3193308E-02 9.6386917E-02 9.9829763E-02 0.1029203 0.1071594 0.1143695 0.1152915 0.1181108 0.1223972 0.1265085 0.1315547 0.1402310 0.1420934 0.1478456 0.1529878 0.1575176 0.1620976 0.1655518 0.1684003 0.1709060 0.1731855 0.1755059 0.1766320 0.1780971 0.1793136 0.1804167 0.1817359 0.1826130 0.1828872 0.1837365
5.2163389E-02 5.3151097E-02 5.4257192E-02 5.5281609E-02 5.6851141E-02 5.7521388E-02 5.8793291E-02 6.0567860E-02 6.1434332E-02 6.2801525E-02 6.4364359E-02 6.5777957E-02 6.7648523E-02 6.8812497E-02 7.0342310E-02 7.1890101E-02 7.3537327E-02 7.5147264E-02 7.6995350E-02 7.8694798E-02 8.0701433E-02 8.2916290E-02 8.5601442E-02 8.8310614E-02 9.1117740E-02 9.4792947E-02 9.8058559E-02 0.1014780 0.1049911 0.1086073 0.1126087 0.1151285 0.1225025 0.1234943 0.1276596 0.1326200 0.1380456 0.1438545 0.1489086 0.1543451 0.1591838 0.1644799 0.1675220 0.1705822 0.1726706 0.1752695 0.1767451 0.1780009 0.1790063 0.1804688 0.1817923 0.1826812 0.1832862 0.1837883 0.1846429
5.3273182E-02 5.4342136E-02 5.5729397E-02 5.6400970E-02 5.7559282E-02 5.9215337E-02 5.9986040E-02 6.1285637E-02 6.2574767E-02 6.3849360E-02 6.5175839E-02 6.7204230E-02 6.8147704E-02 7.0210598E-02 7.1270518E-02 7.2664008E-02 7.4784726E-02 7.6242313E-02 7.8259088E-02 7.9912193E-02 8.1863113E-02 8.3779335E-02 8.6442478E-02 8.8711895E-02 9.1803081E-02 9.5751233E-02 9.9296428E-02 0.1021898 0.1058212 0.1093639 0.1125072 0.1162474 0.1203941 0.1246969 0.1290011 0.1336119 0.1390392 0.1448757 0.1515176 0.1561277 0.1607449 0.1655107 0.1690362 0.1717493 0.1741945 0.1763895 0.1781039 0.1789151 0.1805606 0.1817465 0.1827828 0.1831582 0.1839820 0.1846537 0.1852916
5.4462507E-02 5.5489637E-02 5.6850817E-02 5.8026224E-02 5.8827873E-02 5.9988052E-02 6.1107438E-02 6.2362358E-02 6.3697785E-02 6.5380149E-02 6.6286586E-02 6.8016186E-02 6.9777265E-02 7.0962675E-02 7.2325788E-02 7.3870629E-02 7.5231582E-02 7.7294722E-02 7.9289339E-02 8.0655269E-02 8.2973465E-02 8.5004553E-02 8.7381266E-02 8.9987047E-02 9.2574157E-02 9.6116535E-02 0.1010499 0.1028759 0.1061569 0.1094611 0.1123699 0.1175942 0.1214734 0.1260829 0.1337189 0.1353675 0.1407174 0.1464448 0.1529817 0.1575685 0.1627082 0.1677790 0.1708283 0.1734258 0.1762056 0.1779449 0.1798456 0.1811247 0.1824490 0.1831504 0.1840531 0.1845710 0.1851733 0.1857534 0.1864300
5.5813529E-02 5.6657314E-02 5.7693511E-02 5.9150305E-02 6.0314454E-02 6.1193086E-02 6.2185049E-02 6.3847102E-02 6.4763725E-02 6.6107370E-02 6.7751788E-02 6.8803914E-02 7.0560902E-02 7.1796440E-02 7.3794186E-02 7.5298086E-02 7.6457717E-02 7.8237541E-02 7.9509281E-02 8.1442043E-02 8.3831564E-02 8.5786201E-02 8.7961547E-02 9.0309799E-02 9.2998914E-02 0.1002959 9.9923134E-02 0.1039088 0.1073211 0.1091787 0.1137320 0.1181407 0.1230172 0.1274994 0.1322576 0.1374442 0.1424244 0.1479833 0.1540644 0.1589235 0.1684814 0.1694582 0.1762770 0.1751837 0.1775915 0.1794431 0.1818474 0.1827194 0.1832667 0.1836628 0.1848852 0.1859439 0.1866960 0.1870126 0.1873677
5.7153199E-02 5.8262166E-02 5.8807977E-02 6.0167979E-02 6.1551355E-02 6.2228743E-02 6.3318044E-02 6.4530455E-02 6.6203125E-02 6.7174569E-02 6.8601064E-02 7.0021741E-02 7.1429916E-02 7.2856329E-02 7.4824803E-02 7.6359726E-02 7.7481024E-02 7.9035856E-02 8.0490954E-02 8.2778744E-02 8.4727377E-02 8.6722441E-02 8.8516898E-02 9.0738535E-02 9.4032496E-02 9.6948385E-02 0.1009307 0.1044821 0.1064866 0.1110543 0.1156711 0.1201366 0.1249341 0.1291199 0.1343301 0.1396345 0.1447346 0.1505813 0.1560735 0.1614535 0.1667465 0.1716483 0.1750026 0.1768285 0.1789352 0.1808838 0.1826036 0.1837407 0.1844384 0.1849563 0.1862454 0.1876108 0.1885332 0.1886935 0.1885764
5.8317445E-02 5.9504714E-02 6.0483668E-02 6.1137360E-02 6.2355101E-02 6.3461028E-02 6.5022670E-02 6.5860189E-02 6.7071259E-02 6.8684809E-02 6.9722436E-02 7.1117431E-02 7.2949298E-02 7.4045889E-02 7.5560570E-02 7.7409193E-02 7.8404546E-02 7.9916172E-02 8.1486434E-02 8.3234064E-02 8.5482247E-02 8.7388165E-02 8.8985413E-02 9.1172032E-02 9.3824394E-02 9.6948318E-02 9.8838702E-02 0.1030668 0.1074055 0.1123039 0.1168466 0.1215715 0.1267577 0.1316851 0.1367182 0.1418256 0.1469666 0.1531693 0.1580271 0.1642211 0.1691787 0.1759046 0.1776971 0.1791760 0.1810261 0.1827220 0.1841389 0.1853375 0.1865288 0.1869770 0.1878786 0.1890952 0.1899495 0.1903809 0.1898867
5.9431102E-02 6.0457040E-02 6.1849512E-02 6.2281400E-02 6.3598141E-02 6.4619265E-02 6.6031374E-02 6.7106970E-02 6.8058960E-02 6.9538049E-02 7.0846103E-02 7.2233900E-02 7.3661357E-02 7.5516298E-02 7.6732159E-02 7.8094907E-02 7.9357304E-02 8.1254594E-02 8.2827419E-02 8.4077075E-02 8.5812308E-02 8.7601900E-02 8.9438066E-02 9.1953479E-02 9.3964219E-02 9.6470639E-02 9.8528355E-02 0.1016078 0.1078877 0.1135487 0.1187529 0.1233414 0.1286998 0.1334127 0.1389727 0.1443561 0.1490673 0.1550013 0.1604015 0.1661249 0.1724460 0.1769103 0.1801197 0.1818513 0.1835630 0.1852622 0.1863616 0.1874526 0.1887795 0.1886600 0.1887208 0.1893137 0.1909999 0.1916803 0.1911894
6.0768772E-02 6.1726883E-02 6.2675864E-02 6.3772894E-02 6.5145746E-02 6.6014864E-02 6.7190230E-02 6.8610914E-02 6.9393009E-02 7.0762321E-02 7.2053388E-02 7.3636763E-02 7.4795209E-02 7.6228604E-02 7.7703007E-02 7.9221629E-02 8.0465302E-02 8.2300372E-02 8.3819114E-02 8.5333660E-02 8.6457632E-02 8.8168062E-02 9.0335429E-02 9.2214607E-02 9.4142720E-02 9.6061900E-02 9.8767154E-02 0.1044855 0.1089825 0.1147216 0.1192699 0.1253457 0.1303621 0.1359533 0.1418267 0.1464228 0.1522204 0.1577278 0.1628307 0.1688374 0.1760773 0.1804315 0.1832757 0.1851086 0.1865167 0.1885568 0.1888096 0.1893356 0.1901730 0.1901515 0.1902298 0.1908133 0.1921530 0.1925749 0.1925688
6.2108282E-02 6.2973455E-02 6.3943125E-02 6.5224513E-02 6.6276819E-02 6.7543603E-02 6.8518713E-02 6.9623217E-02 7.0712052E-02 7.2049551E-02 7.3250338E-02 7.4548587E-02 7.6221153E-02 7.7278882E-02 7.8651853E-02 8.0376007E-02 8.1618771E-02 8.2955070E-02 8.4613025E-02 8.5808210E-02 8.7245151E-02 8.8809550E-02 9.0434976E-02 9.2458233E-02 9.4234452E-02 9.5554285E-02 0.1010651 0.1050826 0.1110438 0.1163490 0.1217359 0.1269694 0.1323654 0.1378385 0.1432225 0.1489403 0.1548258 0.1604310 0.1657441 0.1715682 0.1771957 0.1836048 0.1879308 0.1884119 0.1895827 0.1908583 0.1911965 0.1915442 0.1919649 0.1921952 0.1924948 0.1929255 0.1930837 0.1934966 0.1939525
6.3832797E-02 6.4701959E-02 6.5593898E-02 6.6675037E-02 6.7796089E-02 6.9025338E-02 7.0322976E-02 7.1059138E-02 7.2242118E-02 7.3631711E-02 7.4980728E-02 7.5727329E-02 7.7059940E-02 7.8356802E-02 7.9669282E-02 8.1237726E-02 8.3069064E-02 8.4005222E-02 8.5314639E-02 8.6563125E-02 8.8370390E-02 8.9728713E-02 9.0883762E-02 9.2346698E-02 9.3904965E-02 9.8621376E-02 0.1032162 0.1077302 0.1131128 0.1189367 0.1242097 0.1296471 0.1350381 0.1404625 0.1458692 0.1517799 0.1573950 0.1628660 0.1680510 0.1738629 0.1797424 0.1867694 0.1910316 0.1915237 0.1934489 0.1944731 0.1938846 0.1945190 0.1945217 0.1948225 0.1947873 0.1946697 0.1957198 0.1950741 0.1950118
6.5351054E-02 6.6205472E-02 6.7010731E-02 6.8110093E-02 6.9675773E-02 7.0685729E-02 7.1601018E-02 7.2649635E-02 7.3769256E-02 7.4950531E-02 7.6239347E-02 7.7482350E-02 7.8284405E-02 7.9386421E-02 8.0876432E-02 8.2256585E-02 8.3683200E-02 8.5158840E-02 8.6316101E-02 8.7819971E-02 8.9077242E-02 9.0320379E-02 9.1777578E-02 9.2569783E-02 9.4443358E-02 0.1006513 0.1059887 0.1109042 0.1160936 0.1253309 0.1269788 0.1325630 0.1380087 0.1434337 0.1490164 0.1548751 0.1603494 0.1652530 0.1709801 0.1772407 0.1819714 0.1885555 0.1926123 0.1944867 0.1957429 0.1970520 0.1966832 0.1970670 0.1977726 0.1978282 0.1975821 0.1979351 0.1972903 0.1974538 0.1975031
6.7489751E-02 6.8089932E-02 6.8906344E-02 7.0020355E-02 7.0824429E-02 7.2232313E-02 7.3383853E-02 7.4960269E-02 7.6037750E-02 7.6611228E-02 7.7550299E-02 7.8535110E-02 7.9409301E-02 8.0472462E-02 8.1838138E-02 8.3248541E-02 8.4397599E-02 8.5985094E-02 8.7315641E-02 8.8340305E-02 8.9932270E-02 9.0774588E-02 9.2403673E-02 9.3242787E-02 9.8757207E-02 0.1032517 0.1088358 0.1145790 0.1192336 0.1244999 0.1296467 0.1352625 0.1414406 0.1471353 0.1530853 0.1588725 0.1639617 0.1686111 0.1738401 0.1791472 0.1843495 0.1900828 0.1957829 0.1988368 0.1994702 0.1998025 0.2001444 0.1997561 0.2000339 0.2009168 0.2006612 0.2007040 0.1999684 0.1996309 0.1999404
6.9782756E-02 7.0321910E-02 7.1083307E-02 7.1638100E-02 7.2900735E-02 7.4035935E-02 7.5557686E-02 7.7222437E-02 7.8291975E-02 7.9046868E-02 7.9261035E-02 8.0059245E-02 8.0940530E-02 8.1998058E-02 8.2751527E-02 8.4074654E-02 8.5253380E-02 8.6729608E-02 8.8163309E-02 8.9871556E-02 9.0579525E-02 9.1784939E-02 9.2923179E-02 9.7581036E-02 0.1021527 0.1070802 0.1125646 0.1180506 0.1227304 0.1279013 0.1329687 0.1391950 0.1452347 0.1520514 0.1585618 0.1636504 0.1678042 0.1720236 0.1757538 0.1808466 0.1868527 0.1923037 0.1987844 0.2016249 0.2016843 0.2022142 0.2029539 0.2039286 0.2034158 0.2034878 0.2033828 0.2033415 0.2026261 0.2024162 0.2028709
7.1721308E-02 7.2162017E-02 7.2681069E-02 7.3840372E-02 7.4915275E-02 7.6418214E-02 7.8171380E-02 7.9717606E-02 8.0819383E-02 8.1103042E-02 8.1304260E-02 8.1685431E-02 8.2432322E-02 8.3441563E-02 8.3854720E-02 8.5121788E-02 8.6116970E-02 8.7615520E-02 8.9244306E-02 9.0689845E-02 9.1944277E-02 9.2952102E-02 9.7585082E-02 0.1015828 0.1063090 0.1114028 0.1168157 0.1217677 0.1276495 0.1317215 0.1363610 0.1421114 0.1492575 0.1574711 0.1626835 0.1702804 0.1719129 0.1747094 0.1781799 0.1833084 0.1884087 0.1943269 0.1994839 0.2038626 0.2044427 0.2054643 0.2056491 0.2065151 0.2049886 0.2054813 0.2053916 0.2054774 0.2050032 0.2050019 0.2060068
7.3785566E-02 7.4181646E-02 7.4755885E-02 7.5659037E-02 7.6983050E-02 7.9009607E-02 8.1769235E-02 8.3665401E-02 8.5140407E-02 8.4725879E-02 8.3520480E-02 8.3386898E-02 8.3807781E-02 8.4261231E-02 8.5140049E-02 8.6036831E-02 8.7367080E-02 8.8865168E-02 8.9960620E-02 9.1491260E-02 9.5448598E-02 9.8333567E-02 0.1016319 0.1060595 0.1109804 0.1156368 0.1207259 0.1259607 0.1318026 0.1367576 0.1414086 0.1470699 0.1523477 0.1570246 0.1618136 0.1677798 0.1717575 0.1813801 0.1859086 0.1852337 0.1903564 0.1955065 0.2001373 0.2055905 0.2068964 0.2077771 0.2088586 0.2078111 0.2072470 0.2074368 0.2077733 0.2088174 0.2077713 0.2077891 0.2077984
7.5793244E-02 7.5947955E-02 7.6442316E-02 7.7385187E-02 7.8763470E-02 8.0896869E-02 8.3999090E-02 8.5550301E-02 8.6668067E-02 8.6076498E-02 8.4939219E-02 8.5085556E-02 8.5529000E-02 8.6030163E-02 8.6686447E-02 8.7685823E-02 8.8357851E-02 8.9461185E-02 9.3024008E-02 9.6195072E-02 9.9434346E-02 0.1025743 0.1061863 0.1106485 0.1151719 0.1203957 0.1251279 0.1306992 0.1356312 0.1407980 0.1462035 0.1514253 0.1557802 0.1608604 0.1648590 0.1706391 0.1748136 0.1794953 0.1834814 0.1885668 0.1933300 0.1980292 0.2021861 0.2063802 0.2097698 0.2105697 0.2110936 0.2102137 0.2105623 0.2103950 0.2098353 0.2100943 0.2102894 0.2105437 0.2104253
7.7983178E-02 7.7950783E-02 7.8432687E-02 7.9326995E-02 8.0807425E-02 8.2721651E-02 8.5638553E-02 8.7476410E-02 8.7840602E-02 8.7888040E-02 8.6972579E-02 8.6700290E-02 8.6395092E-02 8.7227456E-02 8.7892592E-02 8.8794380E-02 8.9219168E-02 9.3593106E-02 9.6593902E-02 9.9633470E-02 0.1034972 0.1071884 0.1107567 0.1154030 0.1198501 0.1249926 0.1293950 0.1342808 0.1395515 0.1446088 0.1496801 0.1543753 0.1593925 0.1647296 0.1694899 0.1736022 0.1779406 0.1823472 0.1868505 0.1920350 0.1969103 0.2002151 0.2038690 0.2074735 0.2118896 0.2129088 0.2128232 0.2127926 0.2126668 0.2126833 0.2121264 0.2128450 0.2138144 0.2139075 0.2144796
8.0253460E-02 8.0132112E-02 8.0391422E-02 8.1350833E-02 8.2392044E-02 8.3799064E-02 8.5552059E-02 8.6831652E-02 8.8528842E-02 8.8343196E-02 8.7935463E-02 8.8044167E-02 8.8578969E-02 8.8576332E-02 8.9187585E-02 9.1981061E-02 9.4189934E-02 9.6779197E-02 0.1004343 0.1039333 0.1079557 0.1120275 0.1157842 0.1198511 0.1250743 0.1299141 0.1341245 0.1387602 0.1439411 0.1490992 0.1542420 0.1589092 0.1638720 0.1690897 0.1737502 0.1781749 0.1823671 0.1864429 0.1911078 0.1975246 0.2019733 0.2044101 0.2073870 0.2105190 0.2132158 0.2157090 0.2153011 0.2152277 0.2147921 0.2147653 0.2151172 0.2162070 0.2172340 0.2190002 0.2178561
