LUCAS_GEMMES_COP27/includes/subsidence/Scenario_B1/tmp/TOT_SUBSIDENCE_2070_SINCE_2018_MKD_ONLY.ASC
NCOLS                318
NROWS                364
XLLCORNER      400000.00
YLLCORNER      907000.00
CELLSIZE         1000.00
NODATA_VALUE    0.3402823E+39
[rows 72 to 95 of 364, columns 165 to 219 of 318]
0.1758388 0.1755891 0.1762336 0.1784741 0.1822346 0.1840567 0.1854733 0.1879623 0.1899452 0.1919474 0.1936715 0.1955518 0.1975043 0.1989199 0.2008854 0.2049307 0.2087019 0.2120942 0.2165090 0.2208743 0.2247349 0.2292617 0.2341824 0.2382632 0.2454700 0.2523566 0.2571582 0.2621237 0.2664673 0.2717537 0.2728228 0.2744496 0.2774842 0.2802067 0.2819095 0.2856509 3.4028235E+38 0.2930509 0.2975771 0.2998403 0.3026699 0.3054357 0.3112529 0.3092702 0.3070172 0.3028845 0.2965916 0.2921975 3.4028235E+38 3.4028235E+38 3.4028235E+38 3.4028235E+38 3.4028235E+38 3.4028235E+38 3.4028235E+38
0.1770414 0.1777622 0.1784264 0.1806525 0.1832032 0.1856250 0.1871703 0.1888435 0.1906478 0.1948863 0.1963800 0.1981294 0.2005862 0.2030915 0.2053840 0.2067973 0.2110125 0.2148893 0.2188469 0.2228143 0.2273379 0.2313622 0.2364740 0.2424369 0.2479188 0.2541781 0.2604009 0.2652412 0.2688168 0.2751548 0.2783585 0.2801689 0.2835753 0.2865804 0.2899134 0.2925787 0.2954738 0.2985708 0.3016777 0.3069272 0.3084916 0.3132719 0.3158236 0.3097027 0.3100826 0.3089762 0.3008074 0.2953184 0.2923093 3.4028235E+38 3.4028235E+38 3.4028235E+38 3.4028235E+38 3.4028235E+38 3.4028235E+38
0.1781671 0.1814020 0.1825362 0.1838069 0.1860284 0.1883507 0.1900275 0.1918105 0.1936567 0.1965753 0.1990098 0.2008693 0.2031677 0.2054289 0.2082206 0.2112417 0.2142214 0.2175781 0.2204870 0.2249699 0.2291178 0.2332004 0.2385065 0.2435385 0.2497554 0.2557645 0.2622718 0.2680750 0.2714280 0.2780256 0.2840140 0.2876886 0.2911755 0.2925155 0.2962607 0.3010871 0.3058507 0.3041889 0.3071403 0.3108574 0.3177605 0.3183349 0.3158965 0.3136593 0.3125888 0.3082023 0.3028055 0.2990654 0.2939857 0.2896211 0.2840262 3.4028235E+38 3.4028235E+38 3.4028235E+38 3.4028235E+38
0.1803106 0.1825386 0.1851134 0.1874299 0.1889234 0.1917298 0.1940602 0.1962793 0.1975667 0.1990414 0.2009047 0.2030137 0.2054233 0.2081552 0.2109970 0.2141231 0.2170904 0.2196514 0.2230275 0.2269997 0.2307681 0.2353026 0.2403227 0.2456422 0.2514289 0.2582658 0.2641069 0.2712337 0.2736085 0.2800715 0.2840840 0.2895260 0.2933009 0.2972980 0.3022966 0.3034134 0.3086085 0.3086362 0.3125881 0.3146938 0.3176135 0.3155878 0.3143179 0.3126565 0.3114223 0.3073899 0.3033583 0.2991779 0.2945996 0.2907812 0.2872386 0.2842438 3.4028235E+38 3.4028235E+38 3.4028235E+38
0.1830671 0.1853768 0.1892664 0.1910264 0.1935638 0.1953355 0.1965947 0.1982015 0.2003432 0.2014545 0.2032532 0.2052164 0.2075591 0.2105332 0.2133354 0.2164547 0.2191768 0.2221144 0.2253714 0.2291352 0.2331970 0.2376383 0.2424075 0.2479682 0.2533916 0.2593599 0.2654305 0.2713467 0.2758576 0.2826399 0.2864134 0.2928897 0.2965161 0.3004105 0.3064315 0.3063499 0.3109227 0.3121008 0.3163180 0.3187911 0.3192083 0.3161222 0.3152709 0.3130791 0.3101223 0.3063294 0.3022834 0.2985418 0.2948315 0.2912186 0.2878516 0.2848929 0.2817240 0.2783000 0.2746570
0.1860918 0.1896720 0.1925868 0.1926253 0.1959770 0.1980105 0.1996755 0.2006128 0.2023212 0.2038969 0.2059544 0.2079234 0.2097759 0.2121667 0.2154556 0.2188107 0.2219002 0.2248735 0.2277579 0.2315136 0.2354290 0.2385788 0.2430811 0.2490346 0.2546139 0.2599640 0.2679006 0.2713758 0.2776371 0.2834533 0.2879285 0.2924297 0.2972850 0.3006836 0.3061862 0.3108793 0.3126953 0.3149193 0.3191490 0.3215728 0.3198483 0.3180464 0.3142006 0.3115978 0.3093262 0.3049767 0.3016435 0.2985219 0.2945436 0.2914296 0.2884724 0.2862421 0.2836633 0.2813854 0.2775865
0.1891555 0.1929232 0.1956794 0.1972481 0.1989204 0.2002285 0.2016687 0.2030076 0.2044177 0.2059415 0.2081001 0.2102659 0.2114848 0.2144732 0.2173593 0.2209231 0.2247940 0.2271910 0.2299462 0.2341474 0.2379521 0.2403424 0.2435979 0.2484906 0.2537801 0.2601765 0.2666995 0.2703015 0.2762684 0.2826663 0.2889525 0.2927986 0.2967501 0.3009698 0.3076304 0.3123926 0.3135591 0.3149522 0.3193169 0.3210491 0.3185386 0.3159781 0.3133906 0.3110428 0.3077818 0.3037367 0.3008575 0.2976357 0.2941597 0.2912131 0.2888522 0.2867817 0.2853038 0.2827321 0.2805014
0.1936886 0.1947727 0.1984039 0.2000649 0.2015397 0.2028271 0.2041058 0.2056815 0.2069550 0.2079919 0.2100564 0.2129922 0.2149358 0.2172839 0.2196265 0.2224437 0.2260148 0.2289671 0.2318338 0.2360044 0.2398116 0.2432628 0.2468931 0.2506292 0.2568204 0.2629732 0.2667601 0.2728586 0.2782304 0.2836377 0.2893321 0.2935234 0.2970945 0.3007211 0.3053289 0.3108527 0.3123344 0.3140653 0.3194591 0.3187014 0.3163496 0.3142066 0.3120285 0.3080281 0.3047123 0.3021352 0.2995361 0.2969251 0.2936108 0.2909188 0.2889236 0.2873412 0.2857391 0.2830627 0.2807396
0.1974637 0.1994172 0.2015048 0.2030239 0.2045613 0.2054062 0.2065714 0.2076015 0.2089107 0.2109791 0.2124490 0.2145297 0.2172075 0.2196195 0.2221606 0.2242429 0.2271648 0.2302321 0.2335381 0.2376185 0.2412936 0.2447858 0.2490906 0.2528435 0.2588652 0.2641171 0.2691966 0.2744507 0.2801594 0.2848085 0.2896637 0.2929525 0.2958951 0.2987871 0.3034924 0.3069465 0.3102307 0.3181586 0.3194773 0.3165072 0.3147214 0.3125537 0.3101708 0.3059196 0.3039675 0.3010525 0.2993826 0.2955737 0.2930586 0.2905833 0.2889568 0.2869502 0.2844905 0.2828202 0.2817928
0.1983590 0.2006946 0.2031340 0.2053737 0.2063126 0.2075926 0.2091395 0.2105417 0.2116600 0.2131340 0.2152078 0.2165646 0.2186494 0.2215215 0.2238483 0.2264248 0.2287705 0.2318809 0.2356139 0.2389715 0.2423268 0.2459977 0.2505379 0.2552087 0.2605246 0.2653952 0.2701692 0.2745909 0.2802251 0.2841005 0.2889014 0.2917832 0.2948336 0.2978303 0.3007889 0.3051143 0.3075038 0.3119776 0.3170727 0.3150060 0.3129556 0.3101804 0.3072615 0.3046553 0.3025738 0.2988513 0.2968795 0.2940868 0.2919813 0.2898312 0.2884984 0.2861943 0.2837272 0.2822450 0.2805034
0.2005079 0.2022602 0.2051608 0.2069734 0.2081556 0.2098450 0.2111057 0.2130572 0.2143373 0.2148374 0.2162291 0.2189133 0.2204457 0.2227031 0.2255373 0.2279995 0.2303516 0.2334322 0.2366283 0.2402519 0.2437127 0.2474210 0.2520066 0.2562430 0.2607814 0.2654279 0.2701571 0.2748446 0.2797223 0.2831118 0.2874150 0.2906098 0.2955624 0.2968111 0.2993352 0.3008424 0.3038117 0.3076845 0.3148137 0.3145404 0.3106841 0.3071639 0.3032169 0.3022479 0.3005822 0.2983165 0.2960164 0.2929618 0.2905827 0.2887837 0.2866736 0.2850520 0.2838483 0.2824087 0.2808920
0.2027087 0.2039527 0.2061033 0.2091452 0.2102084 0.2125859 0.2132609 0.2146765 0.2167255 0.2169495 0.2174494 0.2197050 0.2226870 0.2243295 0.2268701 0.2291821 0.2318687 0.2354081 0.2381088 0.2412390 0.2449657 0.2483931 0.2525648 0.2566937 0.2606294 0.2651012 0.2700502 0.2750084 0.2776399 0.2829268 0.2858070 0.2894765 0.2926346 0.2938007 0.2955278 0.2974107 0.2992916 0.3030802 0.3063295 0.3094888 0.3090402 0.3047183 0.2999358 0.2983402 0.2984768 0.2960950 0.2930988 0.2909703 0.2884644 0.2866678 0.2848316 0.2840833 0.2822850 0.2816704 0.2796056
0.2047494 0.2061697 0.2079509 0.2105580 0.2121159 0.2131449 0.2146110 0.2157024 0.2177334 0.2194069 0.2194370 0.2212921 0.2231205 0.2261938 0.2280702 0.2305197 0.2335385 0.2362091 0.2395788 0.2425656 0.2461148 0.2482276 0.2518386 0.2557184 0.2615473 0.2638350 0.2689888 0.2738025 0.2773435 0.2825327 0.2851065 0.2882203 0.2891815 0.2904699 0.2919133 0.2936999 0.2950364 0.2975375 0.3007111 0.3029771 0.3043081 0.3026068 0.2997952 0.2962835 0.2957731 0.2932265 0.2902024 0.2882239 0.2863231 0.2844321 0.2830538 0.2827854 0.2809055 0.2793353 0.2784341
0.2063872 0.2083646 0.2100682 0.2122591 0.2145396 0.2147966 0.2160378 0.2176818 0.2193672 0.2208649 0.2210011 0.2229041 0.2245097 0.2270415 0.2292592 0.2317323 0.2344513 0.2373977 0.2407693 0.2439467 0.2476394 0.2498020 0.2534859 0.2562500 0.2600594 0.2648184 0.2705237 0.2734862 0.2771988 0.2819229 0.2842429 0.2849526 0.2869745 0.2887421 0.2893060 0.2902206 0.2913564 0.2926808 0.2948078 0.2972596 0.3010072 0.3005689 0.2983461 0.2939756 0.2916623 0.2898762 0.2869343 0.2855585 0.2843832 0.2825506 0.2814067 0.2808398 0.2792917 0.2772212 0.2761792
0.2083896 0.2111402 0.2131752 0.2138791 0.2166994 0.2168179 0.2177991 0.2198426 0.2219352 0.2215951 0.2227188 0.2247200 0.2265208 0.2282309 0.2303707 0.2331311 0.2355683 0.2388036 0.2417794 0.2449485 0.2488984 0.2519338 0.2558672 0.2571022 0.2621580 0.2666341 0.2696507 0.2742500 0.2773048 0.2803222 0.2808945 0.2821357 0.2832117 0.2848514 0.2854677 0.2866715 0.2879093 0.2892316 0.2906637 0.2923766 0.2938625 0.2953988 0.2949507 0.2907494 0.2882943 0.2866367 0.2841853 0.2828115 0.2817076 0.2809816 0.2798945 0.2790609 0.2768542 0.2753969 0.2740902
0.2102425 0.2120799 0.2144046 0.2154398 0.2171760 0.2183612 0.2194919 0.2212270 0.2224563 0.2225554 0.2239809 0.2251260 0.2263941 0.2293949 0.2313823 0.2338646 0.2366502 0.2396486 0.2428952 0.2461048 0.2499157 0.2529110 0.2558613 0.2584410 0.2641070 0.2675513 0.2696947 0.2726286 0.2748368 0.2766980 0.2780402 0.2790459 0.2807540 0.2811081 0.2825447 0.2835374 0.2845461 0.2861547 0.2871741 0.2874687 0.2884790 0.2884884 0.2881824 0.2872280 0.2853426 0.2839273 0.2820708 0.2803609 0.2789917 0.2782679 0.2766128 0.2749867 0.2742939 0.2734392 0.2745616
0.2133053 0.2141279 0.2163369 0.2168688 0.2188145 0.2207159 0.2222011 0.2230568 0.2238865 0.2240536 0.2257272 0.2265525 0.2276705 0.2300510 0.2325871 0.2346189 0.2372566 0.2390626 0.2435653 0.2471425 0.2492962 0.2536605 0.2579168 0.2610547 0.2638597 0.2683826 0.2714478 0.2722471 0.2728979 0.2741637 0.2753333 0.2763712 0.2775606 0.2783399 0.2791455 0.2804434 0.2812330 0.2822006 0.2827466 0.2834142 0.2844527 0.2852831 0.2858461 0.2845678 0.2818509 0.2810539 0.2793505 0.2774877 0.2757508 0.2745488 0.2737718 0.2724051 0.2715031 0.2706947 0.2687856
0.2142344 0.2159570 0.2167113 0.2179874 0.2201791 0.2216627 0.2229563 0.2239187 0.2245252 0.2253146 0.2267449 0.2279547 0.2293079 0.2307018 0.2327927 0.2355196 0.2381195 0.2411460 0.2447018 0.2484347 0.2512895 0.2551112 0.2592244 0.2630018 0.2649300 0.2671189 0.2686625 0.2696701 0.2702119 0.2716936 0.2727058 0.2745581 0.2748926 0.2758927 0.2763283 0.2775329 0.2787354 0.2791198 0.2794260 0.2800028 0.2805679 0.2815022 0.2801414 0.2791551 0.2787994 0.2778440 0.2763178 0.2749370 0.2738022 0.2722146 0.2711856 0.2699724 0.2692069 0.2683298 0.2664377
0.2155001 0.2167757 0.2176446 0.2193412 0.2206479 0.2215292 0.2238599 0.2246631 0.2258364 0.2260307 0.2269841 0.2283739 0.2298902 0.2314190 0.2332332 0.2356784 0.2384188 0.2408857 0.2442406 0.2487458 0.2534527 0.2574614 0.2620007 0.2639726 0.2664292 0.2658662 0.2666559 0.2675238 0.2683656 0.2693264 0.2705736 0.2715567 0.2716085 0.2729061 0.2741335 0.2745354 0.2756712 0.2762750 0.2764065 0.2765487 0.2762616 0.2766290 0.2762337 0.2757229 0.2753684 0.2742086 0.2730398 0.2724565 0.2717490 0.2707192 0.2693747 0.2685193 0.2676625 0.2660835 0.2651400
0.2158464 0.2170775 0.2185861 0.2204979 0.2209936 0.2219709 0.2236652 0.2245866 0.2256333 0.2264615 0.2270938 0.2278870 0.2293857 0.2316738 0.2336807 0.2359041 0.2385042 0.2405171 0.2446070 0.2501262 0.2545101 0.2597144 0.2627375 0.2623121 0.2635645 0.2643715 0.2644323 0.2657621 0.2660220 0.2669208 0.2680239 0.2673261 0.2680147 0.2703761 0.2715000 0.2718247 0.2724485 0.2729380 0.2742749 0.2740917 0.2732195 0.2739816 0.2739733 0.2734293 0.2715949 0.2707788 0.2697759 0.2697167 0.2690122 0.2682821 0.2668140 0.2653805 0.2644906 0.2633344 0.2626402
0.2164899 0.2181845 0.2204345 0.2217611 0.2220284 0.2225902 0.2245329 0.2253371 0.2260804 0.2266297 0.2274359 0.2279280 0.2292190 0.2312042 0.2333896 0.2357945 0.2382223 0.2408516 0.2458698 0.2508608 0.2559817 0.2591545 0.2592552 0.2599551 0.2609923 0.2615425 0.2608123 0.2628096 0.2640546 0.2657839 0.2658259 0.2652887 0.2671184 0.2689177 0.2687355 0.2692744 0.2697524 0.2706316 0.2717815 0.2713675 0.2704571 0.2715851 0.2710329 0.2704220 0.2696246 0.2674107 0.2663679 0.2657087 0.2657683 0.2654016 0.2642033 0.2624383 0.2616676 0.2598528 0.2593567
0.2173721 0.2192497 0.2212414 0.2223314 0.2223863 0.2235845 0.2249227 0.2256538 0.2259813 0.2268832 0.2278405 0.2283633 0.2295890 0.2314887 0.2332510 0.2357314 0.2382249 0.2409705 0.2450993 0.2503738 0.2550585 0.2558376 0.2571657 0.2579840 0.2591425 0.2599350 0.2601751 0.2610909 0.2619667 0.2629252 0.2641187 0.2653536 0.2652194 0.2663023 0.2672727 0.2676016 0.2680951 0.2684752 0.2682482 0.2677850 0.2676840 0.2684109 0.2688051 0.2680833 0.2665247 0.2650367 0.2634220 0.2625536 0.2620972 0.2615364 0.2607428 0.2597749 0.2581697 0.2562992 0.2566548
0.2185469 0.2204475 0.2216175 0.2227257 0.2237687 0.2240557 0.2249984 0.2258322 0.2261535 0.2266933 0.2270895 0.2279840 0.2291335 0.2308432 0.2325865 0.2349236 0.2379632 0.2411425 0.2441184 0.2506447 0.2533283 0.2526543 0.2547257 0.2565009 0.2574720 0.2571191 0.2588056 0.2591440 0.2599142 0.2612887 0.2626607 0.2633873 0.2633166 0.2649667 0.2655944 0.2663459 0.2667741 0.2657168 0.2657436 0.2656358 0.2660785 0.2659782 0.2653147 0.2644716 0.2633802 0.2619079 0.2601690 0.2606483 0.2593280 0.2587241 0.2579645 0.2574455 0.2553101 0.2548607 0.2543882
0.2198612 0.2210692 0.2221200 0.2230456 0.2239243 0.2235927 0.2240895 0.2256831 0.2255393 0.2262959 0.2266822 0.2276175 0.2281894 0.2292693 0.2317076 0.2339411 0.2360269 0.2400522 0.2438775 0.2484475 0.2495151 0.2503763 0.2521327 0.2540570 0.2551076 0.2549519 0.2560565 0.2574286 0.2581608 0.2599134 0.2610186 0.2611473 0.2615310 0.2622513 0.2632329 0.2634314 0.2642599 0.2636317 0.2636136 0.2650217 0.2644042 0.2641947 0.2632496 0.2628170 0.2621333 0.2607267 0.2587672 0.2565688 0.2568787 0.2561108 0.2550149 0.2548585 0.2534090 0.2508498 0.2516371
