LUCAS_GEMMES_COP27/includes/subsidence/Scenario_B1/tmp/TOT_SUBSIDENCE_2060_SINCE_2018_MKD_ONLY.ASC
NCOLS                318
NROWS                364
XLLCORNER      400000.00
YLLCORNER      907000.00
CELLSIZE         1000.00
NODATA_VALUE    0.3402823E+39
[rows 216 to 239 of 364, columns 55 to 109 of 318]
3.4028235E+38 3.4028235E+38 3.4028235E+38 3.4028235E+38 3.4028235E+38 3.4028235E+38 3.4028235E+38 3.4028235E+38 3.4028235E+38 3.4028235E+38 3.4028235E+38 3.4028235E+38 3.4028235E+38 3.4028235E+38 3.4028235E+38 3.4028235E+38 3.4028235E+38 3.4028235E+38 3.4028235E+38 3.4028235E+38 3.4028235E+38 3.4028235E+38 3.4028235E+38 3.4028235E+38 3.4028235E+38 3.4028235E+38 3.4028235E+38 0.2361479 0.2419515 0.2467335 0.2534687 0.2589142 0.2642777 0.2697362 0.2749107 0.2788169 0.2837425 0.2908529 0.2960523 0.3007614 0.3179165 0.3374848 0.3530465 0.3691013 0.3784660 0.3897155 0.4016275 0.4124212 0.4213853 0.4295162 0.4376041 0.4471010 0.4562812 0.4635142 0.4705215
3.4028235E+38 3.4028235E+38 3.4028235E+38 3.4028235E+38 3.4028235E+38 3.4028235E+38 3.4028235E+38 3.4028235E+38 3.4028235E+38 3.4028235E+38 3.4028235E+38 3.4028235E+38 3.4028235E+38 3.4028235E+38 3.4028235E+38 3.4028235E+38 3.4028235E+38 3.4028235E+38 3.4028235E+38 3.4028235E+38 3.4028235E+38 3.4028235E+38 3.4028235E+38 3.4028235E+38 3.4028235E+38 3.4028235E+38 3.4028235E+38 0.2372950 0.2429333 0.2487271 0.2554864 0.2611611 0.2666933 0.2721145 0.2771630 0.2816765 0.2871108 0.2939628 0.2986528 0.3034498 0.3208292 0.3410167 0.3590159 0.3802020 0.3865380 0.3980291 0.4100798 0.4198656 0.4309781 0.4393190 0.4484500 0.4575137 0.4661774 0.4734516 0.4803597
3.4028235E+38 3.4028235E+38 3.4028235E+38 3.4028235E+38 3.4028235E+38 3.4028235E+38 3.4028235E+38 3.4028235E+38 3.4028235E+38 3.4028235E+38 3.4028235E+38 3.4028235E+38 3.4028235E+38 3.4028235E+38 3.4028235E+38 3.4028235E+38 3.4028235E+38 3.4028235E+38 3.4028235E+38 3.4028235E+38 3.4028235E+38 3.4028235E+38 3.4028235E+38 3.4028235E+38 3.4028235E+38 3.4028235E+38 3.4028235E+38 0.2403920 0.2448640 0.2506287 0.2575205 0.2632275 0.2685769 0.2740556 0.2791709 0.2843339 0.2898266 0.2952457 0.3000670 0.3057994 0.3242000 0.3454306 0.3649336 0.3821982 0.3989300 0.4066165 0.4174917 0.4300296 0.4410126 0.4515008 0.4600925 0.4675185 0.4759256 0.4836570 0.4908981
3.4028235E+38 3.4028235E+38 3.4028235E+38 3.4028235E+38 3.4028235E+38 3.4028235E+38 3.4028235E+38 3.4028235E+38 3.4028235E+38 3.4028235E+38 3.4028235E+38 3.4028235E+38 3.4028235E+38 3.4028235E+38 3.4028235E+38 3.4028235E+38 3.4028235E+38 3.4028235E+38 3.4028235E+38 3.4028235E+38 3.4028235E+38 3.4028235E+38 3.4028235E+38 3.4028235E+38 3.4028235E+38 3.4028235E+38 3.4028235E+38 0.2426802 0.2484512 0.2528790 0.2587258 0.2654632 0.2708497 0.2763209 0.2815405 0.2875743 0.2937961 0.2990651 0.3034368 0.3079478 0.3274311 0.3488367 0.3693008 0.3880630 0.4100024 0.4183364 0.4285786 0.4394580 0.4522605 0.4630858 0.4722186 0.4805103 0.4882398 0.4950562 0.5024790
3.4028235E+38 3.4028235E+38 3.4028235E+38 3.4028235E+38 3.4028235E+38 3.4028235E+38 3.4028235E+38 3.4028235E+38 3.4028235E+38 3.4028235E+38 3.4028235E+38 3.4028235E+38 3.4028235E+38 3.4028235E+38 3.4028235E+38 3.4028235E+38 3.4028235E+38 3.4028235E+38 3.4028235E+38 3.4028235E+38 3.4028235E+38 3.4028235E+38 3.4028235E+38 3.4028235E+38 3.4028235E+38 3.4028235E+38 3.4028235E+38 0.2447244 0.2504159 0.2562197 0.2613916 0.2670491 0.2738341 0.2796575 0.2847927 0.2908519 0.2968700 0.3019172 0.3078946 0.3119700 0.3294510 0.3522469 0.3737983 0.3934299 0.4119664 0.4325061 0.4401327 0.4501038 0.4637732 0.4756042 0.4863189 0.4935113 0.5012956 0.5086353 0.5141142
3.4028235E+38 3.4028235E+38 3.4028235E+38 3.4028235E+38 3.4028235E+38 3.4028235E+38 3.4028235E+38 3.4028235E+38 3.4028235E+38 3.4028235E+38 3.4028235E+38 3.4028235E+38 3.4028235E+38 3.4028235E+38 3.4028235E+38 3.4028235E+38 3.4028235E+38 3.4028235E+38 3.4028235E+38 3.4028235E+38 3.4028235E+38 3.4028235E+38 3.4028235E+38 3.4028235E+38 3.4028235E+38 3.4028235E+38 3.4028235E+38 0.2469459 0.2527340 0.2589546 0.2654026 0.2703188 0.2759413 0.2829989 0.2850678 0.2938483 0.2988409 0.3042361 0.3103551 0.3176461 0.3352724 0.3567153 0.3772643 0.3979469 0.4181094 0.4356261 0.4475003 0.4598641 0.4736265 0.4867488 0.4991508 0.5071877 0.5169277 0.5223598 0.5272318
3.4028235E+38 3.4028235E+38 3.4028235E+38 3.4028235E+38 3.4028235E+38 3.4028235E+38 3.4028235E+38 3.4028235E+38 3.4028235E+38 3.4028235E+38 3.4028235E+38 3.4028235E+38 3.4028235E+38 3.4028235E+38 3.4028235E+38 3.4028235E+38 3.4028235E+38 3.4028235E+38 3.4028235E+38 3.4028235E+38 3.4028235E+38 3.4028235E+38 3.4028235E+38 3.4028235E+38 3.4028235E+38 3.4028235E+38 3.4028235E+38 0.2472411 0.2554991 0.2617744 0.2680683 0.2739310 0.2785868 0.2832110 0.2868878 0.2902524 0.2963173 0.3043754 0.3158532 0.3202657 0.3382885 0.3602318 0.3793978 0.4016454 0.4228131 0.4423036 0.4666908 0.4764762 0.4861900 0.5000936 0.5101501 0.5198007 0.5288729 0.5347830 0.5416229
3.4028235E+38 3.4028235E+38 3.4028235E+38 3.4028235E+38 3.4028235E+38 3.4028235E+38 3.4028235E+38 3.4028235E+38 3.4028235E+38 3.4028235E+38 3.4028235E+38 3.4028235E+38 3.4028235E+38 3.4028235E+38 3.4028235E+38 3.4028235E+38 3.4028235E+38 3.4028235E+38 3.4028235E+38 3.4028235E+38 3.4028235E+38 3.4028235E+38 3.4028235E+38 3.4028235E+38 3.4028235E+38 3.4028235E+38 3.4028235E+38 0.2466399 0.2551951 0.2643547 0.2705382 0.2764115 0.2816856 0.2867649 0.2924195 0.2945939 0.3015066 0.3109815 0.3179251 0.3198248 0.3368270 0.3635376 0.3828927 0.4066273 0.4289467 0.4500555 0.4702596 0.4897616 0.5001840 0.5104906 0.5219916 0.5321764 0.5386623 0.5449107 0.5533739
3.4028235E+38 3.4028235E+38 3.4028235E+38 3.4028235E+38 3.4028235E+38 3.4028235E+38 3.4028235E+38 3.4028235E+38 3.4028235E+38 3.4028235E+38 3.4028235E+38 3.4028235E+38 3.4028235E+38 3.4028235E+38 3.4028235E+38 3.4028235E+38 3.4028235E+38 3.4028235E+38 3.4028235E+38 3.4028235E+38 3.4028235E+38 3.4028235E+38 3.4028235E+38 3.4028235E+38 3.4028235E+38 3.4028235E+38 3.4028235E+38 0.2538290 0.2591701 0.2655599 0.2729915 0.2786635 0.2840767 0.2918950 0.2971720 0.3032551 0.3105447 0.3166603 0.3198919 0.3245974 0.3441570 0.3672565 0.3866363 0.4119658 0.4350611 0.4564275 0.4779709 0.5047234 0.5142857 0.5222188 0.5361463 0.5473477 0.5546470 0.5593796 0.5657797
3.4028235E+38 3.4028235E+38 3.4028235E+38 3.4028235E+38 3.4028235E+38 3.4028235E+38 3.4028235E+38 3.4028235E+38 3.4028235E+38 3.4028235E+38 3.4028235E+38 3.4028235E+38 3.4028235E+38 3.4028235E+38 3.4028235E+38 3.4028235E+38 3.4028235E+38 3.4028235E+38 3.4028235E+38 3.4028235E+38 3.4028235E+38 3.4028235E+38 3.4028235E+38 3.4028235E+38 3.4028235E+38 3.4028235E+38 3.4028235E+38 0.2551356 0.2595626 0.2686533 0.2747723 0.2812182 0.2888042 0.2957015 0.3022809 0.3074668 0.3153415 0.3215124 0.3273336 0.3332290 0.3494452 0.3702858 0.3920843 0.4161069 0.4405525 0.4627636 0.4861341 0.5091360 0.5272777 0.5355933 0.5480489 0.5610200 0.5699311 0.5754873 0.5812427
3.4028235E+38 3.4028235E+38 3.4028235E+38 3.4028235E+38 3.4028235E+38 3.4028235E+38 3.4028235E+38 3.4028235E+38 3.4028235E+38 3.4028235E+38 3.4028235E+38 3.4028235E+38 3.4028235E+38 3.4028235E+38 3.4028235E+38 3.4028235E+38 3.4028235E+38 3.4028235E+38 3.4028235E+38 3.4028235E+38 3.4028235E+38 3.4028235E+38 3.4028235E+38 3.4028235E+38 3.4028235E+38 3.4028235E+38 3.4028235E+38 0.2593951 0.2655970 0.2708065 0.2786619 0.2843527 0.2909012 0.2986273 0.3055028 0.3091418 0.3154654 0.3247549 0.3311880 0.3377401 0.3539402 0.3729538 0.3954660 0.4197496 0.4458262 0.4687856 0.4924688 0.5171233 0.5388021 0.5448948 0.5594193 0.5745338 0.5861384 0.5928335 0.5981751
3.4028235E+38 3.4028235E+38 3.4028235E+38 3.4028235E+38 3.4028235E+38 3.4028235E+38 3.4028235E+38 3.4028235E+38 3.4028235E+38 3.4028235E+38 3.4028235E+38 3.4028235E+38 3.4028235E+38 3.4028235E+38 3.4028235E+38 3.4028235E+38 3.4028235E+38 3.4028235E+38 3.4028235E+38 3.4028235E+38 3.4028235E+38 3.4028235E+38 3.4028235E+38 3.4028235E+38 3.4028235E+38 3.4028235E+38 3.4028235E+38 0.2621773 0.2679053 0.2730945 0.2817565 0.2885723 0.2943983 0.3010458 0.3078411 0.3121286 0.3159019 0.3263792 0.3338530 0.3403514 0.3556690 0.3738670 0.3979301 0.4228297 0.4487814 0.4744439 0.4985370 0.5227119 0.5463750 0.5598094 0.5702270 0.5839844 0.6000197 0.6109154 0.6152978
3.4028235E+38 3.4028235E+38 3.4028235E+38 3.4028235E+38 3.4028235E+38 3.4028235E+38 3.4028235E+38 3.4028235E+38 3.4028235E+38 3.4028235E+38 3.4028235E+38 3.4028235E+38 3.4028235E+38 3.4028235E+38 3.4028235E+38 3.4028235E+38 3.4028235E+38 3.4028235E+38 3.4028235E+38 3.4028235E+38 3.4028235E+38 3.4028235E+38 3.4028235E+38 3.4028235E+38 3.4028235E+38 3.4028235E+38 3.4028235E+38 0.2647756 0.2716200 0.2775002 0.2849809 0.2904840 0.2989601 0.3049992 0.3103870 0.3167063 0.3243303 0.3323799 0.3373016 0.3452609 0.3507191 0.3760367 0.4006510 0.4262890 0.4528298 0.4791575 0.5040305 0.5281263 0.5546592 0.5708471 0.5802975 0.5956098 0.6122795 0.6256021 0.6314057
3.4028235E+38 3.4028235E+38 3.4028235E+38 3.4028235E+38 3.4028235E+38 3.4028235E+38 3.4028235E+38 3.4028235E+38 3.4028235E+38 3.4028235E+38 3.4028235E+38 3.4028235E+38 3.4028235E+38 3.4028235E+38 3.4028235E+38 3.4028235E+38 3.4028235E+38 3.4028235E+38 3.4028235E+38 3.4028235E+38 3.4028235E+38 3.4028235E+38 3.4028235E+38 3.4028235E+38 3.4028235E+38 3.4028235E+38 3.4028235E+38 0.2671148 0.2745496 0.2812154 0.2877631 0.2942838 0.3008911 0.3087905 0.3157372 0.3230096 0.3300569 0.3382581 0.3423612 0.3490665 0.3571896 0.3794399 0.4038302 0.4293575 0.4556836 0.4815572 0.5080404 0.5351503 0.5596388 0.5800800 0.5977370 0.6061188 0.6231326 0.6372228 0.6453977
3.4028235E+38 3.4028235E+38 3.4028235E+38 3.4028235E+38 3.4028235E+38 3.4028235E+38 3.4028235E+38 3.4028235E+38 3.4028235E+38 3.4028235E+38 3.4028235E+38 3.4028235E+38 3.4028235E+38 3.4028235E+38 3.4028235E+38 3.4028235E+38 3.4028235E+38 3.4028235E+38 3.4028235E+38 3.4028235E+38 3.4028235E+38 3.4028235E+38 3.4028235E+38 3.4028235E+38 3.4028235E+38 3.4028235E+38 3.4028235E+38 0.2682239 0.2756811 0.2831267 0.2900528 0.2975871 0.3048302 0.3131860 0.3202941 0.3273924 0.3334164 0.3409668 0.3476605 0.3543631 0.3611136 0.3849910 0.4086187 0.4314547 0.4577833 0.4854736 0.5130571 0.5394419 0.5657420 0.5900071 0.6060649 0.6194605 0.6322615 0.6477906 0.6605139
3.4028235E+38 3.4028235E+38 3.4028235E+38 3.4028235E+38 3.4028235E+38 3.4028235E+38 3.4028235E+38 3.4028235E+38 3.4028235E+38 3.4028235E+38 3.4028235E+38 3.4028235E+38 3.4028235E+38 3.4028235E+38 3.4028235E+38 3.4028235E+38 3.4028235E+38 3.4028235E+38 3.4028235E+38 3.4028235E+38 3.4028235E+38 3.4028235E+38 3.4028235E+38 3.4028235E+38 3.4028235E+38 3.4028235E+38 3.4028235E+38 0.2710792 0.2788296 0.2876225 0.2951284 0.3023648 0.3100294 0.3175017 0.3246605 0.3317666 0.3389448 0.3459577 0.3529412 0.3599126 0.3654255 0.3873254 0.4104964 0.4339104 0.4607403 0.4892161 0.5174454 0.5451410 0.5705197 0.5974246 0.6132704 0.6336381 0.6426501 0.6626511 0.6718205
3.4028235E+38 3.4028235E+38 3.4028235E+38 3.4028235E+38 3.4028235E+38 3.4028235E+38 3.4028235E+38 3.4028235E+38 3.4028235E+38 3.4028235E+38 3.4028235E+38 3.4028235E+38 3.4028235E+38 3.4028235E+38 3.4028235E+38 3.4028235E+38 3.4028235E+38 3.4028235E+38 3.4028235E+38 3.4028235E+38 3.4028235E+38 3.4028235E+38 3.4028235E+38 3.4028235E+38 3.4028235E+38 3.4028235E+38 0.2670658 0.2736992 0.2809445 0.2904269 0.2986046 0.3059432 0.3133498 0.3213037 0.3282093 0.3357127 0.3428681 0.3492139 0.3549749 0.3622675 0.3688478 0.3912185 0.4128901 0.4361518 0.4644170 0.4937332 0.5210444 0.5489372 0.5780162 0.6046461 0.6271222 0.6415730 0.6572714 0.6727417 0.6852158
3.4028235E+38 3.4028235E+38 3.4028235E+38 3.4028235E+38 3.4028235E+38 3.4028235E+38 3.4028235E+38 3.4028235E+38 3.4028235E+38 3.4028235E+38 3.4028235E+38 3.4028235E+38 3.4028235E+38 3.4028235E+38 3.4028235E+38 3.4028235E+38 3.4028235E+38 3.4028235E+38 3.4028235E+38 3.4028235E+38 3.4028235E+38 3.4028235E+38 3.4028235E+38 3.4028235E+38 3.4028235E+38 3.4028235E+38 0.2694271 0.2769644 0.2841992 0.2929098 0.3014557 0.3088400 0.3164573 0.3242644 0.3306695 0.3381866 0.3450717 0.3507062 0.3577064 0.3658711 0.3723764 0.3930670 0.4161439 0.4409807 0.4687353 0.4954960 0.5256092 0.5525299 0.5816118 0.6100984 0.6353357 0.6533525 0.6688393 0.6805665 0.7017229
3.4028235E+38 3.4028235E+38 3.4028235E+38 3.4028235E+38 3.4028235E+38 3.4028235E+38 3.4028235E+38 3.4028235E+38 3.4028235E+38 3.4028235E+38 3.4028235E+38 3.4028235E+38 3.4028235E+38 3.4028235E+38 3.4028235E+38 3.4028235E+38 3.4028235E+38 3.4028235E+38 3.4028235E+38 3.4028235E+38 3.4028235E+38 3.4028235E+38 3.4028235E+38 3.4028235E+38 3.4028235E+38 3.4028235E+38 0.2724129 0.2804662 0.2881356 0.2963087 0.3048453 0.3120891 0.3180688 0.3259559 0.3344792 0.3424513 0.3486961 0.3555250 0.3639176 0.3713721 0.3778442 0.3987339 0.4219845 0.4461927 0.4742681 0.4974746 0.5274353 0.5556369 0.5839167 0.6130099 0.6425449 0.6674712 0.6821902 0.6954652 0.7136495
3.4028235E+38 3.4028235E+38 3.4028235E+38 3.4028235E+38 3.4028235E+38 3.4028235E+38 3.4028235E+38 3.4028235E+38 3.4028235E+38 3.4028235E+38 3.4028235E+38 3.4028235E+38 3.4028235E+38 3.4028235E+38 3.4028235E+38 3.4028235E+38 3.4028235E+38 3.4028235E+38 3.4028235E+38 3.4028235E+38 3.4028235E+38 3.4028235E+38 3.4028235E+38 3.4028235E+38 3.4028235E+38 3.4028235E+38 0.2746389 0.2832609 0.2916979 0.2997746 0.3069682 0.3137866 0.3213058 0.3304652 0.3372301 0.3446125 0.3529425 0.3603476 0.3675237 0.3742335 0.3807296 0.4021001 0.4258822 0.4507149 0.4770222 0.5013157 0.5284464 0.5564411 0.5869756 0.6163085 0.6471959 0.6762012 0.6978624 0.7144550 0.7254392
3.4028235E+38 3.4028235E+38 3.4028235E+38 3.4028235E+38 3.4028235E+38 3.4028235E+38 3.4028235E+38 3.4028235E+38 3.4028235E+38 3.4028235E+38 3.4028235E+38 3.4028235E+38 3.4028235E+38 3.4028235E+38 3.4028235E+38 3.4028235E+38 3.4028235E+38 3.4028235E+38 3.4028235E+38 3.4028235E+38 3.4028235E+38 3.4028235E+38 3.4028235E+38 3.4028235E+38 3.4028235E+38 3.4028235E+38 0.2772515 0.2857351 0.2941601 0.3002373 0.3077694 0.3163517 0.3231184 0.3314769 0.3392973 0.3478836 0.3556975 0.3637483 0.3714886 0.3775181 0.3839749 0.4051167 0.4283018 0.4556728 0.4818549 0.5074701 0.5329644 0.5619693 0.5923965 0.6219405 0.6505216 0.6810203 0.7082136 0.7297462 0.7489759
3.4028235E+38 3.4028235E+38 3.4028235E+38 3.4028235E+38 3.4028235E+38 3.4028235E+38 3.4028235E+38 3.4028235E+38 3.4028235E+38 3.4028235E+38 3.4028235E+38 3.4028235E+38 3.4028235E+38 3.4028235E+38 3.4028235E+38 3.4028235E+38 3.4028235E+38 3.4028235E+38 3.4028235E+38 3.4028235E+38 3.4028235E+38 3.4028235E+38 3.4028235E+38 3.4028235E+38 3.4028235E+38 3.4028235E+38 0.2800522 0.2869531 0.2948203 0.3020530 0.3106124 0.3180886 0.3259466 0.3339556 0.3417197 0.3493497 0.3575853 0.3658391 0.3737314 0.3801672 0.3869987 0.4083827 0.4320604 0.4587125 0.4845099 0.5099204 0.5379804 0.5693475 0.5974471 0.6268403 0.6555151 0.6857239 0.7160741 0.7455850 0.7821460
3.4028235E+38 3.4028235E+38 3.4028235E+38 3.4028235E+38 3.4028235E+38 3.4028235E+38 3.4028235E+38 3.4028235E+38 3.4028235E+38 3.4028235E+38 3.4028235E+38 3.4028235E+38 3.4028235E+38 3.4028235E+38 3.4028235E+38 3.4028235E+38 3.4028235E+38 3.4028235E+38 3.4028235E+38 3.4028235E+38 3.4028235E+38 3.4028235E+38 3.4028235E+38 3.4028235E+38 3.4028235E+38 3.4028235E+38 0.2816563 0.2892288 0.2984186 0.3051562 0.3119562 0.3214746 0.3306693 0.3382612 0.3457186 0.3545712 0.3626784 0.3702935 0.3774171 0.3851543 0.3929866 0.4139639 0.4370205 0.4634385 0.4893456 0.5142354 0.5416161 0.5711870 0.5995888 0.6298994 0.6600769 0.6894096 0.7209167 0.7502380 0.7733078
3.4028235E+38 3.4028235E+38 3.4028235E+38 3.4028235E+38 3.4028235E+38 3.4028235E+38 3.4028235E+38 3.4028235E+38 3.4028235E+38 3.4028235E+38 3.4028235E+38 3.4028235E+38 3.4028235E+38 3.4028235E+38 3.4028235E+38 3.4028235E+38 3.4028235E+38 3.4028235E+38 3.4028235E+38 3.4028235E+38 3.4028235E+38 3.4028235E+38 3.4028235E+38 3.4028235E+38 3.4028235E+38 3.4028235E+38 0.2836485 0.2923976 0.3002928 0.3072863 0.3158616 0.3255188 0.3336401 0.3416309 0.3499612 0.3582480 0.3664226 0.3736962 0.3806188 0.3891885 0.3962586 0.4170969 0.4410937 0.4678674 0.4936674 0.5185733 0.5457311 0.5752347 0.6035679 0.6328294 0.6628201 0.6901362 0.7203785 0.7482314 0.7745267
