LUCAS_GEMMES_COP27/includes/subsidence/Scenario_B1/tmp/TOT_SUBSIDENCE_2040_SINCE_2018_MKD_ONLY.ASC
NCOLS                318
NROWS                364
XLLCORNER      400000.00
YLLCORNER      907000.00
CELLSIZE         1000.00
NODATA_VALUE    0.3402823E+39
[rows 216 to 239 of 364, columns 165 to 219 of 318]
0.2087639 0.2085077 0.2080238 0.2011117 0.2004568 0.2004838 0.2070896 0.2079511 0.2083422 0.2081805 0.2086653 0.2086583 0.2092884 0.2105327 0.2039154 0.2046256 0.2052949 0.2066814 0.2076870 0.2158654 0.2173038 0.2185448 0.2202538 0.2233545 0.2192636 0.2283996 0.2320382 0.2296602 0.2329937 0.2357771 0.2447326 0.2471762 0.2499884 0.2538505 0.2547537 0.2399631 0.2460726 0.2516435 0.2516134 0.2466464 0.2403117 0.2324587 0.2220982 0.2172249 0.2162607 0.2135872 0.2033736 0.2018232 0.2018037 0.2049463 0.2063842 0.2057092 0.2038699 0.2016567 0.2040182
0.2132853 0.2127190 0.2119335 0.2108429 0.2095956 0.2032266 0.2033170 0.2098846 0.2100606 0.2095927 0.2100113 0.2044988 0.2047214 0.2051439 0.2052347 0.2121303 0.2127234 0.2132246 0.2143694 0.2150180 0.2154953 0.2165095 0.2187153 0.2221457 0.2187373 0.2219831 0.2252016 0.2279581 0.2361427 0.2394017 0.2416988 0.2437185 0.2472204 0.2499955 0.2464347 0.2460556 0.2457311 0.2457396 0.2415578 0.2354430 0.2268535 0.2158944 0.2010331 0.1971431 0.1954084 0.1990143 0.1968090 0.1952387 0.1923283 0.1916161 0.1931722 0.1945073 0.1929304 0.1939291 0.1971943
0.2179854 0.2167561 0.2157758 0.2144973 0.2130445 0.2119564 0.2055396 0.2054107 0.2053212 0.2051121 0.2053244 0.2056049 0.2123426 0.2125164 0.2123406 0.2126955 0.2140621 0.2134523 0.2146319 0.2150812 0.2090300 0.2100541 0.2132981 0.2154954 0.2182547 0.2209855 0.2232460 0.2315145 0.2344360 0.2370165 0.2398993 0.2421908 0.2401496 0.2413565 0.2432488 0.2443801 0.2418364 0.2375154 0.2330577 0.2256911 0.2166031 0.2035215 0.1921559 0.1912637 0.1853612 0.1881458 0.1887789 0.1881008 0.1869081 0.1859195 0.1837507 0.1849874 0.1863032 0.1896907 0.1916165
0.2219906 0.2202640 0.2190926 0.2175333 0.2151303 0.2140711 0.2136545 0.2076280 0.2072659 0.2068082 0.2066923 0.2125312 0.2126426 0.2129674 0.2128256 0.2128326 0.2133179 0.2140147 0.2084977 0.2097901 0.2097047 0.2172815 0.2200422 0.2155631 0.2174205 0.2195444 0.2217811 0.2245786 0.2327272 0.2354728 0.2328444 0.2354911 0.2369579 0.2433164 0.2413444 0.2387724 0.2351305 0.2307081 0.2259572 0.2173453 0.2062660 0.1932439 0.1925486 0.1876438 0.1793137 0.1777080 0.1815625 0.1811703 0.1809243 0.1792778 0.1775712 0.1769675 0.1790714 0.1809698 0.1837048
0.2259767 0.2239481 0.2216761 0.2199574 0.2181692 0.2174147 0.2113610 0.2104748 0.2157956 0.2144081 0.2085079 0.2081370 0.2138537 0.2139408 0.2142576 0.2140058 0.2075670 0.2078126 0.2089081 0.2169391 0.2175645 0.2180416 0.2202624 0.2155901 0.2172917 0.2246297 0.2276634 0.2244415 0.2266084 0.2299190 0.2316700 0.2368316 0.2388431 0.2407538 0.2389695 0.2359166 0.2326466 0.2272170 0.2219821 0.2132543 0.2038862 0.1957275 0.1924804 0.1869457 0.1802206 0.1734343 0.1721135 0.1743572 0.1751818 0.1725073 0.1698131 0.1711288 0.1750766 0.1752812 0.1788681
0.2304632 0.2286801 0.2258069 0.2237080 0.2221006 0.2155610 0.2143970 0.2184845 0.2180699 0.2172567 0.2166309 0.2102037 0.2098247 0.2096798 0.2097881 0.2096270 0.2093281 0.2163977 0.2169931 0.2179744 0.2186407 0.2133359 0.2147463 0.2162921 0.2231728 0.2248538 0.2276664 0.2237140 0.2259220 0.2284875 0.2348644 0.2352739 0.2371449 0.2354789 0.2372384 0.2343585 0.2301546 0.2247050 0.2154335 0.2083234 0.2020415 0.1982757 0.1923854 0.1864725 0.1805084 0.1744804 0.1684631 0.1666687 0.1675692 0.1647693 0.1649423 0.1676836 0.1692987 0.1701270 0.1735438
0.2306016 0.2333313 0.2304970 0.2279176 0.2207020 0.2190306 0.2225953 0.2211604 0.2209036 0.2201894 0.2193206 0.2188137 0.2127780 0.2122225 0.2182837 0.2183242 0.2182394 0.2185110 0.2190357 0.2188652 0.2137587 0.2145685 0.2221852 0.2233824 0.2242517 0.2257100 0.2225070 0.2247732 0.2320930 0.2277467 0.2337873 0.2308240 0.2305575 0.2302061 0.2330734 0.2305527 0.2272041 0.2186713 0.2137587 0.2063136 0.2025314 0.1972000 0.1917098 0.1863524 0.1808575 0.1744711 0.1697778 0.1639568 0.1622650 0.1611800 0.1627354 0.1637709 0.1638676 0.1664647 0.1717131
0.2363427 0.2330364 0.2350148 0.2271641 0.2245133 0.2278566 0.2260611 0.2248514 0.2242276 0.2233144 0.2225554 0.2221978 0.2157934 0.2155514 0.2211334 0.2211101 0.2209780 0.2203491 0.2148425 0.2151243 0.2156689 0.2225421 0.2235015 0.2253483 0.2264459 0.2227882 0.2237166 0.2297767 0.2306827 0.2269253 0.2278441 0.2280779 0.2315114 0.2267398 0.2252330 0.2232249 0.2198819 0.2154225 0.2133252 0.2070064 0.2012883 0.1956081 0.1906787 0.1857108 0.1810961 0.1757758 0.1707186 0.1667285 0.1640442 0.1603436 0.1596200 0.1598215 0.1609405 0.1650082 0.1697600
0.2472413 0.2385872 0.2351205 0.2319382 0.2342837 0.2326110 0.2307116 0.2291281 0.2277459 0.2268430 0.2260390 0.2253177 0.2248451 0.2188765 0.2243959 0.2243186 0.2246368 0.2173880 0.2176427 0.2235251 0.2242356 0.2252185 0.2256911 0.2269800 0.2227089 0.2248714 0.2307849 0.2309809 0.2269615 0.2268896 0.2321561 0.2296024 0.2296316 0.2277629 0.2265148 0.2234488 0.2207581 0.2157766 0.2115104 0.2056263 0.2007961 0.1950612 0.1901077 0.1851913 0.1810766 0.1767030 0.1721578 0.1684420 0.1653059 0.1628195 0.1613899 0.1599985 0.1592400 0.1615479 0.1677290
0.2536637 0.2448033 0.2407739 0.2372215 0.2396330 0.2374997 0.2355052 0.2338687 0.2317266 0.2305218 0.2296465 0.2289441 0.2286688 0.2229252 0.2227751 0.2225413 0.2222493 0.2209563 0.2270065 0.2257014 0.2272225 0.2279380 0.2279151 0.2241893 0.2255527 0.2319786 0.2319887 0.2274591 0.2273030 0.2315090 0.2298471 0.2276617 0.2266960 0.2245789 0.2233299 0.2204467 0.2179091 0.2132565 0.2086996 0.2035732 0.1989464 0.1943331 0.1905219 0.1854436 0.1810571 0.1766696 0.1733738 0.1697295 0.1664577 0.1642823 0.1616960 0.1582032 0.1582786 0.1597150 0.1637525
0.2607915 0.2517725 0.2520255 0.2429974 0.2395885 0.2419062 0.2398439 0.2381869 0.2358417 0.2346920 0.2338328 0.2329544 0.2321157 0.2321491 0.2265053 0.2265054 0.2326360 0.2310359 0.2315755 0.2312723 0.2223368 0.2288141 0.2274882 0.2277721 0.2337253 0.2334178 0.2287320 0.2300278 0.2324835 0.2297524 0.2289609 0.2249560 0.2229105 0.2209436 0.2193306 0.2173386 0.2180173 0.2111787 0.2065538 0.2014044 0.1978870 0.1933610 0.1894791 0.1855186 0.1825822 0.1774905 0.1745648 0.1709062 0.1680721 0.1658104 0.1628902 0.1590360 0.1609363 0.1603820 0.1647068
0.2633653 0.2590410 0.2595891 0.2555648 0.2464843 0.2483980 0.2457108 0.2431979 0.2410175 0.2394629 0.2383575 0.2314587 0.2304207 0.2302186 0.2302720 0.2307491 0.2367552 0.2356594 0.2363485 0.2311012 0.2305964 0.2307531 0.2374708 0.2357391 0.2353480 0.2334965 0.2302889 0.2340207 0.2319455 0.2273321 0.2261478 0.2224153 0.2205450 0.2176096 0.2159486 0.2129414 0.2108093 0.2072495 0.2027070 0.1983808 0.1948181 0.1920814 0.1886186 0.1851871 0.1827332 0.1781374 0.1761150 0.1719708 0.1692473 0.1674612 0.1656578 0.1638026 0.1636588 0.1642972 0.1655542
0.2714322 0.2718164 0.2675952 0.2636548 0.2545249 0.2505288 0.2523222 0.2494922 0.2470579 0.2396799 0.2380540 0.2365435 0.2406262 0.2400156 0.2403703 0.2356707 0.2352695 0.2348903 0.2346615 0.2341161 0.2396632 0.2403048 0.2400808 0.2382345 0.2381506 0.2316929 0.2322765 0.2354725 0.2311450 0.2269733 0.2240415 0.2198734 0.2173747 0.2136708 0.2110550 0.2083195 0.2055721 0.2015421 0.1989841 0.1953278 0.1914507 0.1878140 0.1834474 0.1821498 0.1811890 0.1778440 0.1755872 0.1733233 0.1712952 0.1692876 0.1673722 0.1658019 0.1653761 0.1657306 0.1660053
0.2805490 0.2805844 0.2758535 0.2720205 0.2681744 0.2584513 0.2545097 0.2569785 0.2489241 0.2463500 0.2494245 0.2477108 0.2467351 0.2464305 0.2465199 0.2472301 0.2469346 0.2410583 0.2406214 0.2406739 0.2394770 0.2437109 0.2434603 0.2432833 0.2408404 0.2350244 0.2379450 0.2355172 0.2307450 0.2260364 0.2216387 0.2169116 0.2129306 0.2092651 0.2069611 0.2053787 0.1988617 0.1946685 0.1929213 0.1895002 0.1868552 0.1818883 0.1787054 0.1793079 0.1786444 0.1768291 0.1755533 0.1747995 0.1721627 0.1696735 0.1681886 0.1661357 0.1654674 0.1672337 0.1669692
0.2904348 0.2902992 0.2858279 0.2824046 0.2774839 0.2723496 0.2630906 0.2596482 0.2560156 0.2587882 0.2562690 0.2542096 0.2534273 0.2533053 0.2540649 0.2543491 0.2544846 0.2542015 0.2535814 0.2525968 0.2459585 0.2448634 0.2436448 0.2420789 0.2399220 0.2373040 0.2403102 0.2347785 0.2307901 0.2249384 0.2197749 0.2152238 0.2092505 0.2042553 0.1999359 0.1957674 0.1912632 0.1857368 0.1846393 0.1826607 0.1813847 0.1814795 0.1771112 0.1779215 0.1775399 0.1763319 0.1754804 0.1735997 0.1720107 0.1698544 0.1691890 0.1672060 0.1651269 0.1675240 0.1671936
0.2999424 0.3005114 0.2962094 0.2910094 0.2862078 0.2812047 0.2768981 0.2675764 0.2637624 0.2661249 0.2637870 0.2622776 0.2614030 0.2614551 0.2620225 0.2611973 0.2618069 0.2627909 0.2618651 0.2606413 0.2582178 0.2558545 0.2537479 0.2515015 0.2493195 0.2460179 0.2367458 0.2340443 0.2312902 0.2241942 0.2187547 0.2156963 0.2063162 0.1995543 0.1936776 0.1879139 0.1816022 0.1721469 0.1722232 0.1752388 0.1747109 0.1682497 0.1678038 0.1725785 0.1739506 0.1743581 0.1721843 0.1709015 0.1697292 0.1682668 0.1677543 0.1666935 0.1670282 0.1682748 0.1672977
0.3093928 0.3108900 0.3072153 0.3008818 0.2962226 0.2906851 0.2861292 0.2820299 0.2731438 0.2699569 0.2733770 0.2721096 0.2717732 0.2715107 0.2707473 0.2693288 0.2714120 0.2737180 0.2711549 0.2700087 0.2656952 0.2627388 0.2604217 0.2568224 0.2513839 0.2430720 0.2416811 0.2409057 0.2318910 0.2247300 0.2175199 0.2106390 0.2025387 0.1950780 0.1879379 0.1810861 0.1743119 0.1658130 0.1687479 0.1705351 0.1689816 0.1628478 0.1668792 0.1684919 0.1704255 0.1696880 0.1688476 0.1691291 0.1683611 0.1666004 0.1667495 0.1656970 0.1666829 0.1666220 0.1659599
0.3198571 0.3142760 0.3170080 0.3103003 0.3043500 0.3023723 0.2970612 0.2928625 0.2888841 0.2796740 0.2841054 0.2831151 0.2825246 0.2818554 0.2803592 0.2786934 0.2798273 0.2806520 0.2810678 0.2786728 0.2737539 0.2696810 0.2664813 0.2630007 0.2572137 0.2477885 0.2487385 0.2462938 0.2338780 0.2227165 0.2174848 0.2088997 0.1990432 0.1903905 0.1826223 0.1750554 0.1689752 0.1620598 0.1648355 0.1650106 0.1631146 0.1578979 0.1615569 0.1636104 0.1654458 0.1662352 0.1649558 0.1643219 0.1639151 0.1634040 0.1635814 0.1631148 0.1640306 0.1655575 0.1636572
0.3355367 0.3235348 0.3197030 0.3230956 0.3172128 0.3139659 0.3071561 0.3046881 0.3019697 0.2922177 0.2909794 0.2954862 0.2940786 0.2937593 0.2904125 0.2916237 0.2906020 0.2892701 0.2917472 0.2855649 0.2799357 0.2723383 0.2682540 0.2680624 0.2582633 0.2564078 0.2563024 0.2484739 0.2366070 0.2253891 0.2188333 0.2087153 0.1956225 0.1861336 0.1779180 0.1678364 0.1636359 0.1610029 0.1634994 0.1622888 0.1594528 0.1541504 0.1577225 0.1600431 0.1623393 0.1664288 0.1620219 0.1604981 0.1600902 0.1604876 0.1606397 0.1608254 0.1607096 0.1606768 0.1597289
0.3421766 0.3371441 0.3284218 0.3245346 0.3257050 0.3211131 0.3153327 0.3135942 0.3125855 0.3078202 0.3017977 0.2999028 0.3056787 0.3031242 0.2999169 0.3007490 0.3004562 0.2993988 0.2998053 0.2886455 0.2861713 0.2866581 0.2769794 0.2711095 0.2669702 0.2620240 0.2608086 0.2531075 0.2433653 0.2284276 0.2223422 0.2160409 0.1896273 0.1807936 0.1748753 0.1697353 0.1701833 0.1669011 0.1646398 0.1613063 0.1573754 0.1519742 0.1553054 0.1574701 0.1589932 0.1599032 0.1587305 0.1576951 0.1571623 0.1580566 0.1579984 0.1566083 0.1560988 0.1570492 0.1563603
0.3502009 0.3457050 0.3421877 0.3322286 0.3288823 0.3315401 0.3277619 0.3251228 0.3243891 0.3201502 0.3164640 0.3087037 0.3083090 0.3128346 0.3133763 0.3100321 0.3025473 0.2987373 0.3001315 0.2962624 0.2929193 0.2939767 0.2917696 0.2830338 0.2798203 0.2712237 0.2683668 0.2623066 0.2429759 0.2312887 0.2212290 0.2111893 0.1939187 0.1925412 0.1878359 0.1809474 0.1776456 0.1716780 0.1664169 0.1618141 0.1569147 0.1511442 0.1540468 0.1557914 0.1568687 0.1569300 0.1564736 0.1557172 0.1549778 0.1544906 0.1533202 0.1524260 0.1545585 0.1543055 0.1533463
0.3527875 0.3537413 0.3515706 0.3457129 0.3366103 0.3337468 0.3363630 0.3336410 0.3319500 0.3283116 0.3250366 0.3223052 0.3169422 0.3160355 0.3157304 0.3126242 0.3107959 0.3079771 0.3056235 0.3009008 0.3006399 0.2979959 0.2919747 0.2898815 0.2871071 0.2768459 0.2671047 0.2586769 0.2466747 0.2385446 0.2250201 0.2153049 0.2081881 0.2100805 0.1966214 0.1873303 0.1820921 0.1761033 0.1691381 0.1633632 0.1577795 0.1513835 0.1536061 0.1547795 0.1559630 0.1556581 0.1545964 0.1542863 0.1531507 0.1524525 0.1524900 0.1527555 0.1525018 0.1519544 0.1507565
0.3614423 0.3559645 0.3574953 0.3531511 0.3494651 0.3408236 0.3399297 0.3415490 0.3408566 0.3365132 0.3314700 0.3296460 0.3278050 0.3256716 0.3231696 0.3204276 0.3197985 0.3199729 0.3175273 0.3139513 0.3088312 0.3017700 0.2999321 0.2949696 0.2847525 0.2775329 0.2699911 0.2634994 0.2528776 0.2413790 0.2318238 0.2231037 0.2154419 0.2083138 0.1991796 0.1902555 0.1827265 0.1764476 0.1710511 0.1646272 0.1591364 0.1530491 0.1544933 0.1552068 0.1557063 0.1553472 0.1533553 0.1520113 0.1510987 0.1506341 0.1499467 0.1502448 0.1487241 0.1478768 0.1472990
0.3712189 0.3616599 0.3632127 0.3597924 0.3566809 0.3532745 0.3448997 0.3418387 0.3458372 0.3430727 0.3420813 0.3336253 0.3336904 0.3375193 0.3345976 0.3308362 0.3285997 0.3251811 0.3248752 0.3190388 0.3139147 0.3036962 0.2993409 0.2949146 0.2866240 0.2824343 0.2759835 0.2657338 0.2554621 0.2451365 0.2366288 0.2262077 0.2170409 0.2105863 0.2030343 0.1925430 0.1829742 0.1761834 0.1687402 0.1634952 0.1602396 0.1562971 0.1568637 0.1560173 0.1561147 0.1572859 0.1516719 0.1491008 0.1489123 0.1480492 0.1739538 0.1477577 0.1767106 3.4028235E+38 3.4028235E+38
