LUCAS_GEMMES_COP27/includes/subsidence/Scenario_B1/tmp/TOT_SUBSIDENCE_2060_SINCE_2018_MKD_ONLY.ASC
NCOLS                318
NROWS                364
XLLCORNER      400000.00
YLLCORNER      907000.00
CELLSIZE         1000.00
NODATA_VALUE    0.3402823E+39
[rows 96 to 119 of 364, columns 165 to 219 of 318]
0.1820175 0.1827698 0.1837259 0.1842382 0.1845655 0.1844769 0.1851749 0.1849663 0.1852296 0.1857951 0.1861200 0.1865000 0.1869709 0.1876565 0.1892688 0.1911803 0.1924620 0.1946056 0.1977044 0.2011075 0.2029651 0.2042342 0.2044590 0.2056545 0.2081281 0.2090698 0.2098108 0.2110653 0.2110321 0.2116393 0.2123849 0.2130905 0.2136632 0.2141668 0.2145118 0.2146958 0.2148714 0.2149527 0.2151605 0.2153434 0.2141818 0.2145180 0.2135260 0.2127279 0.2127313 0.2122979 0.2113600 0.2101223 0.2096145 0.2080888 0.2071980 0.2062101 0.2060636 0.2053832 0.2073852
0.1816184 0.1824223 0.1838755 0.1843890 0.1842731 0.1845228 0.1844048 0.1845756 0.1843345 0.1848029 0.1852403 0.1856715 0.1854814 0.1857852 0.1870391 0.1891029 0.1907122 0.1924855 0.1952838 0.1977022 0.2000856 0.2012763 0.2015751 0.2028802 0.2058527 0.2075544 0.2085901 0.2095935 0.2095080 0.2104430 0.2112263 0.2118843 0.2125219 0.2130564 0.2134507 0.2138403 0.2141016 0.2138049 0.2144606 0.2148545 0.2142460 0.2135158 0.2124546 0.2113935 0.2108073 0.2103585 0.2093359 0.2081023 0.2076129 0.2050493 0.2051022 0.2057631 0.2068250 0.2079679 0.2100713
0.1820457 0.1826775 0.1834057 0.1838248 0.1841538 0.1840111 0.1845621 0.1845722 0.1838353 0.1842483 0.1845967 0.1850302 0.1846276 0.1846024 0.1853760 0.1871236 0.1890280 0.1904070 0.1933202 0.1953439 0.1983065 0.2002936 0.2011311 0.2023179 0.2048158 0.2060105 0.2062304 0.2073724 0.2083994 0.2093271 0.2101256 0.2108783 0.2115152 0.2124344 0.2123343 0.2124470 0.2127392 0.2127585 0.2133478 0.2130982 0.2128158 0.2119074 0.2114242 0.2108526 0.2108077 0.2101975 0.2088704 0.2071120 0.2045778 0.2055482 0.2080958 0.2075368 0.2082742 0.2097412 0.2121137
0.1835081 0.1832809 0.1837011 0.1847338 0.1846950 0.1846154 0.1847928 0.1845082 0.1840152 0.1840438 0.1843673 0.1843479 0.1838706 0.1839349 0.1839274 0.1850062 0.1864786 0.1880806 0.1904570 0.1929585 0.1956837 0.1977667 0.1996089 0.2013245 0.2029525 0.2047186 0.2050649 0.2062856 0.2073791 0.2085302 0.2092211 0.2099788 0.2106517 0.2112306 0.2115221 0.2114742 0.2116914 0.2120167 0.2120971 0.2116031 0.2113703 0.2109794 0.2105176 0.2100362 0.2101971 0.2099416 0.2088966 0.2074421 0.2060335 0.2077720 0.2077023 0.2091626 0.2106612 0.2117663 0.2140971
0.1843295 0.1842953 0.1845537 0.1850760 0.1848447 0.1848308 0.1846936 0.1844217 0.1843193 0.1837991 0.1836990 0.1833254 0.1833179 0.1829965 0.1826452 0.1828065 0.1843712 0.1842396 0.1875653 0.1908066 0.1933325 0.1961740 0.1985708 0.1998406 0.2012203 0.2030755 0.2038989 0.2051583 0.2063201 0.2076552 0.2087373 0.2090584 0.2098637 0.2108221 0.2106805 0.2107388 0.2109466 0.2110004 0.2107917 0.2107831 0.2105054 0.2102641 0.2099191 0.2092645 0.2092111 0.2095463 0.2081539 0.2062387 0.2070789 0.2090448 0.2101198 0.2097450 0.2125313 0.2146264 0.2171063
0.1842546 0.1851223 0.1848723 0.1853896 0.1851338 0.1849788 0.1841891 0.1844967 0.1842304 0.1834825 0.1827243 0.1823359 0.1818171 0.1812991 0.1807490 0.1804352 0.1803634 0.1820046 0.1853110 0.1891596 0.1921270 0.1947557 0.1973353 0.1986193 0.2000374 0.2019526 0.2031993 0.2046859 0.2057240 0.2067743 0.2081826 0.2087178 0.2091675 0.2099120 0.2103463 0.2105507 0.2107411 0.2107577 0.2098871 0.2097440 0.2095857 0.2095298 0.2091024 0.2088810 0.2084365 0.2085768 0.2074254 0.2067711 0.2084429 0.2102440 0.2119252 0.2118927 0.2124460 0.2154621 0.2184225
0.1853599 0.1852583 0.1853340 0.1854773 0.1854215 0.1850829 0.1847888 0.1842369 0.1839125 0.1828555 0.1820941 0.1814406 0.1806070 0.1797017 0.1786994 0.1779568 0.1777415 0.1815936 0.1849189 0.1887974 0.1916199 0.1933544 0.1954592 0.1975061 0.1995531 0.2012514 0.2030743 0.2042941 0.2052473 0.2063266 0.2075065 0.2081922 0.2086526 0.2093824 0.2095290 0.2095093 0.2096658 0.2096297 0.2094619 0.2094467 0.2092407 0.2091455 0.2082984 0.2081158 0.2082750 0.2084730 0.2070141 0.2078669 0.2098925 0.2111386 0.2135366 0.2147747 0.2156385 0.2173533 0.2208563
0.1856984 0.1856606 0.1856445 0.1859439 0.1858584 0.1853104 0.1848482 0.1845363 0.1835387 0.1824714 0.1816846 0.1806694 0.1795280 0.1782237 0.1767730 0.1742891 0.1763734 0.1806777 0.1847464 0.1880499 0.1908060 0.1924500 0.1949693 0.1974367 0.1991713 0.2002780 0.2022131 0.2041287 0.2044580 0.2057633 0.2069901 0.2074646 0.2079727 0.2084891 0.2088356 0.2090317 0.2091577 0.2090876 0.2089193 0.2089269 0.2088295 0.2087604 0.2085037 0.2084095 0.2083943 0.2085134 0.2079642 0.2100840 0.2120282 0.2135875 0.2157711 0.2180601 0.2185696 0.2207418 0.2225199
0.1867440 0.1868939 0.1868379 0.1865299 0.1864870 0.1858942 0.1855998 0.1848455 0.1834757 0.1822643 0.1813131 0.1800753 0.1786875 0.1769587 0.1751816 0.1731299 0.1772586 0.1806354 0.1841459 0.1869227 0.1900274 0.1920770 0.1942854 0.1962609 0.1980184 0.1988157 0.1997147 0.2024900 0.2039069 0.2051023 0.2062689 0.2068462 0.2074540 0.2078530 0.2083456 0.2089696 0.2091968 0.2087297 0.2084491 0.2084907 0.2085005 0.2084003 0.2084515 0.2087679 0.2086386 0.2078713 0.2091865 0.2115629 0.2135427 0.2151047 0.2171834 0.2194012 0.2211209 0.2229240 0.2260604
0.1878423 0.1881475 0.1877026 0.1873412 0.1868464 0.1860759 0.1853543 0.1852877 0.1839283 0.1822356 0.1812550 0.1797560 0.1785789 0.1765738 0.1729520 0.1731826 0.1776916 0.1808667 0.1835182 0.1863337 0.1901976 0.1925192 0.1939768 0.1960042 0.1978621 0.1993595 0.2001577 0.2021668 0.2033918 0.2046816 0.2055433 0.2062251 0.2069570 0.2074843 0.2075357 0.2081828 0.2085966 0.2081411 0.2079856 0.2082067 0.2083243 0.2083330 0.2090240 0.2085281 0.2086483 0.2091745 0.2118206 0.2131111 0.2148091 0.2169880 0.2194246 0.2216327 0.2242270 0.2259313 0.2295607
0.1884668 0.1887045 0.1882734 0.1876787 0.1876304 0.1868092 0.1854499 0.1850067 0.1839123 0.1823868 0.1812019 0.1796733 0.1781250 0.1765815 0.1743658 0.1753591 0.1788007 0.1817618 0.1832597 0.1862529 0.1901683 0.1913438 0.1931732 0.1955882 0.1966735 0.1978561 0.2002079 0.2018094 0.2028889 0.2039685 0.2049806 0.2057066 0.2066754 0.2075791 0.2075690 0.2074969 0.2075582 0.2075770 0.2080304 0.2080137 0.2080090 0.2081491 0.2079304 0.2083073 0.2074534 0.2096932 0.2128294 0.2147974 0.2168716 0.2189271 0.2215375 0.2239860 0.2268277 0.2289589 0.2319146
0.1895667 0.1894647 0.1893582 0.1889499 0.1883342 0.1876870 0.1861944 0.1852442 0.1840443 0.1827079 0.1806797 0.1791426 0.1782433 0.1762448 0.1760712 0.1783060 0.1803885 0.1831038 0.1846474 0.1870542 0.1895505 0.1908209 0.1923066 0.1951935 0.1957351 0.1966769 0.1998463 0.2017685 0.2024899 0.2035931 0.2043424 0.2051740 0.2058843 0.2063944 0.2073765 0.2073061 0.2072822 0.2074697 0.2075143 0.2077228 0.2077591 0.2073367 0.2085458 0.2081130 0.2077416 0.2109866 0.2136718 0.2163509 0.2187789 0.2210145 0.2233879 0.2263557 0.2295861 0.2325634 0.2343039
0.1913958 0.1911111 0.1905753 0.1901539 0.1899901 0.1887865 0.1874618 0.1865278 0.1848908 0.1831802 0.1813562 0.1805201 0.1786300 0.1779449 0.1790053 0.1803938 0.1820366 0.1839385 0.1857321 0.1882470 0.1902391 0.1926926 0.1943078 0.1951288 0.1969400 0.1975295 0.1995324 0.2008755 0.2022036 0.2035192 0.2040299 0.2045383 0.2051242 0.2057121 0.2063672 0.2066275 0.2069515 0.2070797 0.2070204 0.2074573 0.2075904 0.2077082 0.2077949 0.2071136 0.2091384 0.2122481 0.2153104 0.2181943 0.2205545 0.2226804 0.2259234 0.2289765 0.2326994 0.2354725 0.2367601
0.1926803 0.1925807 0.1914787 0.1914946 0.1913747 0.1899636 0.1890434 0.1874322 0.1856895 0.1840601 0.1821051 0.1811986 0.1802963 0.1807863 0.1811993 0.1821558 0.1837916 0.1853390 0.1865780 0.1884101 0.1901454 0.1924324 0.1928256 0.1940119 0.1966325 0.1979784 0.1995127 0.2007485 0.2016329 0.2026700 0.2041710 0.2045533 0.2050185 0.2056148 0.2059203 0.2064071 0.2065729 0.2066161 0.2068602 0.2072060 0.2074267 0.2076909 0.2082205 0.2087476 0.2109755 0.2137807 0.2156856 0.2186878 0.2216112 0.2245614 0.2275699 0.2297941 0.2334510 0.2370409 0.2399801
0.1937025 0.1939852 0.1929127 0.1928921 0.1933252 0.1920712 0.1902587 0.1886342 0.1870394 0.1851576 0.1839976 0.1834739 0.1829464 0.1830451 0.1833648 0.1842572 0.1854997 0.1873488 0.1881917 0.1892876 0.1910507 0.1923121 0.1927075 0.1948075 0.1967297 0.1979812 0.1995001 0.2005511 0.2016660 0.2024937 0.2036414 0.2042806 0.2048512 0.2053756 0.2056738 0.2064906 0.2064136 0.2066326 0.2067214 0.2070375 0.2075302 0.2076666 0.2082318 0.2095967 0.2117278 0.2138244 0.2162869 0.2187876 0.2238834 0.2260263 0.2286403 0.2302171 0.2335439 0.2379371 0.2407112
0.1961667 0.1956040 0.1947624 0.1950500 0.1950923 0.1937694 0.1920323 0.1907017 0.1890337 0.1881446 0.1867039 0.1857233 0.1851749 0.1850043 0.1853475 0.1860821 0.1868960 0.1882161 0.1892611 0.1902808 0.1914623 0.1927967 0.1941326 0.1955252 0.1969926 0.1980634 0.1994087 0.2005107 0.2014721 0.2023264 0.2029194 0.2038968 0.2044804 0.2051086 0.2053585 0.2059536 0.2061135 0.2061598 0.2065013 0.2069297 0.2073076 0.2074842 0.2082222 0.2103917 0.2124689 0.2146709 0.2178806 0.2201902 0.2228352 0.2273837 0.2306869 0.2334679 0.2366545 0.2406442 0.2436831
0.1985289 0.1978519 0.1970944 0.1971231 0.1965780 0.1955602 0.1942731 0.1934230 0.1914185 0.1900558 0.1886115 0.1881223 0.1873976 0.1872686 0.1873842 0.1885827 0.1889396 0.1897953 0.1903742 0.1913302 0.1922761 0.1934171 0.1944875 0.1958707 0.1970663 0.1981082 0.1995745 0.2003313 0.2013288 0.2019320 0.2026281 0.2033218 0.2041851 0.2048890 0.2050378 0.2055480 0.2054064 0.2056631 0.2061339 0.2066607 0.2070555 0.2073844 0.2078134 0.2109897 0.2137385 0.2165435 0.2188938 0.2210695 0.2247570 0.2291717 0.2324914 0.2359551 0.2391106 0.2426263 0.2457032
0.2002590 0.2004387 0.1989839 0.1985660 0.1979786 0.1968082 0.1959108 0.1949543 0.1937067 0.1891498 0.1903213 0.1903599 0.1897707 0.1891567 0.1892798 0.1899446 0.1898278 0.1905130 0.1914892 0.1926466 0.1933751 0.1941233 0.1949303 0.1962122 0.1972927 0.1981303 0.1994279 0.2003198 0.2010119 0.2010484 0.2021426 0.2031034 0.2036866 0.2045262 0.2045798 0.2048601 0.2050382 0.2055615 0.2057132 0.2062948 0.2067786 0.2069124 0.2079551 0.2117597 0.2147635 0.2179212 0.2212494 0.2243445 0.2272218 0.2303511 0.2339368 0.2377060 0.2406930 0.2444770 0.2483079
0.2027519 0.2025019 0.2015804 0.2007566 0.2001059 0.1991640 0.1978293 0.1975680 0.1960241 0.1927207 0.1920504 0.1918437 0.1912430 0.1913318 0.1909930 0.1911547 0.1914399 0.1918646 0.1927352 0.1936758 0.1942964 0.1947905 0.1954766 0.1966384 0.1974839 0.1982251 0.1994358 0.2003366 0.2009435 0.2008499 0.2024201 0.2030648 0.2033158 0.2037782 0.2041391 0.2044201 0.2050039 0.2053393 0.2053727 0.2057567 0.2061485 0.2065614 0.2094661 0.2125645 0.2167967 0.2196503 0.2229220 0.2261765 0.2295734 0.2322263 0.2356511 0.2392087 0.2423393 0.2457281 0.2496936
0.2060820 0.2052348 0.2042789 0.2048524 0.2024420 0.2008034 0.1999738 0.1993041 0.1974512 0.1947983 0.1935452 0.1931329 0.1933715 0.1933220 0.1923869 0.1917254 0.1928376 0.1932735 0.1939816 0.1943066 0.1950389 0.1955927 0.1960611 0.1969963 0.1977889 0.1985377 0.1995453 0.2003134 0.2010094 0.2018757 0.2030425 0.2031526 0.2031405 0.2032997 0.2038173 0.2043977 0.2047001 0.2047890 0.2046794 0.2051588 0.2055706 0.2064547 0.2107069 0.2136533 0.2175600 0.2209672 0.2236937 0.2276667 0.2309965 0.2339265 0.2372156 0.2412460 0.2447739 0.2477943 0.2519612
0.2074249 0.2073179 0.2074968 0.2061905 0.2043018 0.2031747 0.2024183 0.2009994 0.1989692 0.1969727 0.1953164 0.1944248 0.1948281 0.1947523 0.1939464 0.1928554 0.1938378 0.1939050 0.1947710 0.1951327 0.1956747 0.1961849 0.1967390 0.1974082 0.1981587 0.1986169 0.1996624 0.2005320 0.2010814 0.2019701 0.2022536 0.2027186 0.2025614 0.2028723 0.2035026 0.2037003 0.2039589 0.2041144 0.2041556 0.2049997 0.2054982 0.2081061 0.2119284 0.2152929 0.2183120 0.2221572 0.2247213 0.2282261 0.2324748 0.2360393 0.2390520 0.2422257 0.2458813 0.2496618 0.2540432
0.2103982 0.2097126 0.2092899 0.2077956 0.2062813 0.2053273 0.2044109 0.2029302 0.2017123 0.2001150 0.1963462 0.1963023 0.1966233 0.1973487 0.1963846 0.1957266 0.1959653 0.1958808 0.1963466 0.1963129 0.1969993 0.1973849 0.1975886 0.1984570 0.1989156 0.1990069 0.1995849 0.2005601 0.2013059 0.2018601 0.2022490 0.2022989 0.2024530 0.2025595 0.2034177 0.2034468 0.2034254 0.2039924 0.2040372 0.2046631 0.2056737 0.2092830 0.2128781 0.2168666 0.2197566 0.2231358 0.2272559 0.2301831 0.2344047 0.2379956 0.2413938 0.2436799 0.2478458 0.2523263 0.2556721
0.2141635 0.2122625 0.2106537 0.2087309 0.2079694 0.2071786 0.2059690 0.2038276 0.2029234 0.2031800 0.2010477 0.1997069 0.2001537 0.1986872 0.1981660 0.1979609 0.1977298 0.1975014 0.1981080 0.1977164 0.1974069 0.1971080 0.1981040 0.1991665 0.1995284 0.1995723 0.1999658 0.2005034 0.2013952 0.2018891 0.2019085 0.2022241 0.2027236 0.2023585 0.2031041 0.2035641 0.2033730 0.2034545 0.2036727 0.2044305 0.2076845 0.2112078 0.2143424 0.2177576 0.2221062 0.2249551 0.2284622 0.2318975 0.2354349 0.2397677 0.2431493 0.2462363 0.2494960 0.2532193 0.2571412
0.2157172 0.2142996 0.2122445 0.2100784 0.2095181 0.2084527 0.2067370 0.2051767 0.2042507 0.2042268 0.2030658 0.2021521 0.2011857 0.1999472 0.1991105 0.1987604 0.1994900 0.1990236 0.1992085 0.1992849 0.1978799 0.1982665 0.1991821 0.2001473 0.2004674 0.2002127 0.2008293 0.2008934 0.2013174 0.2016964 0.2019942 0.2025484 0.2026210 0.2022689 0.2030534 0.2033720 0.2034349 0.2035163 0.2029911 0.2039554 0.2090100 0.2128991 0.2166622 0.2195411 0.2239120 0.2265950 0.2292431 0.2343022 0.2370896 0.2405930 0.2450095 0.2482592 0.2508956 0.2546057 0.2582352
