LUCAS_GEMMES_COP27/includes/subsidence/Scenario_B1/tmp/TOT_SUBSIDENCE_2040_SINCE_2018_MKD_ONLY.ASC
NCOLS                318
NROWS                364
XLLCORNER      400000.00
YLLCORNER      907000.00
CELLSIZE         1000.00
NODATA_VALUE    0.3402823E+39
[rows 96 to 119 of 364, columns 165 to 219 of 318]
9.9458665E-02 9.9830985E-02 0.1003145 0.1005580 0.1006680 0.1005807 0.1009575 0.1007871 0.1009299 0.1012067 0.1013612 0.1015493 0.1018042 0.1021673 0.1030300 0.1040781 0.1047903 0.1059678 0.1076926 0.1095258 0.1104679 0.1111215 0.1111889 0.1117886 0.1130960 0.1135499 0.1138732 0.1144998 0.1143676 0.1146211 0.1149589 0.1152887 0.1155374 0.1157481 0.1158659 0.1159158 0.1159480 0.1159612 0.1160346 0.1161183 0.1154449 0.1156133 0.1150440 0.1146110 0.1146368 0.1144378 0.1139473 0.1132807 0.1130316 0.1121410 0.1116319 0.1111432 0.1109769 0.1104731 0.1113999
9.9264964E-02 9.9657148E-02 0.1004439 0.1006836 0.1005420 0.1006803 0.1005816 0.1006351 0.1004855 0.1007090 0.1008962 0.1011155 0.1010125 0.1011598 0.1018230 0.1029365 0.1038118 0.1047884 0.1063238 0.1076109 0.1088601 0.1094844 0.1096106 0.1102692 0.1118300 0.1127214 0.1132250 0.1137073 0.1135428 0.1140062 0.1143675 0.1146540 0.1149399 0.1151769 0.1153407 0.1155116 0.1156150 0.1154142 0.1157452 0.1159627 0.1155936 0.1151606 0.1145429 0.1139694 0.1136396 0.1134252 0.1128849 0.1122298 0.1119615 0.1106286 0.1105918 0.1108969 0.1113346 0.1118308 0.1128575
9.9557638E-02 9.9867687E-02 0.1002209 0.1003826 0.1005457 0.1004389 0.1006955 0.1006649 0.1002466 0.1004339 0.1005688 0.1007845 0.1005526 0.1005199 0.1009124 0.1018435 0.1028781 0.1036476 0.1052115 0.1062678 0.1078970 0.1089300 0.1093305 0.1099227 0.1112747 0.1118781 0.1118883 0.1124621 0.1129673 0.1134164 0.1137866 0.1141350 0.1144352 0.1148990 0.1147725 0.1147850 0.1149269 0.1149032 0.1152036 0.1150485 0.1148675 0.1143301 0.1140731 0.1137540 0.1137565 0.1134472 0.1127241 0.1117538 0.1104367 0.1109236 0.1122269 0.1118285 0.1121011 0.1127674 0.1139149
0.1004194 0.1002150 0.1004152 0.1009638 0.1008812 0.1007931 0.1008472 0.1006500 0.1003596 0.1003380 0.1004709 0.1004149 0.1001083 0.1001325 0.1001038 0.1006568 0.1014388 0.1022879 0.1035956 0.1049400 0.1063987 0.1075144 0.1084950 0.1093861 0.1102201 0.1111729 0.1112623 0.1118913 0.1124169 0.1130003 0.1133257 0.1136916 0.1140083 0.1142763 0.1143920 0.1143179 0.1144098 0.1145471 0.1145704 0.1142750 0.1141292 0.1139050 0.1136459 0.1133806 0.1134984 0.1133832 0.1128308 0.1120400 0.1112614 0.1121569 0.1120231 0.1127583 0.1134174 0.1138718 0.1149758
0.1009169 0.1008425 0.1009342 0.1011950 0.1009997 0.1009328 0.1008369 0.1006239 0.1005387 0.1002165 0.1001223 9.9881262E-02 9.9844053E-02 9.9616021E-02 9.9368870E-02 9.9416092E-02 0.1002816 0.1001370 0.1019844 0.1037298 0.1050881 0.1066492 0.1079401 0.1085706 0.1092661 0.1102498 0.1106239 0.1112761 0.1118479 0.1125394 0.1130878 0.1131919 0.1135895 0.1140788 0.1139709 0.1139572 0.1140264 0.1140457 0.1138993 0.1138752 0.1137167 0.1135578 0.1133747 0.1130227 0.1129969 0.1132267 0.1124625 0.1114343 0.1118468 0.1128428 0.1133508 0.1130579 0.1145090 0.1154611 0.1166334
0.1008888 0.1013585 0.1011465 0.1013963 0.1011980 0.1010933 0.1006093 0.1007251 0.1005314 0.1000706 9.9598244E-02 9.9343106E-02 9.9006936E-02 9.8669663E-02 9.8308861E-02 9.8089457E-02 9.8015025E-02 9.8912582E-02 0.1007353 0.1028097 0.1044341 0.1058598 0.1072598 0.1078932 0.1086191 0.1096274 0.1102630 0.1110284 0.1115402 0.1120632 0.1128145 0.1130458 0.1132376 0.1135987 0.1138128 0.1138971 0.1139791 0.1139633 0.1134549 0.1133598 0.1132588 0.1132148 0.1129785 0.1128471 0.1126179 0.1127219 0.1120827 0.1117177 0.1125380 0.1134536 0.1143000 0.1141518 0.1143800 0.1159138 0.1173139
0.1015771 0.1014452 0.1014704 0.1014945 0.1013915 0.1011606 0.1009739 0.1005937 0.1003881 9.9740714E-02 9.9268973E-02 9.8858625E-02 9.8341063E-02 9.7782686E-02 9.7170904E-02 9.6698008E-02 9.6540123E-02 9.8658949E-02 0.1004790 0.1026445 0.1041740 0.1050691 0.1061861 0.1072756 0.1083634 0.1092483 0.1102255 0.1108404 0.1113045 0.1118466 0.1124606 0.1127869 0.1129984 0.1133579 0.1134041 0.1133530 0.1134252 0.1133833 0.1132597 0.1132466 0.1131232 0.1130605 0.1125927 0.1125735 0.1125860 0.1127012 0.1118958 0.1123197 0.1133056 0.1138719 0.1150959 0.1156699 0.1160308 0.1168572 0.1186241
0.1018216 0.1017572 0.1016942 0.1017965 0.1016934 0.1013318 0.1010247 0.1008208 0.1002029 9.9550545E-02 9.9064112E-02 9.8442346E-02 9.7746924E-02 9.6960589E-02 9.6092165E-02 9.4643332E-02 9.5753677E-02 9.8148249E-02 0.1004206 0.1022323 0.1037317 0.1045620 0.1059293 0.1072626 0.1081765 0.1087132 0.1097560 0.1107847 0.1108725 0.1115527 0.1122005 0.1124019 0.1126530 0.1129006 0.1130364 0.1131111 0.1131800 0.1131221 0.1129993 0.1130021 0.1129382 0.1128905 0.1127364 0.1126971 0.1126845 0.1127547 0.1124251 0.1134960 0.1144600 0.1151830 0.1162758 0.1174206 0.1175584 0.1185858 0.1194008
0.1024467 0.1024807 0.1023845 0.1021483 0.1020914 0.1017081 0.1015057 0.1010246 0.1001948 9.9459052E-02 9.8875478E-02 9.8122537E-02 9.7286239E-02 9.6257895E-02 9.5197938E-02 9.3989432E-02 9.6285760E-02 9.8144040E-02 0.1000874 0.1015896 0.1032943 0.1043631 0.1055591 0.1066084 0.1075287 0.1079427 0.1084108 0.1098704 0.1105983 0.1111954 0.1118102 0.1120724 0.1123892 0.1125773 0.1128128 0.1131131 0.1132348 0.1129511 0.1127732 0.1127972 0.1127914 0.1127155 0.1127385 0.1129196 0.1128465 0.1124210 0.1131103 0.1142667 0.1152357 0.1159505 0.1169567 0.1180458 0.1188644 0.1196857 0.1212120
0.1031074 0.1032181 0.1029070 0.1026648 0.1023134 0.1018313 0.1013764 0.1013193 0.1004942 9.9467382E-02 9.8867625E-02 9.7957045E-02 9.7247884E-02 9.6056685E-02 9.3947373E-02 9.4030418E-02 9.6539482E-02 9.8281398E-02 9.9762186E-02 0.1013009 0.1034070 0.1046582 0.1053954 0.1064756 0.1074602 0.1082390 0.1086403 0.1097009 0.1103279 0.1109904 0.1114177 0.1117709 0.1121221 0.1123901 0.1123838 0.1127041 0.1129250 0.1126599 0.1125490 0.1126678 0.1127213 0.1126980 0.1131002 0.1128072 0.1128680 0.1131621 0.1145342 0.1150885 0.1158661 0.1169239 0.1181294 0.1191860 0.1204546 0.1212421 0.1230262
0.1035076 0.1035692 0.1032915 0.1029124 0.1028155 0.1022979 0.1015008 0.1011842 0.1005016 9.9575520E-02 9.8865181E-02 9.7943678E-02 9.6988127E-02 9.6062861E-02 9.4737560E-02 9.5317818E-02 9.7194985E-02 9.8816991E-02 9.9655494E-02 0.1012733 0.1034056 0.1040069 0.1049878 0.1062500 0.1068356 0.1074488 0.1086552 0.1095059 0.1100559 0.1106001 0.1111388 0.1115022 0.1119916 0.1124607 0.1124190 0.1123387 0.1123689 0.1123630 0.1125825 0.1125685 0.1125584 0.1126264 0.1125118 0.1127869 0.1122724 0.1134360 0.1150356 0.1159755 0.1169624 0.1179360 0.1192280 0.1204095 0.1218122 0.1228204 0.1242473
0.1041800 0.1040692 0.1039436 0.1036591 0.1032340 0.1028190 0.1019521 0.1013524 0.1005905 9.9776894E-02 9.8607585E-02 9.7673580E-02 9.7058609E-02 9.5855340E-02 9.5697477E-02 9.6956104E-02 9.8096833E-02 9.9590749E-02 0.1004197 0.1017163 0.1030558 0.1037356 0.1045277 0.1060484 0.1063340 0.1068259 0.1084793 0.1095053 0.1098383 0.1104223 0.1108039 0.1112238 0.1115803 0.1118287 0.1123383 0.1122607 0.1122450 0.1123276 0.1123277 0.1124406 0.1124539 0.1122190 0.1129401 0.1127179 0.1124385 0.1140662 0.1154340 0.1167733 0.1179651 0.1190388 0.1201869 0.1216625 0.1232526 0.1246917 0.1254821
0.1052394 0.1050194 0.1046448 0.1043611 0.1042313 0.1034794 0.1026681 0.1020959 0.1010965 0.1000628 9.9004224E-02 9.8440528E-02 9.7281933E-02 9.6817620E-02 9.7401321E-02 9.8153025E-02 9.9036753E-02 0.1000667 0.1010269 0.1024203 0.1034816 0.1047916 0.1056421 0.1060368 0.1069773 0.1072782 0.1083319 0.1090093 0.1096938 0.1103949 0.1106301 0.1108798 0.1111705 0.1114615 0.1117848 0.1119083 0.1120742 0.1121280 0.1120752 0.1123073 0.1123733 0.1124224 0.1124786 0.1121416 0.1131714 0.1147192 0.1162890 0.1177477 0.1188919 0.1198865 0.1215261 0.1230391 0.1248771 0.1262262 0.1267578
0.1059892 0.1058863 0.1052383 0.1051788 0.1050477 0.1041712 0.1036073 0.1026287 0.1015715 0.1005779 9.9409640E-02 9.8817214E-02 9.8227531E-02 9.8477870E-02 9.8672152E-02 9.9165708E-02 0.1000647 0.1008840 0.1015156 0.1025064 0.1034188 0.1046416 0.1048332 0.1054533 0.1068149 0.1075194 0.1083279 0.1089619 0.1094024 0.1099312 0.1107289 0.1108971 0.1111275 0.1114233 0.1115536 0.1117839 0.1118660 0.1118768 0.1119933 0.1121681 0.1122815 0.1124194 0.1126872 0.1129796 0.1140970 0.1155391 0.1164520 0.1179549 0.1194225 0.1208982 0.1223933 0.1234321 0.1252367 0.1270174 0.1284341
0.1066486 0.1067424 0.1060910 0.1060078 0.1061830 0.1054032 0.1043044 0.1033264 0.1023574 0.1012190 0.1004774 0.1001373 9.9784940E-02 9.9788189E-02 9.9930048E-02 0.1003851 0.1010425 0.1020412 0.1024540 0.1030016 0.1039438 0.1045769 0.1047910 0.1058934 0.1068770 0.1075193 0.1083111 0.1088440 0.1094114 0.1098302 0.1104350 0.1107473 0.1110390 0.1112973 0.1114238 0.1118438 0.1117731 0.1118919 0.1119114 0.1120723 0.1123458 0.1124120 0.1127191 0.1134437 0.1144850 0.1155283 0.1168341 0.1180107 0.1206346 0.1216272 0.1229269 0.1237488 0.1253044 0.1274811 0.1288160
0.1080513 0.1076905 0.1071694 0.1072494 0.1072150 0.1063916 0.1053309 0.1045224 0.1035188 0.1029385 0.1020586 0.1014381 0.1010747 0.1009173 0.1010702 0.1014376 0.1018501 0.1025476 0.1030660 0.1035759 0.1041764 0.1048583 0.1055578 0.1062884 0.1070378 0.1075757 0.1082686 0.1088334 0.1093155 0.1097614 0.1100455 0.1105438 0.1108171 0.1111368 0.1112549 0.1115503 0.1116293 0.1116384 0.1117983 0.1120105 0.1122253 0.1123188 0.1127026 0.1137904 0.1148649 0.1159587 0.1176516 0.1188196 0.1200694 0.1223634 0.1240053 0.1253665 0.1269303 0.1288993 0.1303726
0.1094157 0.1089851 0.1085153 0.1084508 0.1080701 0.1074263 0.1066288 0.1060633 0.1048499 0.1040152 0.1031452 0.1028221 0.1023495 0.1022231 0.1022328 0.1028737 0.1030154 0.1034433 0.1036973 0.1041770 0.1046386 0.1052147 0.1057604 0.1064838 0.1070736 0.1076088 0.1083701 0.1087283 0.1092359 0.1095514 0.1098958 0.1102352 0.1106579 0.1110207 0.1110755 0.1113298 0.1112511 0.1113747 0.1116118 0.1118803 0.1120860 0.1122654 0.1124916 0.1141007 0.1155216 0.1169355 0.1181159 0.1192041 0.1210790 0.1233070 0.1249599 0.1266577 0.1282244 0.1299481 0.1314398
0.1104394 0.1104825 0.1096233 0.1093177 0.1089133 0.1081934 0.1075909 0.1069268 0.1061762 0.1037389 0.1041443 0.1040857 0.1037050 0.1032930 0.1033167 0.1036355 0.1034975 0.1038252 0.1043252 0.1049252 0.1052733 0.1056141 0.1060109 0.1066738 0.1072193 0.1076268 0.1082941 0.1087431 0.1090843 0.1090818 0.1096346 0.1101154 0.1103919 0.1108169 0.1108258 0.1109708 0.1110519 0.1113131 0.1113877 0.1116833 0.1119302 0.1120074 0.1125602 0.1144971 0.1160412 0.1176654 0.1193572 0.1209248 0.1223706 0.1239370 0.1257308 0.1276043 0.1290683 0.1309321 0.1328118
0.1118636 0.1116895 0.1111224 0.1105909 0.1101565 0.1095201 0.1086729 0.1084257 0.1074879 0.1055927 0.1051347 0.1049165 0.1045175 0.1045214 0.1042657 0.1043119 0.1044134 0.1045868 0.1050146 0.1054942 0.1057931 0.1059785 0.1063125 0.1069065 0.1073063 0.1076637 0.1082770 0.1087479 0.1090428 0.1089727 0.1097728 0.1100724 0.1102020 0.1104272 0.1106001 0.1107326 0.1110228 0.1111859 0.1112021 0.1113935 0.1115983 0.1118209 0.1133262 0.1149325 0.1171297 0.1185885 0.1202283 0.1218759 0.1235979 0.1249298 0.1266406 0.1284091 0.1299501 0.1316167 0.1335626
0.1138104 0.1132622 0.1126696 0.1129575 0.1114721 0.1104441 0.1098603 0.1093909 0.1082682 0.1067532 0.1059874 0.1056749 0.1057269 0.1056343 0.1050775 0.1046564 0.1051615 0.1053676 0.1057010 0.1058163 0.1061720 0.1064150 0.1066222 0.1070780 0.1074615 0.1078449 0.1083429 0.1087176 0.1090483 0.1095009 0.1101187 0.1101237 0.1101027 0.1101677 0.1104219 0.1107056 0.1108525 0.1108894 0.1108300 0.1110716 0.1112884 0.1117579 0.1139607 0.1154986 0.1175290 0.1192843 0.1206557 0.1226794 0.1243572 0.1258363 0.1274816 0.1294928 0.1312364 0.1327155 0.1347652
0.1146159 0.1144841 0.1145069 0.1136768 0.1125001 0.1117504 0.1112083 0.1103206 0.1091276 0.1079511 0.1069727 0.1064072 0.1065296 0.1064029 0.1059291 0.1052827 0.1057491 0.1057281 0.1061248 0.1062719 0.1065109 0.1067333 0.1069801 0.1072982 0.1076815 0.1078924 0.1084160 0.1088432 0.1090779 0.1095278 0.1096502 0.1098923 0.1097901 0.1099339 0.1102396 0.1103331 0.1104535 0.1105245 0.1105425 0.1109751 0.1112328 0.1126076 0.1145985 0.1163506 0.1179143 0.1198941 0.1212093 0.1229985 0.1251578 0.1269569 0.1284659 0.1300395 0.1318500 0.1337149 0.1358763
0.1163327 0.1158550 0.1155084 0.1145348 0.1135761 0.1129188 0.1122817 0.1113594 0.1106051 0.1096543 0.1075560 0.1074361 0.1075216 0.1078434 0.1072421 0.1068261 0.1068905 0.1067638 0.1069639 0.1069096 0.1072267 0.1073909 0.1074546 0.1078777 0.1080845 0.1080969 0.1083697 0.1088534 0.1092168 0.1094771 0.1096566 0.1096595 0.1097198 0.1097564 0.1101611 0.1101780 0.1101607 0.1104434 0.1104605 0.1107803 0.1113108 0.1132150 0.1150974 0.1171743 0.1186783 0.1204248 0.1225406 0.1240390 0.1261838 0.1279903 0.1297070 0.1308341 0.1329058 0.1351002 0.1367589
0.1183783 0.1171967 0.1161962 0.1150261 0.1144760 0.1139176 0.1131324 0.1118717 0.1112729 0.1113247 0.1100426 0.1092618 0.1094390 0.1085297 0.1082018 0.1080231 0.1078375 0.1076454 0.1079318 0.1076561 0.1074614 0.1072545 0.1077306 0.1082518 0.1084050 0.1083920 0.1085652 0.1088159 0.1092539 0.1094832 0.1094654 0.1096056 0.1098454 0.1096350 0.1100042 0.1102262 0.1101081 0.1101383 0.1102448 0.1106273 0.1123513 0.1142113 0.1158661 0.1176544 0.1199113 0.1213930 0.1232011 0.1249604 0.1267618 0.1289493 0.1306570 0.1321937 0.1338111 0.1356493 0.1375662
0.1191828 0.1182674 0.1170222 0.1157275 0.1152857 0.1145805 0.1135395 0.1125894 0.1119820 0.1118585 0.1111241 0.1105593 0.1099655 0.1092314 0.1087110 0.1084566 0.1087732 0.1084629 0.1084859 0.1084939 0.1077088 0.1078644 0.1082974 0.1087580 0.1088916 0.1087219 0.1090112 0.1090116 0.1092020 0.1093678 0.1094956 0.1097625 0.1097761 0.1095701 0.1099583 0.1101029 0.1101088 0.1101398 0.1098604 0.1103691 0.1130467 0.1150992 0.1170806 0.1186010 0.1208732 0.1222714 0.1236486 0.1262383 0.1276609 0.1294384 0.1316696 0.1332891 0.1345885 0.1364262 0.1381897
