LUCAS_GEMMES_COP27/includes/subsidence/Scenario_B1/tmp/TOT_SUBSIDENCE_2040_SINCE_2018_MKD_ONLY.ASC
NCOLS                318
NROWS                364
XLLCORNER      400000.00
YLLCORNER      907000.00
CELLSIZE         1000.00
NODATA_VALUE    0.3402823E+39
[rows 72 to 95 of 364, columns 165 to 219 of 318]
7.8338295E-02 7.8078054E-02 7.8324981E-02 7.9238802E-02 8.0965027E-02 8.1623696E-02 8.2064077E-02 8.3113045E-02 8.3910562E-02 8.4708415E-02 8.5381940E-02 8.6131781E-02 8.6859949E-02 8.7412737E-02 8.8222593E-02 8.9903235E-02 9.1512419E-02 9.2923976E-02 9.4819658E-02 9.6653134E-02 9.8256692E-02 0.1001451 0.1021484 0.1038177 0.1069090 0.1098179 0.1118177 0.1138986 0.1155990 0.1179489 0.1183408 0.1190623 0.1203609 0.1215347 0.1222891 0.1238610 3.4028235E+38 0.1269557 0.1288771 0.1298174 0.1310101 0.1321833 0.1346446 0.1337463 0.1327570 0.1309880 0.1283275 0.1264708 3.4028235E+38 3.4028235E+38 3.4028235E+38 3.4028235E+38 3.4028235E+38 3.4028235E+38 3.4028235E+38
7.8844368E-02 7.9066567E-02 7.9514429E-02 8.0429673E-02 8.1280939E-02 8.2259260E-02 8.2869455E-02 8.3534807E-02 8.4251039E-02 8.6095124E-02 8.6635001E-02 8.7283120E-02 8.8323288E-02 8.9354031E-02 9.0258338E-02 9.0799317E-02 9.2590891E-02 9.4216950E-02 9.5872492E-02 9.7529538E-02 9.9476501E-02 0.1011027 0.1032432 0.1058021 0.1080889 0.1107226 0.1133403 0.1153300 0.1167567 0.1193585 0.1207683 0.1215530 0.1230049 0.1242799 0.1257007 0.1268343 0.1280545 0.1293544 0.1306887 0.1328607 0.1335385 0.1355348 0.1365487 0.1339743 0.1340826 0.1336350 0.1301511 0.1278220 0.1265333 3.4028235E+38 3.4028235E+38 3.4028235E+38 3.4028235E+38 3.4028235E+38 3.4028235E+38
7.9351783E-02 8.0737397E-02 8.1154048E-02 8.1660464E-02 8.2554303E-02 8.3490841E-02 8.4169716E-02 8.4873512E-02 8.5608155E-02 8.6786471E-02 8.7834530E-02 8.8577628E-02 8.9516535E-02 9.0405330E-02 9.1567524E-02 9.2875466E-02 9.4117343E-02 9.5470093E-02 9.6583851E-02 9.8558202E-02 0.1002933 0.1020024 0.1042657 0.1062947 0.1089807 0.1114876 0.1142595 0.1166567 0.1180188 0.1207799 0.1232321 0.1247842 0.1264604 0.1268717 0.1284745 0.1304931 0.1326013 0.1318027 0.1330640 0.1346188 0.1375579 0.1376843 0.1366252 0.1356557 0.1351977 0.1333285 0.1310224 0.1294433 0.1272569 0.1254264 0.1230642 3.4028235E+38 3.4028235E+38 3.4028235E+38 3.4028235E+38
8.0354504E-02 8.1265353E-02 8.2321063E-02 8.3272800E-02 8.3880119E-02 8.5050233E-02 8.5985124E-02 8.6924970E-02 8.7370865E-02 8.7929919E-02 8.8680096E-02 8.9541487E-02 9.0533160E-02 9.1667674E-02 9.2905678E-02 9.4220877E-02 9.5457666E-02 9.6459977E-02 9.7871281E-02 9.9599376E-02 0.1011322 0.1030334 0.1051603 0.1073904 0.1097773 0.1127008 0.1151579 0.1182067 0.1190978 0.1217935 0.1234488 0.1256511 0.1272791 0.1289740 0.1310701 0.1315570 0.1337591 0.1337766 0.1354782 0.1363345 0.1375160 0.1366116 0.1360341 0.1352744 0.1347198 0.1330032 0.1312800 0.1294891 0.1275421 0.1259457 0.1244650 0.1232229 3.4028235E+38 3.4028235E+38 3.4028235E+38
8.1609935E-02 8.2557224E-02 8.4216125E-02 8.4923439E-02 8.6014681E-02 8.6738244E-02 8.7132417E-02 8.7718956E-02 8.8660620E-02 8.9041270E-02 8.9773074E-02 9.0576679E-02 9.1543958E-02 9.2834994E-02 9.4011009E-02 9.5326044E-02 9.6458510E-02 9.7710282E-02 9.9028140E-02 0.1006172 0.1023311 0.1042011 0.1061768 0.1085795 0.1108348 0.1133290 0.1158541 0.1183669 0.1201932 0.1230442 0.1246017 0.1272562 0.1287794 0.1303509 0.1328972 0.1328996 0.1351209 0.1353384 0.1370849 0.1381071 0.1382124 0.1368828 0.1365085 0.1355002 0.1342115 0.1325821 0.1308383 0.1292469 0.1276853 0.1261607 0.1247362 0.1235111 0.1222083 0.1207844 0.1192654
8.2996115E-02 8.4506713E-02 8.5708812E-02 8.5647710E-02 8.7080419E-02 8.7898150E-02 8.8558704E-02 8.8855788E-02 8.9538649E-02 9.0175010E-02 9.1068819E-02 9.1877826E-02 9.2588976E-02 9.3581729E-02 9.5036507E-02 9.6456654E-02 9.7777903E-02 9.9043787E-02 0.1002060 0.1017855 0.1034464 0.1047396 0.1066326 0.1091465 0.1115098 0.1137267 0.1171627 0.1184960 0.1211845 0.1236143 0.1254041 0.1272648 0.1293136 0.1306859 0.1328857 0.1348521 0.1359427 0.1366203 0.1384060 0.1393112 0.1384956 0.1376807 0.1360385 0.1348898 0.1339367 0.1320149 0.1306028 0.1292786 0.1275855 0.1262861 0.1250348 0.1241329 0.1230758 0.1221608 0.1205524
8.4388360E-02 8.6009175E-02 8.7111302E-02 8.7741151E-02 8.8358641E-02 8.8875674E-02 8.9436769E-02 8.9963287E-02 9.0523846E-02 9.1138802E-02 9.2078775E-02 9.2980467E-02 9.3435802E-02 9.4729945E-02 9.5947720E-02 9.7527891E-02 9.9172130E-02 0.1001959 0.1012986 0.1031352 0.1047543 0.1056689 0.1070500 0.1091079 0.1113317 0.1140330 0.1167440 0.1182640 0.1207436 0.1233880 0.1260411 0.1275825 0.1292289 0.1309755 0.1337165 0.1355469 0.1360731 0.1368430 0.1385348 0.1391716 0.1380007 0.1368699 0.1357479 0.1347811 0.1333638 0.1315505 0.1303356 0.1289396 0.1274622 0.1262187 0.1252364 0.1243754 0.1238121 0.1227875 0.1219036
8.6406469E-02 8.6810574E-02 8.8356063E-02 8.8967770E-02 8.9555994E-02 9.0054862E-02 9.0556756E-02 9.1236740E-02 9.1743484E-02 9.2103802E-02 9.2977762E-02 9.4276868E-02 9.5117211E-02 9.6123233E-02 9.7049743E-02 9.8263495E-02 9.9854134E-02 0.1011142 0.1022663 0.1040991 0.1057176 0.1071261 0.1086236 0.1102026 0.1128109 0.1154413 0.1169922 0.1195709 0.1217756 0.1240689 0.1264976 0.1281843 0.1295666 0.1310200 0.1329169 0.1352639 0.1358961 0.1364730 0.1386197 0.1381861 0.1371085 0.1361947 0.1352925 0.1334810 0.1320245 0.1309244 0.1298319 0.1287302 0.1272674 0.1261368 0.1253130 0.1247060 0.1240993 0.1229651 0.1220215
8.8167384E-02 8.8902958E-02 8.9755341E-02 9.0364471E-02 9.0917744E-02 9.1233924E-02 9.1689795E-02 9.2091955E-02 9.2629440E-02 9.3564004E-02 9.4136998E-02 9.5020816E-02 9.6222743E-02 9.7255096E-02 9.8343067E-02 9.9183537E-02 0.1004376 0.1017494 0.1031591 0.1049626 0.1065352 0.1079588 0.1098117 0.1113262 0.1139091 0.1161132 0.1182704 0.1205031 0.1228970 0.1248717 0.1268840 0.1281805 0.1292593 0.1303989 0.1323102 0.1338212 0.1350247 0.1380353 0.1385625 0.1372789 0.1364665 0.1355839 0.1345762 0.1326353 0.1318276 0.1305771 0.1299775 0.1282002 0.1271272 0.1260731 0.1254267 0.1245658 0.1235263 0.1228789 0.1225399
8.8531278E-02 8.9468509E-02 9.0484008E-02 9.1441117E-02 9.1742136E-02 9.2245668E-02 9.2867576E-02 9.3506239E-02 9.3932465E-02 9.4555445E-02 9.5499530E-02 9.6028909E-02 9.6918419E-02 9.8207891E-02 9.9218927E-02 0.1003319 0.1012829 0.1026102 0.1042773 0.1057226 0.1071316 0.1086700 0.1106455 0.1126472 0.1148997 0.1169502 0.1189759 0.1207769 0.1231465 0.1247453 0.1267390 0.1278710 0.1290297 0.1301967 0.1313667 0.1331063 0.1338729 0.1356055 0.1376534 0.1366940 0.1358054 0.1346210 0.1333417 0.1322154 0.1313691 0.1296731 0.1288513 0.1276265 0.1267571 0.1258448 0.1253297 0.1243099 0.1232439 0.1226685 0.1219682
8.9510314E-02 9.0206131E-02 9.1418177E-02 9.2145279E-02 9.2603996E-02 9.3336381E-02 9.3822248E-02 9.4707474E-02 9.5210798E-02 9.5408827E-02 9.6003383E-02 9.7220480E-02 9.7829662E-02 9.8796897E-02 0.1000843 0.1011435 0.1021153 0.1034341 0.1048151 0.1064288 0.1079072 0.1094584 0.1114852 0.1132998 0.1152315 0.1171984 0.1192007 0.1211864 0.1232297 0.1245434 0.1263118 0.1275652 0.1297039 0.1299863 0.1308473 0.1313325 0.1324070 0.1338931 0.1367885 0.1366125 0.1349172 0.1333841 0.1316878 0.1312730 0.1306071 0.1296237 0.1285648 0.1272627 0.1262457 0.1254958 0.1245495 0.1238735 0.1233874 0.1228591 0.1222599
9.0504050E-02 9.0982400E-02 9.1847107E-02 9.3145423E-02 9.3562357E-02 9.4631784E-02 9.4862275E-02 9.5464796E-02 9.6395075E-02 9.6444331E-02 9.6664242E-02 9.7586200E-02 9.8970190E-02 9.9634528E-02 0.1007371 0.1017452 0.1029151 0.1044990 0.1056155 0.1069818 0.1086204 0.1100727 0.1119018 0.1136820 0.1153436 0.1172575 0.1193925 0.1214868 0.1224607 0.1247678 0.1258473 0.1273440 0.1284967 0.1288325 0.1293743 0.1299966 0.1305830 0.1320761 0.1333331 0.1345088 0.1343338 0.1324456 0.1304211 0.1296908 0.1298102 0.1287707 0.1274046 0.1264862 0.1254009 0.1246413 0.1238292 0.1235778 0.1227935 0.1226060 0.1216980
9.1447592E-02 9.2021517E-02 9.2775792E-02 9.3878984E-02 9.4496049E-02 9.4916046E-02 9.5568247E-02 9.6036501E-02 9.6889406E-02 9.7584650E-02 9.7642250E-02 9.8429441E-02 9.9210568E-02 0.1006147 0.1013863 0.1024600 0.1038151 0.1049488 0.1064180 0.1077220 0.1092732 0.1101690 0.1117458 0.1134193 0.1159792 0.1169004 0.1190732 0.1211498 0.1226010 0.1248468 0.1257906 0.1269475 0.1271574 0.1275369 0.1279488 0.1285482 0.1289201 0.1298416 0.1310731 0.1319256 0.1324327 0.1316451 0.1304421 0.1289215 0.1287605 0.1276441 0.1262601 0.1254081 0.1245864 0.1237499 0.1231480 0.1231062 0.1222875 0.1216138 0.1212540
9.2229150E-02 9.3035772E-02 9.3751498E-02 9.4693415E-02 9.5702410E-02 9.5760457E-02 9.6294068E-02 9.7004458E-02 9.7684346E-02 9.8329708E-02 9.8414391E-02 9.9247158E-02 9.9919066E-02 0.1010500 0.1020284 0.1031181 0.1043159 0.1056117 0.1071171 0.1085122 0.1101516 0.1110427 0.1126415 0.1138524 0.1155119 0.1175593 0.1200713 0.1212210 0.1227553 0.1247920 0.1255489 0.1256661 0.1264002 0.1270248 0.1270343 0.1272106 0.1275076 0.1279117 0.1286938 0.1296372 0.1310995 0.1309166 0.1299847 0.1280635 0.1270354 0.1262916 0.1249443 0.1243753 0.1238914 0.1230620 0.1225594 0.1223665 0.1216932 0.1207452 0.1203210
9.3196563E-02 9.4336055E-02 9.5242620E-02 9.5508859E-02 9.6739918E-02 9.6721388E-02 9.7151257E-02 9.8008215E-02 9.8965347E-02 9.8787218E-02 9.9233776E-02 0.1001173 0.1009582 0.1016748 0.1026311 0.1038835 0.1049345 0.1063917 0.1077049 0.1091057 0.1108895 0.1121861 0.1139518 0.1144381 0.1166241 0.1185914 0.1198532 0.1218525 0.1230195 0.1241610 0.1242205 0.1245799 0.1248634 0.1254173 0.1254743 0.1258205 0.1261975 0.1266074 0.1270780 0.1276900 0.1282504 0.1288519 0.1286808 0.1268222 0.1257084 0.1250118 0.1239014 0.1233127 0.1228425 0.1225511 0.1220723 0.1216961 0.1206870 0.1200484 0.1194890
9.4032243E-02 9.4855011E-02 9.5818676E-02 9.6276738E-02 9.6980348E-02 9.7483665E-02 9.7992137E-02 9.8704502E-02 9.9237010E-02 9.9298015E-02 9.9877506E-02 0.1004070 0.1009709 0.1023235 0.1031845 0.1042887 0.1055344 0.1068611 0.1083418 0.1097761 0.1115071 0.1127993 0.1140985 0.1152423 0.1177522 0.1192171 0.1201653 0.1212818 0.1220284 0.1226475 0.1230547 0.1233024 0.1239230 0.1238675 0.1243530 0.1246214 0.1249019 0.1254986 0.1257990 0.1257632 0.1260886 0.1260658 0.1259674 0.1254557 0.1245961 0.1240232 0.1231945 0.1224183 0.1217954 0.1214626 0.1207086 0.1199461 0.1196648 0.1193099 0.1200872
9.5535234E-02 9.5817119E-02 9.6738949E-02 9.6973464E-02 9.7786427E-02 9.8651543E-02 9.9282891E-02 9.9644572E-02 9.9941999E-02 0.1000004 0.1007906 0.1011222 0.1016003 0.1026854 0.1038551 0.1047317 0.1059080 0.1067479 0.1087540 0.1103798 0.1113625 0.1132762 0.1152258 0.1165765 0.1178262 0.1198165 0.1210017 0.1211707 0.1212353 0.1216264 0.1219774 0.1222663 0.1226157 0.1228117 0.1229943 0.1234190 0.1236143 0.1239095 0.1240113 0.1241949 0.1245585 0.1248474 0.1249747 0.1244728 0.1232576 0.1229354 0.1221688 0.1213253 0.1205080 0.1199455 0.1196019 0.1189810 0.1185480 0.1181665 0.1173148
9.6033052E-02 9.6751750E-02 9.7002491E-02 9.7540975E-02 9.8499805E-02 9.9148035E-02 9.9695861E-02 0.1001061 0.1003050 0.1006515 0.1013331 0.1018728 0.1024702 0.1030614 0.1040006 0.1052533 0.1064079 0.1077770 0.1093964 0.1110885 0.1124063 0.1141312 0.1159824 0.1176689 0.1185078 0.1193394 0.1198095 0.1200546 0.1201281 0.1206119 0.1208889 0.1216001 0.1215501 0.1218473 0.1218811 0.1222869 0.1227180 0.1227396 0.1227461 0.1228931 0.1230614 0.1234448 0.1227254 0.1222793 0.1221698 0.1217357 0.1210380 0.1204019 0.1198706 0.1191215 0.1186320 0.1180442 0.1176732 0.1172423 0.1163921
9.6664190E-02 9.7173408E-02 9.7524524E-02 9.8170146E-02 9.8742992E-02 9.9131361E-02 0.1001692 0.1005079 0.1010081 0.1010466 0.1014681 0.1021197 0.1028070 0.1034820 0.1042778 0.1053851 0.1066261 0.1077722 0.1093013 0.1113354 0.1135369 0.1153683 0.1174836 0.1182229 0.1191986 0.1187333 0.1189120 0.1191370 0.1193501 0.1196141 0.1200357 0.1203260 0.1202133 0.1206129 0.1210559 0.1211083 0.1215009 0.1216588 0.1215911 0.1215684 0.1213548 0.1214470 0.1212422 0.1209862 0.1209069 0.1203453 0.1198062 0.1195662 0.1192182 0.1187212 0.1180676 0.1176460 0.1171927 0.1164418 0.1160069
9.6835166E-02 9.7356230E-02 9.7986445E-02 9.8781273E-02 9.8977163E-02 9.9385053E-02 0.1001042 0.1004989 0.1009482 0.1013059 0.1015549 0.1019263 0.1026048 0.1036648 0.1045676 0.1055592 0.1067279 0.1076986 0.1095705 0.1121077 0.1141396 0.1165732 0.1178584 0.1174725 0.1179091 0.1181144 0.1179499 0.1184166 0.1183418 0.1185944 0.1189559 0.1185444 0.1187307 0.1195904 0.1199963 0.1200359 0.1202033 0.1202944 0.1208639 0.1206712 0.1201862 0.1205093 0.1204986 0.1202510 0.1193594 0.1190425 0.1185808 0.1185729 0.1182101 0.1178367 0.1171270 0.1163927 0.1159525 0.1154012 0.1150599
9.7243905E-02 9.7934812E-02 9.8890647E-02 9.9468231E-02 9.9533126E-02 9.9715456E-02 0.1006084 0.1009392 0.1012110 0.1014470 0.1017965 0.1019887 0.1025782 0.1034771 0.1044758 0.1055660 0.1066796 0.1079123 0.1101937 0.1125164 0.1149397 0.1162886 0.1161994 0.1163752 0.1167268 0.1168305 0.1163890 0.1171302 0.1175428 0.1182092 0.1180394 0.1177095 0.1183794 0.1190904 0.1188467 0.1190011 0.1191161 0.1194297 0.1199194 0.1196211 0.1191417 0.1196597 0.1193816 0.1190965 0.1187514 0.1177999 0.1173350 0.1169483 0.1169614 0.1167274 0.1161625 0.1152739 0.1149112 0.1139882 0.1137156
9.7694263E-02 9.8442689E-02 9.9344701E-02 9.9786475E-02 9.9747136E-02 0.1002362 0.1008444 0.1011477 0.1012292 0.1016475 0.1020716 0.1022464 0.1027996 0.1036945 0.1044752 0.1056064 0.1067269 0.1080188 0.1099295 0.1123181 0.1144895 0.1147418 0.1152345 0.1154927 0.1158825 0.1161311 0.1160754 0.1163742 0.1166475 0.1169478 0.1173601 0.1178191 0.1176097 0.1179877 0.1183437 0.1183815 0.1185191 0.1186114 0.1184171 0.1181406 0.1180415 0.1183533 0.1185580 0.1182273 0.1175376 0.1169007 0.1162272 0.1157408 0.1154865 0.1151924 0.1147682 0.1142810 0.1135131 0.1125745 0.1126957
9.8272905E-02 9.9109799E-02 9.9589601E-02 0.1000404 0.1004518 0.1004999 0.1009145 0.1012842 0.1013572 0.1016070 0.1017493 0.1021286 0.1026397 0.1034351 0.1042098 0.1052701 0.1066701 0.1081119 0.1095115 0.1124993 0.1137128 0.1132810 0.1140996 0.1148238 0.1151474 0.1148287 0.1155002 0.1155105 0.1157427 0.1162618 0.1167802 0.1169957 0.1168111 0.1175136 0.1177046 0.1179706 0.1180864 0.1174654 0.1174075 0.1173010 0.1174948 0.1174113 0.1170933 0.1167085 0.1162281 0.1155944 0.1148518 0.1151464 0.1144426 0.1141222 0.1137250 0.1134459 0.1124439 0.1122252 0.1119312
9.8960757E-02 9.9454567E-02 9.9880606E-02 0.1002457 0.1005901 0.1003432 0.1005769 0.1012706 0.1011274 0.1014632 0.1016074 0.1020305 0.1022419 0.1027009 0.1038446 0.1048585 0.1057755 0.1076600 0.1094028 0.1115181 0.1118920 0.1121942 0.1129024 0.1137013 0.1140879 0.1138504 0.1142693 0.1147706 0.1149734 0.1157042 0.1161099 0.1160235 0.1160773 0.1163143 0.1166959 0.1166920 0.1170200 0.1166456 0.1165625 0.1172311 0.1168970 0.1167874 0.1163289 0.1161520 0.1158551 0.1152433 0.1143416 0.1134111 0.1135664 0.1131323 0.1126004 0.1125423 0.1118364 0.1106747 0.1109121
