LUCAS_GEMMES_COP27/includes/subsidence/Scenario_B1/tmp/TOT_SUBSIDENCE_2020_SINCE_2018_MKD_ONLY.ASC
NCOLS                318
NROWS                364
XLLCORNER      400000.00
YLLCORNER      907000.00
CELLSIZE         1000.00
NODATA_VALUE    0.3402823E+39
[rows 66 to 87 of 364, columns 200 to 249 of 318]
3.4028235E+38 3.4028235E+38 3.4028235E+38 3.4028235E+38 1.0050654E-02 1.0089591E-02 3.4028235E+38 3.4028235E+38 3.4028235E+38 3.4028235E+38 3.4028235E+38 3.4028235E+38 3.4028235E+38 3.4028235E+38 3.4028235E+38 3.4028235E+38 3.4028235E+38 3.4028235E+38 3.4028235E+38 3.4028235E+38 3.4028235E+38 3.4028235E+38 3.4028235E+38 3.4028235E+38 3.4028235E+38 3.4028235E+38 8.5604936E-03 8.5145012E-03 8.3721355E-03 8.3013326E-03 8.1943721E-03 8.0748498E-03 7.8534186E-03 7.7893957E-03 7.6152757E-03 7.4845329E-03 7.2856843E-03 7.0608109E-03 6.8699494E-03 6.6450834E-03 6.4280033E-03 6.4167008E-03 6.4305142E-03 6.4173043E-03 6.3553825E-03 6.3451082E-03 6.3198730E-03 6.2984973E-03 6.1470270E-03 6.1184168E-03
3.4028235E+38 3.4028235E+38 3.4028235E+38 3.4028235E+38 1.0363430E-02 1.0476455E-02 1.0454938E-02 3.4028235E+38 3.4028235E+38 3.4028235E+38 3.4028235E+38 3.4028235E+38 3.4028235E+38 3.4028235E+38 3.4028235E+38 3.4028235E+38 3.4028235E+38 3.4028235E+38 3.4028235E+38 3.4028235E+38 3.4028235E+38 3.4028235E+38 3.4028235E+38 3.4028235E+38 3.4028235E+38 3.4028235E+38 3.4028235E+38 8.5933059E-03 8.4782243E-03 8.4179342E-03 8.3504319E-03 8.2076862E-03 8.0083981E-03 7.9827383E-03 7.7955648E-03 7.6564401E-03 7.4012578E-03 7.2372332E-03 7.0888922E-03 6.7411289E-03 6.5919086E-03 6.6372752E-03 6.6601261E-03 6.6198260E-03 6.5986589E-03 6.5278783E-03 6.4719245E-03 6.4049959E-03 6.4141750E-03 6.2858462E-03
3.4028235E+38 3.4028235E+38 3.4028235E+38 3.4028235E+38 1.0631293E-02 1.0735646E-02 1.0805607E-02 1.0799348E-02 3.4028235E+38 3.4028235E+38 3.4028235E+38 3.4028235E+38 3.4028235E+38 3.4028235E+38 3.4028235E+38 3.4028235E+38 3.4028235E+38 3.4028235E+38 3.4028235E+38 3.4028235E+38 3.4028235E+38 3.4028235E+38 3.4028235E+38 3.4028235E+38 3.4028235E+38 3.4028235E+38 3.4028235E+38 8.8267326E-03 8.6231008E-03 8.5209683E-03 8.4240362E-03 8.3052889E-03 8.1734210E-03 8.0542639E-03 7.9014003E-03 7.7765509E-03 7.5366497E-03 7.3297322E-03 7.1508139E-03 6.9294572E-03 6.8849698E-03 6.8616867E-03 6.9048926E-03 6.8184957E-03 6.7747906E-03 6.7951083E-03 6.6922233E-03 6.6137463E-03 6.6043064E-03 6.5379441E-03
3.4028235E+38 3.4028235E+38 1.0704219E-02 1.0810450E-02 1.0904029E-02 1.1000931E-02 1.1070743E-02 1.1141419E-02 1.1179715E-02 3.4028235E+38 3.4028235E+38 3.4028235E+38 3.4028235E+38 3.4028235E+38 3.4028235E+38 3.4028235E+38 3.4028235E+38 3.4028235E+38 3.4028235E+38 3.4028235E+38 3.4028235E+38 3.4028235E+38 3.4028235E+38 3.4028235E+38 3.4028235E+38 3.4028235E+38 3.4028235E+38 3.4028235E+38 8.7561384E-03 8.6514503E-03 8.5809454E-03 8.4272996E-03 8.3089322E-03 8.2136765E-03 8.0331415E-03 7.9077333E-03 7.6700151E-03 7.4741319E-03 7.2084591E-03 7.0907250E-03 7.0824847E-03 7.1387738E-03 7.0874020E-03 7.1017221E-03 7.0039481E-03 6.9532543E-03 6.9520921E-03 6.8619251E-03 6.8028048E-03 6.7514852E-03
3.4028235E+38 1.0915369E-02 1.0967448E-02 1.1116818E-02 1.1200860E-02 1.1324629E-02 1.1379138E-02 1.1493653E-02 1.1542186E-02 1.1536732E-02 3.4028235E+38 3.4028235E+38 3.4028235E+38 3.4028235E+38 3.4028235E+38 3.4028235E+38 3.4028235E+38 3.4028235E+38 3.4028235E+38 3.4028235E+38 3.4028235E+38 3.4028235E+38 3.4028235E+38 3.4028235E+38 3.4028235E+38 3.4028235E+38 3.4028235E+38 3.4028235E+38 3.4028235E+38 8.7706894E-03 8.6661801E-03 8.5596815E-03 8.4242001E-03 8.2808584E-03 8.1258938E-03 7.9920441E-03 7.7638328E-03 7.5378716E-03 7.3253512E-03 7.3298141E-03 7.3326603E-03 7.3360875E-03 7.3296204E-03 7.2971731E-03 7.2588176E-03 7.2230101E-03 7.1847364E-03 7.1581006E-03 7.0856437E-03 7.0339888E-03
3.4028235E+38 3.4028235E+38 1.1210784E-02 1.1348873E-02 1.1470959E-02 1.1550963E-02 1.1638016E-02 1.1743084E-02 1.1795089E-02 1.1741817E-02 1.1557281E-02 3.4028235E+38 3.4028235E+38 3.4028235E+38 3.4028235E+38 3.4028235E+38 3.4028235E+38 3.4028235E+38 3.4028235E+38 3.4028235E+38 3.4028235E+38 3.4028235E+38 3.4028235E+38 3.4028235E+38 3.4028235E+38 3.4028235E+38 3.4028235E+38 3.4028235E+38 3.4028235E+38 8.9020208E-03 8.8780448E-03 8.7538287E-03 8.5402131E-03 8.3740056E-03 8.2100034E-03 8.0561936E-03 7.8949630E-03 7.5865388E-03 7.4665323E-03 7.5768828E-03 7.5798109E-03 7.6232329E-03 7.6505095E-03 7.5733289E-03 7.5396746E-03 7.5075999E-03 7.4729994E-03 7.4438304E-03 7.3896870E-03 7.3434785E-03
1.1187866E-02 3.4028235E+38 1.1444271E-02 1.1606559E-02 1.1684626E-02 1.1784643E-02 1.1883676E-02 1.2090683E-02 1.2004167E-02 1.1906728E-02 1.1747465E-02 1.1517346E-02 1.1354774E-02 3.4028235E+38 3.4028235E+38 3.4028235E+38 3.4028235E+38 3.4028235E+38 3.4028235E+38 3.4028235E+38 3.4028235E+38 3.4028235E+38 3.4028235E+38 3.4028235E+38 3.4028235E+38 3.4028235E+38 3.4028235E+38 3.4028235E+38 3.4028235E+38 3.4028235E+38 8.9560449E-03 8.8442340E-03 8.6647943E-03 8.4884018E-03 8.3100721E-03 8.1168041E-03 7.9188570E-03 7.7118799E-03 7.7347383E-03 7.7676028E-03 7.8001097E-03 7.8382418E-03 7.8785196E-03 7.8519285E-03 7.8296065E-03 7.8085884E-03 7.7888072E-03 7.7515766E-03 7.7334642E-03 7.6711401E-03
1.1448607E-02 1.1550993E-02 1.1659145E-02 1.1774272E-02 1.1951208E-02 1.2010679E-02 1.2176439E-02 1.2249678E-02 1.2027130E-02 1.2020722E-02 1.1977151E-02 1.1675104E-02 1.1470929E-02 1.1352122E-02 3.4028235E+38 3.4028235E+38 3.4028235E+38 3.4028235E+38 3.4028235E+38 3.4028235E+38 3.4028235E+38 3.4028235E+38 3.4028235E+38 3.4028235E+38 3.4028235E+38 3.4028235E+38 3.4028235E+38 3.4028235E+38 3.4028235E+38 3.4028235E+38 9.0194270E-03 8.9050755E-03 8.7647587E-03 8.6004585E-03 8.4472373E-03 8.2291439E-03 7.9991445E-03 7.8367591E-03 7.9473406E-03 8.0065578E-03 8.0692470E-03 8.1125051E-03 8.1409216E-03 8.1609488E-03 8.1300139E-03 8.1299692E-03 8.1330463E-03 8.1259087E-03 8.1187338E-03 8.0884025E-03
1.1768535E-02 1.1959136E-02 1.1878327E-02 1.1986643E-02 1.2115568E-02 1.2366593E-02 1.2360454E-02 1.2260154E-02 1.2168452E-02 1.2120053E-02 1.1954948E-02 1.1750698E-02 1.1608943E-02 1.1412293E-02 1.1252686E-02 1.1047065E-02 3.4028235E+38 3.4028235E+38 3.4028235E+38 3.4028235E+38 3.4028235E+38 3.4028235E+38 3.4028235E+38 3.4028235E+38 3.4028235E+38 3.4028235E+38 3.4028235E+38 3.4028235E+38 3.4028235E+38 3.4028235E+38 9.1376752E-03 9.0324357E-03 8.9182556E-03 8.7066963E-03 8.5014626E-03 8.2736313E-03 8.0781952E-03 8.1267655E-03 8.1966370E-03 8.2725659E-03 8.3353370E-03 8.3871856E-03 8.5023642E-03 8.4440261E-03 8.4584430E-03 8.4550157E-03 8.4803626E-03 8.5070580E-03 8.5113645E-03 8.5051432E-03
1.1872411E-02 1.2057856E-02 1.2060001E-02 1.2207165E-02 1.2275800E-02 1.2368396E-02 1.2280151E-02 1.2219861E-02 1.2141407E-02 1.2082934E-02 1.1929244E-02 1.1773527E-02 1.1611134E-02 1.1438072E-02 1.1298224E-02 1.1167094E-02 1.1055604E-02 3.4028235E+38 3.4028235E+38 3.4028235E+38 3.4028235E+38 3.4028235E+38 3.4028235E+38 3.4028235E+38 3.4028235E+38 3.4028235E+38 3.4028235E+38 3.4028235E+38 3.4028235E+38 3.4028235E+38 9.2509910E-03 9.1597736E-03 8.9870468E-03 8.8090301E-03 8.5797980E-03 8.3196238E-03 8.2318708E-03 8.3806664E-03 8.4665939E-03 8.5490346E-03 8.6148605E-03 8.6784586E-03 8.7230280E-03 8.7630823E-03 8.7754577E-03 8.8190660E-03 8.8920146E-03 9.0051517E-03 8.9469329E-03 8.9305788E-03
1.2001529E-02 1.2239739E-02 1.2206852E-02 1.2349322E-02 1.2433574E-02 1.2431204E-02 1.2308031E-02 1.2267515E-02 1.2165770E-02 1.2044236E-02 1.1896104E-02 1.1736646E-02 1.1593238E-02 1.1454910E-02 1.1318386E-02 1.1189461E-02 1.1080489E-02 1.0967806E-02 1.0842800E-02 1.0709956E-02 1.0574214E-02 1.0463864E-02 1.0344304E-02 1.0232508E-02 1.0095827E-02 9.9843368E-03 9.8751485E-03 9.7390786E-03 3.4028235E+38 3.4028235E+38 9.3456134E-03 9.2107132E-03 9.0473294E-03 8.9065433E-03 8.6817071E-03 8.5018724E-03 8.5537732E-03 8.6413771E-03 8.7641105E-03 8.8659823E-03 8.9265928E-03 8.9902952E-03 9.0295151E-03 9.0783462E-03 9.1252849E-03 9.1872960E-03 9.2724785E-03 9.3466416E-03 9.3604922E-03 9.3993247E-03
1.2173638E-02 1.2321174E-02 1.2328893E-02 1.2479588E-02 1.2538686E-02 1.2453735E-02 1.2372226E-02 1.2224942E-02 1.2114331E-02 1.2026966E-02 1.1847436E-02 1.1720091E-02 1.1599660E-02 1.1447683E-02 1.1332199E-02 1.1217460E-02 1.1137873E-02 1.1043683E-02 1.0964140E-02 1.0819703E-02 1.0666803E-02 1.0558441E-02 1.0450318E-02 1.0369375E-02 1.0231562E-02 1.0138676E-02 1.0024160E-02 9.8702386E-03 9.7122639E-03 3.4028235E+38 9.4640329E-03 9.2628747E-03 9.1065019E-03 8.9692026E-03 8.7502897E-03 8.6712241E-03 8.8457242E-03 8.9430064E-03 9.0899318E-03 9.1665238E-03 9.2456564E-03 9.3006417E-03 9.3814060E-03 9.4501302E-03 9.5185190E-03 9.5789433E-03 9.6443444E-03 9.7243190E-03 9.8012611E-03 9.8866373E-03
1.2240052E-02 1.2288272E-02 1.2373388E-02 1.2496591E-02 1.2532964E-02 1.2417570E-02 1.2309581E-02 1.2204617E-02 1.2120128E-02 1.1988595E-02 1.1814982E-02 1.1705458E-02 1.1575520E-02 1.1441112E-02 1.1328101E-02 1.1238337E-02 1.1158153E-02 1.1107817E-02 1.1020690E-02 1.0944024E-02 1.0790169E-02 1.0663681E-02 1.0550559E-02 1.0451630E-02 1.0353625E-02 1.0225244E-02 1.0097034E-02 9.9967271E-03 9.8201632E-03 9.6604079E-03 9.5108226E-03 9.3523338E-03 9.1961250E-03 9.0086833E-03 8.9323595E-03 9.0543404E-03 9.1473535E-03 9.2584193E-03 9.3664229E-03 9.4671100E-03 9.5605403E-03 9.6493661E-03 9.7756162E-03 9.8365471E-03 9.9024326E-03 9.9887624E-03 1.0041900E-02 1.0129675E-02 1.0254428E-02 1.0356396E-02
1.2260810E-02 1.2313604E-02 1.2341499E-02 1.2504593E-02 1.2450323E-02 1.2344494E-02 1.2260467E-02 1.2181148E-02 1.2006328E-02 1.1869267E-02 1.1767507E-02 1.1669114E-02 1.1568263E-02 1.1428833E-02 1.1325717E-02 1.1250421E-02 1.1197433E-02 1.1145279E-02 1.1039421E-02 1.0955483E-02 1.0859340E-02 1.0743350E-02 1.0617107E-02 1.0508992E-02 1.0439977E-02 1.0259584E-02 1.0137811E-02 1.0017231E-02 9.9040866E-03 9.7185746E-03 9.5712841E-03 9.4402730E-03 9.2589930E-03 9.1304183E-03 9.2982054E-03 9.3839839E-03 9.4606057E-03 9.5859990E-03 9.6997470E-03 9.8063722E-03 9.9308118E-03 1.0033607E-02 1.0160372E-02 1.0235980E-02 1.0312617E-02 1.0411613E-02 1.0512620E-02 1.0597929E-02 1.0726452E-02 1.0854051E-02
1.2162834E-02 1.2241289E-02 1.2455866E-02 1.2494549E-02 1.2376487E-02 1.2295887E-02 1.2219876E-02 1.2128428E-02 1.1939600E-02 1.1866182E-02 1.1752084E-02 1.1714861E-02 1.1527777E-02 1.1427820E-02 1.1330202E-02 1.1271819E-02 1.1188298E-02 1.1090830E-02 1.1033773E-02 1.1007264E-02 1.0916606E-02 1.0833785E-02 1.0679081E-02 1.0554872E-02 1.0443747E-02 1.0313168E-02 1.0186628E-02 1.0087006E-02 9.9651739E-03 9.8065883E-03 9.6524209E-03 9.4844475E-03 9.2828497E-03 9.2635155E-03 9.5137432E-03 9.6501708E-03 9.7777843E-03 9.9251345E-03 1.0044895E-02 1.0154150E-02 1.0262825E-02 1.0407276E-02 1.0529727E-02 1.0618307E-02 1.0737486E-02 1.0848239E-02 1.0989532E-02 1.1133626E-02 1.1199549E-02 1.1435613E-02
1.2108594E-02 1.2142852E-02 1.2270078E-02 1.2430862E-02 1.2334466E-02 1.2250543E-02 1.2143195E-02 1.2022674E-02 1.1918023E-02 1.1844531E-02 1.1678934E-02 1.1603385E-02 1.1486068E-02 1.1407837E-02 1.1322156E-02 1.1275664E-02 1.1173829E-02 1.1072174E-02 1.1021838E-02 1.0958239E-02 1.0894999E-02 1.0832191E-02 1.0724209E-02 1.0600045E-02 1.0470249E-02 1.0371670E-02 1.0241568E-02 1.0109425E-02 9.9846795E-03 9.8774806E-03 9.6898600E-03 9.5323175E-03 9.4395727E-03 9.5853955E-03 9.7898170E-03 9.9290907E-03 1.0088801E-02 1.0338232E-02 1.0428302E-02 1.0541871E-02 1.0626018E-02 1.0753021E-02 1.0956459E-02 1.1015162E-02 1.1138663E-02 1.1309788E-02 1.1371464E-02 1.1499211E-02 1.1582583E-02 1.1729240E-02
1.1960760E-02 1.2028456E-02 1.2136415E-02 1.2368351E-02 1.2343124E-02 1.2185186E-02 1.2043431E-02 1.1890471E-02 1.1848271E-02 1.1790067E-02 1.1696592E-02 1.1587992E-02 1.1470124E-02 1.1374682E-02 1.1304349E-02 1.1208117E-02 1.1143088E-02 1.1096299E-02 1.1053547E-02 1.0999367E-02 1.0922000E-02 1.0834411E-02 1.0765538E-02 1.0651894E-02 1.0555632E-02 1.0445267E-02 1.0313101E-02 1.0114871E-02 9.9700838E-03 9.8826811E-03 9.6907318E-03 9.4914287E-03 9.5327795E-03 9.8128989E-03 1.0063492E-02 1.0197021E-02 1.0387421E-02 1.0578796E-02 1.0733798E-02 1.0919638E-02 1.0996290E-02 1.1092439E-02 1.1261657E-02 1.1381686E-02 1.1475176E-02 1.1607006E-02 1.1718199E-02 1.1857495E-02 1.2108788E-02 1.2125731E-02
1.1860713E-02 1.1882961E-02 1.1996195E-02 1.2087703E-02 1.2167811E-02 1.2151495E-02 1.1976302E-02 1.1798874E-02 1.1723503E-02 1.1734292E-02 1.1635393E-02 1.1499211E-02 1.1412457E-02 1.1309952E-02 1.1237845E-02 1.1155576E-02 1.1134669E-02 1.1056811E-02 1.1040896E-02 1.0950342E-02 1.0879293E-02 1.0822982E-02 1.0725841E-02 1.0665126E-02 1.0550767E-02 1.0420725E-02 1.0276556E-02 1.0143891E-02 1.0008082E-02 9.8317713E-03 9.6991360E-03 9.5882565E-03 9.7945407E-03 1.0013320E-02 1.0255963E-02 1.0452323E-02 1.0729097E-02 1.0865189E-02 1.1019379E-02 1.1173144E-02 1.1316150E-02 1.1418357E-02 1.1551321E-02 1.1771932E-02 1.1828944E-02 1.1937827E-02 1.2052506E-02 1.2208894E-02 1.2405008E-02 1.2501121E-02
1.1750817E-02 1.1757180E-02 1.1817873E-02 1.1907935E-02 1.1966184E-02 1.2000710E-02 1.1920691E-02 1.1810318E-02 1.1670455E-02 1.1657119E-02 1.1550665E-02 1.1412650E-02 1.1332184E-02 1.1252999E-02 1.1169821E-02 1.1108205E-02 1.1105865E-02 1.1025742E-02 1.0959223E-02 1.0921493E-02 1.0854617E-02 1.0756284E-02 1.0657936E-02 1.0611087E-02 1.0576844E-02 1.0435730E-02 1.0263555E-02 1.0189675E-02 9.9828467E-03 9.8222420E-03 9.6575245E-03 9.7127035E-03 1.0001041E-02 1.0253705E-02 1.0457858E-02 1.0688737E-02 1.0976478E-02 1.1124469E-02 1.1286080E-02 1.1466682E-02 1.1572897E-02 1.1766180E-02 1.1856005E-02 1.1975527E-02 1.2136891E-02 1.2275487E-02 1.2372494E-02 1.2527287E-02 1.2688935E-02 1.2894377E-02
1.1652917E-02 1.1653945E-02 1.1667058E-02 1.1717558E-02 1.1785135E-02 1.1894211E-02 1.1875644E-02 1.1790305E-02 1.1612713E-02 1.1512801E-02 1.1444375E-02 1.1310577E-02 1.1257023E-02 1.1210665E-02 1.1125967E-02 1.1073068E-02 1.1055306E-02 1.0988519E-02 1.0891125E-02 1.0849163E-02 1.0807216E-02 1.0703355E-02 1.0618486E-02 1.0591805E-02 1.0495298E-02 1.0374308E-02 1.0222614E-02 1.0122783E-02 9.9739507E-03 9.8214895E-03 9.7397640E-03 9.9515989E-03 1.0179669E-02 1.0470070E-02 1.0713235E-02 1.0914326E-02 1.1151209E-02 1.1355102E-02 1.1560276E-02 1.1727959E-02 1.1841014E-02 1.2050286E-02 1.2228265E-02 1.2259975E-02 1.2367308E-02 1.2583777E-02 1.2708202E-02 1.2792379E-02 1.2934983E-02 1.3188928E-02
1.1547536E-02 1.1560276E-02 1.1574730E-02 1.1595994E-02 1.1632562E-02 1.1669368E-02 1.1713311E-02 1.1697933E-02 1.1522636E-02 1.1411965E-02 1.1347234E-02 1.1237472E-02 1.1179760E-02 1.1132792E-02 1.1103123E-02 1.1052772E-02 1.1009797E-02 1.0907784E-02 1.0843962E-02 1.0789499E-02 1.0719299E-02 1.0652751E-02 1.0558017E-02 1.0533564E-02 1.0394737E-02 1.0288984E-02 1.0194674E-02 1.0073215E-02 9.9464729E-03 9.7665489E-03 9.8185539E-03 1.0094009E-02 1.0265082E-02 1.0641821E-02 1.0968074E-02 1.1123262E-02 1.1344284E-02 1.1593565E-02 1.1720151E-02 1.1913642E-02 1.2118191E-02 1.2319475E-02 1.2501791E-02 1.2624979E-02 1.2652531E-02 1.2862489E-02 1.2959018E-02 1.3160557E-02 1.3328269E-02 1.3508484E-02
1.1460364E-02 1.1464328E-02 1.1503235E-02 1.1510253E-02 1.1485144E-02 1.1497736E-02 1.1490777E-02 1.1484146E-02 1.1421487E-02 1.1334419E-02 1.1283323E-02 1.1201277E-02 1.1122391E-02 1.1057585E-02 1.1018455E-02 1.0941163E-02 1.0860503E-02 1.0831282E-02 1.0796010E-02 1.0905117E-02 1.0640353E-02 1.0576636E-02 1.0556325E-02 1.0428630E-02 1.0321319E-02 1.0266803E-02 1.0168426E-02 1.0021374E-02 9.9012852E-03 9.7970143E-03 1.0049514E-02 1.0314152E-02 1.0535963E-02 1.0809690E-02 1.1072330E-02 1.1314079E-02 1.1552721E-02 1.1688754E-02 1.1891603E-02 1.2175307E-02 1.2305379E-02 1.2512356E-02 1.2691081E-02 1.2789264E-02 1.2856081E-02 1.3040185E-02 1.3176590E-02 1.3440683E-02 1.3625965E-02 1.3870433E-02
