LUCAS_GEMMES_COP27/includes/subsidence/Scenario_M1/tmp/TOT_SUBSIDENCE_2030_SINCE_2018_MKD_ONLY.ASC
NCOLS                318
NROWS                364
XLLCORNER      400000.00
YLLCORNER      907000.00
CELLSIZE         1000.00
NODATA_VALUE    0.3402823E+39
[rows 96 to 119 of 364, columns 212 to 264 of 318]
5.9433013E-02 5.9249073E-02 5.8692321E-02 5.8341891E-02 5.8070377E-02 5.7907104E-02 5.7541162E-02 5.7918578E-02 5.7899311E-02 5.8281854E-02 5.8468454E-02 5.8808863E-02 5.9311599E-02 5.9824243E-02 6.0514092E-02 6.1450854E-02 6.2583566E-02 6.3711017E-02 6.4992011E-02 6.5979704E-02 6.7518502E-02 6.8761736E-02 6.9919512E-02 7.1034789E-02 7.2144747E-02 7.3154926E-02 7.4149683E-02 7.5103372E-02 7.6009199E-02 7.6838315E-02 7.6868653E-02 7.7620596E-02 7.9272553E-02 8.0198899E-02 8.1105456E-02 8.1850275E-02 8.1807941E-02 8.2856715E-02 8.5047662E-02 8.5912690E-02 8.6795643E-02 8.6437538E-02 8.8497102E-02 9.0713799E-02 9.0842932E-02 9.2216745E-02 9.4668984E-02 9.7023964E-02 9.7750902E-02 0.1006678 9.2417866E-02 0.1054099 0.1108784
5.8890343E-02 5.8672473E-02 5.7972193E-02 5.7867005E-02 5.7960644E-02 5.8087081E-02 5.8253512E-02 5.8698878E-02 5.8995813E-02 5.9177369E-02 5.9509173E-02 5.9950978E-02 6.0552239E-02 6.1091304E-02 6.1808944E-02 6.2779799E-02 6.3721254E-02 6.4859003E-02 6.6029191E-02 6.6962764E-02 6.8480417E-02 6.9671988E-02 7.0829183E-02 7.1923316E-02 7.3054269E-02 7.4070320E-02 7.5102106E-02 7.6035559E-02 7.6959342E-02 7.8140631E-02 7.8639507E-02 7.9519391E-02 8.0388099E-02 8.1158683E-02 8.1989884E-02 8.1788138E-02 8.2842827E-02 8.5278496E-02 8.6520210E-02 8.6855486E-02 8.7753713E-02 8.8379264E-02 8.8087142E-02 9.1370657E-02 9.2791930E-02 9.5234141E-02 9.6700996E-02 9.9495709E-02 0.1006613 0.1005042 9.1795594E-02 0.1042295 0.1096940
5.8666661E-02 5.7953849E-02 5.8149904E-02 5.8738902E-02 5.8445171E-02 5.8486924E-02 5.8744341E-02 5.9241816E-02 5.9857488E-02 6.0185328E-02 6.0521290E-02 6.1125964E-02 6.1746582E-02 6.2342793E-02 6.2995449E-02 6.3892618E-02 6.4917818E-02 6.6054791E-02 6.7031145E-02 6.7854673E-02 6.9456652E-02 7.0697397E-02 7.1844235E-02 7.2892740E-02 7.3967174E-02 7.5018585E-02 7.6012999E-02 7.6969817E-02 7.7917397E-02 7.8779608E-02 7.9625651E-02 8.0531627E-02 8.1367984E-02 8.2254812E-02 8.3084717E-02 8.3874211E-02 8.5144460E-02 8.6641356E-02 8.7449223E-02 8.8341802E-02 8.9735180E-02 9.0183869E-02 9.1269791E-02 9.2762291E-02 9.4849706E-02 9.7139597E-02 9.8494694E-02 9.9814028E-02 0.1010617 0.1014806 9.1896370E-02 0.1044847 0.1084531
5.8862746E-02 5.8406889E-02 5.8807790E-02 5.8636352E-02 5.8954284E-02 5.9176624E-02 5.9333161E-02 5.9808582E-02 6.0328811E-02 6.0801029E-02 6.1476797E-02 6.1806172E-02 6.2544361E-02 6.3336864E-02 6.4066768E-02 6.4958632E-02 6.5952688E-02 6.7066848E-02 6.8020537E-02 6.8805203E-02 7.0393696E-02 7.1588129E-02 7.2668374E-02 7.3842168E-02 7.4900329E-02 7.5944886E-02 7.6950714E-02 7.7913076E-02 7.8811228E-02 7.9721138E-02 8.0580488E-02 8.1411391E-02 8.2324281E-02 8.3205789E-02 8.4019437E-02 8.4872663E-02 8.6154729E-02 8.7303385E-02 8.8136405E-02 8.9019358E-02 9.0090916E-02 9.1116011E-02 9.3717352E-02 9.4971821E-02 9.6895605E-02 9.7923085E-02 9.9355832E-02 0.1007753 0.1019407 0.1021407 9.2420265E-02 0.1046985 0.1076997
5.8555484E-02 5.8718801E-02 5.9160843E-02 5.9347123E-02 5.9103459E-02 5.9799105E-02 6.0187414E-02 6.0696498E-02 6.1197221E-02 6.2010005E-02 6.2713116E-02 6.2880024E-02 6.3280061E-02 6.4054310E-02 6.4831868E-02 6.5727919E-02 6.6741407E-02 6.7999572E-02 6.9066450E-02 6.9752380E-02 7.1312547E-02 7.2484687E-02 7.3639348E-02 7.4743494E-02 7.5803727E-02 7.6171517E-02 7.7131227E-02 7.8042418E-02 7.8923076E-02 7.9757974E-02 8.0591321E-02 8.1412315E-02 8.2248032E-02 8.3006024E-02 8.3746344E-02 8.4618554E-02 8.6999074E-02 8.8065669E-02 8.7876260E-02 9.0002283E-02 9.1488913E-02 9.3361944E-02 9.5150679E-02 9.6272588E-02 9.7404838E-02 9.9237144E-02 0.1012576 0.1027277 0.1034083 0.1044011 0.1047229 0.1059627 0.1075315
5.8686182E-02 5.9042394E-02 5.9453309E-02 5.9824705E-02 5.9650913E-02 5.9695497E-02 6.0425431E-02 6.1041564E-02 6.1790377E-02 6.2474549E-02 6.3141420E-02 6.3467115E-02 6.4270347E-02 6.5096408E-02 6.5918386E-02 6.7023635E-02 6.7802370E-02 6.8613887E-02 6.9668949E-02 7.0685446E-02 7.1786478E-02 7.2882682E-02 7.3969379E-02 7.5037420E-02 7.6068655E-02 7.7044129E-02 7.8812703E-02 7.9807997E-02 8.0674887E-02 8.0698237E-02 8.1500426E-02 8.3274305E-02 8.4299654E-02 8.5108295E-02 8.5844427E-02 8.5626036E-02 8.7760136E-02 8.9117825E-02 9.0124443E-02 9.1481045E-02 9.3385339E-02 9.4398111E-02 9.5560253E-02 9.7747877E-02 9.9974096E-02 0.1004386 0.1018916 0.1033783 0.1040734 0.1048802 0.1056409 0.1062860 0.1073578
5.8986753E-02 5.9422791E-02 5.9631124E-02 6.0187250E-02 6.0417727E-02 6.0528085E-02 6.0876831E-02 6.1717704E-02 6.2658876E-02 6.3610405E-02 6.4113244E-02 6.4602882E-02 6.5662697E-02 6.6249013E-02 6.7070842E-02 6.8123311E-02 6.8866506E-02 6.9998279E-02 7.1027100E-02 7.1652114E-02 7.3254526E-02 7.4411377E-02 7.5530514E-02 7.6642662E-02 7.7689916E-02 7.8701571E-02 7.9791695E-02 8.0807388E-02 8.1740275E-02 8.2495272E-02 8.2399428E-02 8.3231732E-02 8.5194424E-02 8.6233899E-02 8.6809665E-02 8.7724224E-02 8.9001387E-02 9.0143681E-02 9.1441453E-02 9.1653034E-02 9.3599960E-02 9.5698908E-02 9.7287014E-02 0.1002156 0.1018428 0.1017667 0.1029611 0.1047759 0.1051930 0.1058318 0.1058026 0.1063094 0.1057056
5.9565872E-02 6.0004041E-02 6.0296416E-02 6.0794905E-02 6.1320171E-02 6.1296389E-02 6.1737567E-02 6.2059745E-02 6.2978521E-02 6.3822746E-02 6.4713106E-02 6.5820202E-02 6.6684321E-02 6.7188859E-02 6.8087220E-02 6.8904281E-02 6.9761366E-02 7.0892870E-02 7.1997151E-02 7.2549045E-02 7.4232653E-02 7.5388297E-02 7.6475516E-02 7.7574551E-02 7.8646347E-02 7.9501987E-02 8.0669060E-02 8.1674352E-02 8.2569525E-02 8.2530677E-02 8.3405167E-02 8.4186330E-02 8.5030630E-02 8.7265238E-02 8.7950125E-02 8.9083835E-02 9.0314984E-02 9.0860873E-02 9.1469690E-02 9.2669830E-02 9.5385477E-02 9.6938968E-02 9.8488897E-02 0.1014439 0.1026320 0.1033329 0.1045346 0.1054047 0.1061068 0.1056632 0.1052245 0.1060214 0.1064090
5.9921011E-02 6.0366347E-02 6.0656816E-02 6.1101615E-02 6.1591864E-02 6.1935425E-02 6.2267289E-02 6.2958106E-02 6.3582897E-02 6.4579546E-02 6.5498963E-02 6.6426873E-02 6.7314506E-02 6.8202585E-02 6.9144651E-02 6.9989100E-02 7.0883900E-02 7.1902528E-02 7.2977096E-02 7.3434979E-02 7.5179160E-02 7.6319307E-02 7.7412039E-02 7.8464851E-02 7.9569772E-02 8.0475241E-02 8.0668330E-02 8.1630588E-02 8.2510889E-02 8.3480388E-02 8.5364744E-02 8.6236030E-02 8.6046636E-02 8.7902889E-02 8.9172065E-02 8.9842767E-02 9.0110242E-02 9.1862395E-02 9.2733890E-02 9.4115108E-02 9.7013518E-02 9.8965019E-02 9.6560776E-02 0.1029012 0.1042635 0.1053872 0.1050883 0.1057118 0.1078363 0.1072858 0.1067282 0.1080718 0.1073391
6.0327947E-02 6.0649469E-02 6.1125815E-02 6.1679408E-02 6.2138781E-02 6.2700212E-02 6.3041002E-02 6.3862368E-02 6.4512834E-02 6.5251872E-02 6.6287056E-02 6.7327514E-02 6.8199262E-02 6.9243789E-02 7.0114180E-02 7.1021780E-02 7.1899682E-02 7.2946385E-02 7.3955372E-02 7.4315727E-02 7.6017290E-02 7.7140182E-02 7.8237876E-02 7.8481346E-02 7.9532519E-02 8.0559760E-02 8.1560522E-02 8.3389163E-02 8.3428979E-02 8.4358975E-02 8.5237309E-02 8.6068600E-02 8.8216543E-02 8.8687867E-02 8.8965595E-02 9.0533838E-02 9.1750398E-02 9.3306333E-02 9.4755650E-02 9.6521094E-02 9.8773748E-02 0.1016582 0.1022481 9.9673226E-02 0.1051843 0.1060796 0.1055652 0.1065006 0.1083606 0.1096514 0.1095564 0.1089310 0.1080722
6.0754314E-02 6.1189935E-02 6.1609864E-02 6.2209651E-02 6.2736675E-02 6.3380107E-02 6.3830599E-02 6.4474910E-02 6.5421700E-02 6.6082910E-02 6.7058831E-02 6.8098679E-02 6.9265753E-02 7.0374534E-02 7.1284190E-02 7.2011009E-02 7.2934225E-02 7.3861420E-02 7.4810341E-02 7.5106338E-02 7.6145902E-02 7.7198386E-02 7.8195035E-02 7.9288498E-02 8.1241041E-02 8.2308024E-02 8.2463652E-02 8.3485857E-02 8.4385142E-02 8.6216122E-02 8.7339357E-02 8.6757049E-02 8.8156521E-02 8.9565367E-02 9.0412691E-02 9.1882199E-02 9.3131423E-02 9.4801947E-02 9.6292049E-02 9.8257378E-02 0.1003868 0.1025344 0.1048723 0.1056302 0.1068463 0.1067604 9.8648176E-02 0.1073963 0.1090628 0.1098430 0.1094455 0.1099429 0.1092936
6.1115950E-02 6.1663628E-02 6.2136188E-02 6.2661320E-02 6.3352495E-02 6.4088836E-02 6.4739630E-02 6.5079719E-02 6.5740585E-02 6.6495568E-02 6.7573279E-02 6.8707243E-02 6.9696337E-02 7.1051419E-02 7.2195515E-02 7.2919801E-02 7.3812261E-02 7.4084446E-02 7.4970245E-02 7.5852126E-02 7.6913133E-02 7.8741416E-02 7.9827189E-02 8.0087319E-02 8.1211254E-02 8.2300887E-02 8.3363399E-02 8.5168198E-02 8.6524695E-02 8.6957812E-02 8.6234763E-02 8.7471232E-02 8.9657545E-02 9.0812683E-02 9.1910571E-02 9.3357429E-02 9.4653100E-02 9.6326143E-02 9.7769484E-02 9.9464759E-02 0.1014000 0.1032339 0.1050747 0.1065739 0.1083556 0.1075309 0.1073149 0.1100978 0.1101256 0.1086525 0.1085139 0.1096397 0.1086581
6.1579779E-02 6.2100813E-02 6.2534913E-02 6.3322887E-02 6.4031720E-02 6.4882636E-02 6.5505624E-02 6.5700337E-02 6.6704601E-02 6.7581132E-02 6.8539843E-02 6.9586858E-02 7.0757851E-02 7.1463987E-02 7.2510749E-02 7.3167071E-02 7.4065268E-02 7.4938804E-02 7.6506197E-02 7.6679185E-02 7.8352585E-02 7.8689352E-02 7.9785034E-02 8.0916077E-02 8.2932577E-02 8.3916664E-02 8.5194275E-02 8.4755048E-02 8.5174859E-02 8.6412877E-02 8.7369800E-02 8.9467585E-02 9.0776712E-02 9.1959268E-02 9.3146011E-02 9.4730750E-02 9.6145168E-02 9.7737089E-02 9.9464595E-02 0.1009171 0.1028227 0.1052904 0.1077574 0.1086723 0.1098707 0.1091105 0.1102959 0.1111460 0.1092894 9.8270074E-02 0.1086917 0.1097525 9.6628919E-02
6.1621383E-02 6.2320992E-02 6.3026190E-02 6.3733950E-02 6.4181700E-02 6.5031931E-02 6.5870747E-02 6.6513583E-02 6.7002118E-02 6.8190321E-02 6.9181085E-02 7.0234954E-02 7.1358085E-02 7.2474018E-02 7.3662654E-02 7.4889690E-02 7.5840905E-02 7.6561496E-02 7.7431202E-02 7.7430680E-02 7.8362048E-02 7.9390287E-02 8.1274301E-02 8.2473785E-02 8.3814487E-02 8.3357856E-02 8.3980992E-02 8.5202247E-02 8.7052718E-02 8.6882368E-02 8.9268878E-02 9.0628520E-02 9.1822803E-02 9.3093500E-02 9.4459832E-02 9.5851794E-02 9.7376242E-02 9.9331617E-02 0.1013778 0.1032317 0.1045815 0.1077277 0.1097436 0.1102603 0.1116112 0.1119475 0.1128505 0.1127291 0.1109066 0.1091528 9.8965809E-02 0.1100058 0.1089373
6.1635956E-02 6.2919408E-02 6.3342869E-02 6.3965678E-02 6.4418375E-02 6.5074533E-02 6.6091999E-02 6.6697344E-02 6.7468047E-02 6.8626523E-02 6.9606543E-02 7.0701718E-02 7.1812883E-02 7.2973236E-02 7.3950008E-02 7.5380906E-02 7.6649353E-02 7.7319503E-02 7.8185141E-02 7.8070670E-02 7.9782709E-02 8.0834255E-02 8.2046792E-02 8.1961989E-02 8.2527339E-02 8.3721846E-02 8.5670874E-02 8.6592793E-02 8.7765411E-02 8.7724850E-02 9.0209708E-02 9.1527924E-02 9.2608586E-02 9.4147012E-02 9.5576301E-02 9.7093463E-02 9.8804906E-02 0.1006765 0.1033154 0.1055693 0.1066203 0.1083797 0.1101692 0.1114879 0.1125152 0.1125367 0.1127248 0.1129917 0.1128312 0.1136602 0.1132299 0.1117097 0.1109860
6.2087089E-02 6.2616900E-02 6.3704237E-02 6.4490557E-02 6.5130919E-02 6.5863341E-02 6.6784337E-02 6.7458153E-02 6.8070456E-02 6.8638086E-02 6.9581777E-02 7.0612624E-02 7.1646154E-02 7.3312134E-02 7.4348330E-02 7.5462744E-02 7.6780453E-02 7.7677935E-02 7.8414530E-02 7.8736395E-02 7.9297885E-02 8.0205277E-02 8.0773592E-02 8.1904396E-02 8.2955822E-02 8.4899887E-02 8.6306974E-02 8.7404877E-02 8.8573247E-02 8.9539409E-02 9.1096580E-02 9.2372030E-02 9.3640089E-02 9.5084578E-02 9.6647412E-02 9.8340034E-02 0.1001494 0.1021625 0.1045925 0.1069925 0.1082595 0.1102431 0.1113181 0.1128730 0.1139373 0.1141454 0.1147259 0.1146576 0.1154946 0.1156274 0.1152932 0.1133983 0.1121105
6.2187836E-02 6.3100025E-02 6.4167768E-02 6.4954191E-02 6.5748811E-02 6.6494808E-02 6.7298427E-02 6.7985594E-02 6.8909615E-02 6.9395319E-02 7.0548490E-02 7.1010679E-02 7.2014421E-02 7.3031977E-02 7.3944420E-02 7.4953958E-02 7.5988039E-02 7.7981606E-02 7.8359455E-02 7.8245193E-02 7.8936622E-02 8.0760688E-02 8.2001269E-02 8.2907856E-02 8.3063483E-02 8.4299386E-02 8.6540967E-02 8.7869570E-02 8.9100659E-02 9.0214029E-02 9.1566935E-02 9.3118280E-02 9.4561368E-02 9.5935106E-02 9.7740635E-02 9.9330932E-02 0.1009756 0.1033387 0.1057444 0.1079086 0.1105883 0.1120423 0.1121313 0.1130994 0.1159613 0.1170648 0.1170862 0.1170575 0.1173126 0.1169138 0.1168504 0.1160323 0.1146868
6.3024223E-02 6.3724488E-02 6.4474463E-02 6.5321326E-02 6.6218242E-02 6.6904575E-02 6.7779303E-02 6.8656430E-02 6.9505692E-02 7.0183694E-02 7.0724249E-02 7.1456820E-02 7.2988749E-02 7.3960841E-02 7.4211523E-02 7.5139791E-02 7.6301634E-02 7.6936454E-02 7.7296808E-02 7.7521041E-02 7.8679621E-02 7.9753980E-02 8.1924319E-02 8.2983986E-02 8.3950236E-02 8.4457815E-02 8.6639807E-02 8.8100493E-02 8.9389384E-02 9.0788484E-02 9.2115685E-02 9.3765154E-02 9.5397934E-02 9.6990407E-02 9.8422587E-02 9.9728107E-02 0.1019296 0.1044819 0.1068620 0.1089536 0.1114119 0.1125115 0.1134164 0.1145046 0.1163059 0.1172794 0.1179987 0.1187454 0.1184183 0.1175815 0.1186099 0.1175770 0.1143830
6.3473895E-02 6.4314395E-02 6.4958706E-02 6.5773711E-02 6.6614777E-02 6.7339495E-02 6.8112805E-02 6.9030732E-02 7.0037916E-02 7.0744395E-02 7.1392521E-02 7.1839616E-02 7.2881907E-02 7.3716521E-02 7.4461043E-02 7.6091960E-02 7.6765344E-02 7.6738983E-02 7.8083307E-02 7.8518391E-02 7.9467028E-02 7.9780325E-02 8.0893815E-02 8.2730383E-02 8.4036872E-02 8.4452510E-02 8.5758388E-02 8.8190213E-02 8.9839429E-02 9.1404632E-02 9.2698842E-02 9.4331101E-02 9.5867440E-02 9.7642124E-02 9.9308476E-02 0.1010291 0.1032975 0.1055452 0.1078430 0.1102541 0.1127303 0.1136436 0.1146945 0.1159919 0.1174408 0.1187258 0.1197252 0.1199169 0.1204662 0.1204604 0.1193268 0.1175488 0.1150368
6.3866928E-02 6.4684182E-02 6.5400973E-02 6.6186205E-02 6.7146108E-02 6.7972586E-02 6.8660378E-02 6.9626436E-02 7.0558876E-02 7.1347773E-02 7.1906835E-02 7.2307393E-02 7.3855087E-02 7.4971080E-02 7.4537545E-02 7.5164661E-02 7.6687440E-02 7.6495990E-02 7.7219188E-02 7.8573138E-02 7.9288170E-02 8.0432922E-02 8.0645218E-02 8.1882909E-02 8.4285438E-02 8.5559905E-02 8.5926235E-02 8.8345006E-02 9.0203092E-02 9.1779783E-02 9.3198314E-02 9.4860524E-02 9.6384704E-02 9.8092884E-02 9.9949062E-02 0.1018710 0.1041099 0.1065383 0.1086027 0.1120318 0.1136352 0.1146866 0.1158512 0.1168264 0.1186059 0.1199368 0.1209265 0.1212130 0.1218039 0.1221917 0.1212182 0.1195832 0.1179790
6.4037248E-02 6.5087423E-02 6.5954268E-02 6.6670135E-02 6.7428723E-02 6.8289280E-02 6.9166765E-02 7.0185006E-02 7.1046025E-02 7.1836263E-02 7.2406590E-02 7.3331699E-02 7.4412420E-02 7.4741349E-02 7.4600816E-02 7.5966462E-02 7.6549441E-02 7.6454014E-02 7.7145979E-02 7.7854037E-02 7.9185292E-02 8.0071718E-02 8.1273675E-02 8.1655353E-02 8.3979785E-02 8.5683033E-02 8.7136477E-02 8.8726297E-02 9.0444684E-02 9.1985747E-02 9.3520939E-02 9.5312461E-02 9.6938923E-02 9.8593578E-02 0.1004713 0.1025448 0.1048384 0.1071213 0.1091504 0.1122745 0.1130191 0.1142377 0.1156987 0.1172743 0.1188057 0.1209474 0.1223803 0.1218801 0.1220067 0.1240393 0.1240104 0.1234864 0.1217461
6.4548731E-02 6.5594956E-02 6.6462889E-02 6.7295298E-02 6.7834496E-02 6.8818003E-02 6.9835097E-02 7.0634618E-02 7.1438849E-02 7.2229013E-02 7.2675526E-02 7.3738679E-02 7.4145034E-02 7.4802041E-02 7.4585423E-02 7.5904667E-02 7.5921699E-02 7.6634660E-02 7.7904806E-02 7.7946737E-02 7.8544065E-02 7.9990476E-02 8.0627114E-02 8.1368715E-02 8.2971931E-02 8.5499555E-02 8.7223917E-02 8.8816881E-02 9.0509236E-02 9.2221037E-02 9.3729064E-02 9.5530793E-02 9.7417265E-02 9.9057555E-02 0.1010515 0.1033065 0.1057725 0.1079812 0.1101997 0.1127431 0.1135378 0.1152038 0.1164361 0.1174434 0.1193871 0.1210755 0.1239972 0.1249638 0.1246154 0.1251866 0.1253405 0.1249646 0.1236191
6.5012023E-02 6.5897793E-02 6.6954553E-02 6.7780927E-02 6.8514645E-02 6.9276720E-02 7.0138246E-02 7.1051449E-02 7.1778148E-02 7.2771475E-02 7.2878018E-02 7.3453933E-02 7.4312389E-02 7.4799806E-02 7.4617818E-02 7.5882211E-02 7.6003730E-02 7.7422813E-02 7.8326181E-02 7.8881219E-02 7.8774646E-02 8.0102354E-02 8.1166878E-02 8.2316473E-02 8.2861915E-02 8.5271508E-02 8.7172106E-02 8.8976204E-02 9.0589002E-02 9.2325345E-02 9.3836829E-02 9.5567197E-02 9.7555399E-02 9.9495053E-02 0.1016043 0.1039175 0.1063133 0.1088009 0.1117095 0.1135604 0.1143290 0.1154561 0.1177314 0.1189132 0.1201953 0.1219310 0.1240913 0.1256580 0.1261424 0.1265607 0.1268516 0.1254973 0.1240567
6.5652877E-02 6.6363350E-02 6.7229927E-02 6.8293139E-02 6.9079563E-02 6.9689974E-02 7.0539057E-02 7.1386173E-02 7.2258592E-02 7.2531804E-02 7.2925150E-02 7.3681504E-02 7.4268758E-02 7.4874192E-02 7.5183824E-02 7.5978339E-02 7.6195180E-02 7.7704683E-02 7.8526512E-02 7.9100683E-02 7.8905031E-02 7.9561621E-02 8.1202090E-02 8.2040846E-02 8.2651258E-02 8.4127173E-02 8.6851180E-02 8.8731974E-02 9.0487257E-02 9.2225328E-02 9.4028905E-02 9.5946595E-02 9.7996056E-02 9.9916965E-02 0.1020418 0.1043197 0.1069816 0.1096845 0.1126343 0.1138888 0.1153847 0.1164426 0.1173369 0.1197103 0.1215498 0.1233839 0.1251353 0.1266080 0.1270757 0.1277542 0.1279199 0.1274326 0.1248346
