LUCAS_GEMMES_COP27/includes/subsidence/Scenario_M1/tmp/TOT_SUBSIDENCE_2030_SINCE_2018_MKD_ONLY.ASC
NCOLS                318
NROWS                364
XLLCORNER      400000.00
YLLCORNER      907000.00
CELLSIZE         1000.00
NODATA_VALUE    0.3402823E+39
[rows 72 to 95 of 364, columns 106 to 158 of 318]
1.3731807E-02 1.3769317E-02 1.3673451E-02 1.3485514E-02 1.3603739E-02 1.3710912E-02 1.3820387E-02 1.3933845E-02 1.4078315E-02 1.4202528E-02 1.4427185E-02 1.4648546E-02 1.6085792E-02 1.7069057E-02 1.6875021E-02 1.5896287E-02 1.8317327E-02 1.8616654E-02 1.6774874E-02 1.6708456E-02 1.7029561E-02 1.7298922E-02 1.7624039E-02 1.8068537E-02 1.8403441E-02 1.8824045E-02 1.9293472E-02 1.9776776E-02 2.0268213E-02 2.0924754E-02 2.1262161E-02 2.1769620E-02 2.2375122E-02 2.2874013E-02 2.3382030E-02 2.3950510E-02 2.4411604E-02 2.4977289E-02 2.5695443E-02 2.6398860E-02 2.7091086E-02 2.7607240E-02 2.8316043E-02 2.8958365E-02 2.9689498E-02 3.0523144E-02 3.1469762E-02 3.2062873E-02 3.2898590E-02 3.3727206E-02 3.4578897E-02 3.5322845E-02 3.6493786E-02
1.3529137E-02 1.3592519E-02 1.3528045E-02 1.3351392E-02 1.3476800E-02 1.3602488E-02 1.3719480E-02 1.3775524E-02 1.3927013E-02 1.4094144E-02 1.4353547E-02 1.4530137E-02 1.4944647E-02 1.5287705E-02 1.5466802E-02 1.7978653E-02 1.9239828E-02 1.8941902E-02 1.8852554E-02 1.6874827E-02 1.7039455E-02 1.7273810E-02 1.7682146E-02 1.8128674E-02 1.8601079E-02 1.8787604E-02 1.9365605E-02 1.9842423E-02 2.0290323E-02 2.0734061E-02 2.1248087E-02 2.1832317E-02 2.2433758E-02 2.3027867E-02 2.3534447E-02 2.4098076E-02 2.4879441E-02 2.5136515E-02 2.5940590E-02 2.6509725E-02 2.7162440E-02 2.7767606E-02 2.8599672E-02 2.9543340E-02 3.0141972E-02 3.0766703E-02 3.1596936E-02 3.2840967E-02 3.3851206E-02 3.4811035E-02 3.5639763E-02 3.6525160E-02 3.7459075E-02
1.3400301E-02 1.3441425E-02 1.3452400E-02 1.3221264E-02 1.3337772E-02 1.3400793E-02 1.3539571E-02 1.3666280E-02 1.3911024E-02 1.4069419E-02 1.4220599E-02 1.4497254E-02 1.4899854E-02 1.7154507E-02 1.5357733E-02 1.5369225E-02 1.6056690E-02 1.7257780E-02 1.6496666E-02 1.6697962E-02 1.6874954E-02 1.7264694E-02 1.8867090E-02 1.9460648E-02 1.8758647E-02 1.8945154E-02 1.9552592E-02 2.0160418E-02 2.0514149E-02 2.0972416E-02 2.1388568E-02 2.1921970E-02 2.2406586E-02 2.3065284E-02 2.3901701E-02 2.4211071E-02 2.4857357E-02 2.5250293E-02 2.5837161E-02 2.6495889E-02 2.7206302E-02 2.7809724E-02 2.9020622E-02 3.0243218E-02 3.1143174E-02 3.1694904E-02 3.2743149E-02 3.3769272E-02 3.4829631E-02 3.6317147E-02 3.6997706E-02 3.7021659E-02 3.7719563E-02
1.3183955E-02 1.3356943E-02 1.3460562E-02 1.3550997E-02 1.3135865E-02 1.3264660E-02 1.3466660E-02 1.3621576E-02 1.3783045E-02 1.3979465E-02 1.4193263E-02 1.4211085E-02 1.4665551E-02 1.6049981E-02 1.7312221E-02 1.5529238E-02 1.5743215E-02 1.6217608E-02 1.8487707E-02 1.6627807E-02 1.6855646E-02 1.7424516E-02 1.7944183E-02 1.8242877E-02 1.8466469E-02 1.8785372E-02 1.9503005E-02 2.2262245E-02 2.0737171E-02 2.3214027E-02 2.1557614E-02 2.2084169E-02 2.2382103E-02 2.3101360E-02 2.3932360E-02 2.4239488E-02 2.4845652E-02 2.5439978E-02 2.6096493E-02 2.6941843E-02 2.7658261E-02 2.8813779E-02 2.9795930E-02 3.0499138E-02 3.1499006E-02 3.2443993E-02 3.3409335E-02 3.4520276E-02 3.5218425E-02 3.6030158E-02 3.6865875E-02 3.7618823E-02 3.8764238E-02
1.2740005E-02 1.3151672E-02 1.3087809E-02 1.3058402E-02 1.3074759E-02 1.3208453E-02 1.3338566E-02 1.3409335E-02 1.3574939E-02 1.3753790E-02 1.3975527E-02 1.4092311E-02 1.4386900E-02 1.4695626E-02 1.5294485E-02 1.7458484E-02 1.5784767E-02 1.8256754E-02 1.8565498E-02 1.6798578E-02 1.7061349E-02 1.9660838E-02 2.0388581E-02 2.0882383E-02 1.8425204E-02 1.8665727E-02 1.9111115E-02 1.9813046E-02 2.3195937E-02 2.1176800E-02 2.1892294E-02 2.1802641E-02 2.2369877E-02 2.2938877E-02 2.3609042E-02 2.4255700E-02 2.4863020E-02 2.5556445E-02 2.6304774E-02 2.7090512E-02 2.7888402E-02 2.8794415E-02 2.9716991E-02 3.0789107E-02 3.1820990E-02 3.2787561E-02 3.3733189E-02 3.4957744E-02 3.5972811E-02 3.6956944E-02 3.7348919E-02 3.8060777E-02 3.8781434E-02
3.4028235E+38 1.2741823E-02 1.2866575E-02 1.2964059E-02 1.3076514E-02 1.3367429E-02 1.3540007E-02 1.3405506E-02 1.3466131E-02 1.3715003E-02 1.3861828E-02 1.4139187E-02 1.4363997E-02 1.4522612E-02 1.5016772E-02 1.7186169E-02 1.5681870E-02 1.5929509E-02 1.6260758E-02 1.6386040E-02 1.6519547E-02 1.6868509E-02 1.7613079E-02 2.0238042E-02 1.8268541E-02 1.8485736E-02 1.9043773E-02 1.9720521E-02 2.0328056E-02 2.1191314E-02 2.3425646E-02 2.1891244E-02 2.2313222E-02 2.2793680E-02 2.3510896E-02 2.4253197E-02 2.4850778E-02 2.5684267E-02 2.6537009E-02 2.7321808E-02 2.8299794E-02 2.9216632E-02 3.0108348E-02 3.1091996E-02 3.2102227E-02 3.3104859E-02 3.4085542E-02 3.4991845E-02 3.6022767E-02 3.7405774E-02 3.8221881E-02 3.8613647E-02 3.9383739E-02
3.4028235E+38 1.2858991E-02 1.2975302E-02 1.3050601E-02 1.3284888E-02 1.3496928E-02 1.3606511E-02 1.3673097E-02 1.3622314E-02 1.3716575E-02 1.3851766E-02 1.4019463E-02 1.4243029E-02 1.4286980E-02 1.4624149E-02 1.5262913E-02 1.5277259E-02 1.5426971E-02 1.5725605E-02 1.5808608E-02 1.6201429E-02 1.6843319E-02 1.7089963E-02 1.7612819E-02 1.7995317E-02 2.0930320E-02 1.9290891E-02 1.9685686E-02 2.0181946E-02 2.0948421E-02 2.1528825E-02 2.1942705E-02 2.2443280E-02 2.2769555E-02 2.3358263E-02 2.4211094E-02 2.5219873E-02 2.5852375E-02 2.6745282E-02 2.7887829E-02 2.8616153E-02 2.9745303E-02 3.0479111E-02 3.1471945E-02 3.2410748E-02 3.3437535E-02 3.4453027E-02 3.5391323E-02 3.6380827E-02 3.7818916E-02 3.8282424E-02 3.9123699E-02 4.0091075E-02
3.4028235E+38 3.4028235E+38 1.3000563E-02 1.3451744E-02 1.3143845E-02 1.3388887E-02 1.3555828E-02 1.3614144E-02 1.3676308E-02 1.3787463E-02 1.3870746E-02 1.4006045E-02 1.4112361E-02 1.4307637E-02 1.4432486E-02 1.4917482E-02 1.4993090E-02 1.5228674E-02 1.5538331E-02 1.5573502E-02 1.5977293E-02 1.6579166E-02 1.6872022E-02 1.7477058E-02 1.8136241E-02 1.8708229E-02 1.9108515E-02 1.9742575E-02 2.0210840E-02 2.0788677E-02 2.1401182E-02 2.3830660E-02 2.2123374E-02 2.2943445E-02 2.3252487E-02 2.4085760E-02 2.5225386E-02 2.6224874E-02 2.6968107E-02 2.7921803E-02 2.8944246E-02 3.0080117E-02 3.0802667E-02 3.1827971E-02 3.2815598E-02 3.3819430E-02 3.4889631E-02 3.5890229E-02 3.6827274E-02 3.7814461E-02 3.8794987E-02 3.9702758E-02 4.0659517E-02
3.4028235E+38 3.4028235E+38 3.4028235E+38 1.3522364E-02 1.3228025E-02 1.3314076E-02 1.3450243E-02 1.3581190E-02 1.3962936E-02 1.3779838E-02 1.3968419E-02 1.4103573E-02 1.4552612E-02 1.4399372E-02 1.4526587E-02 1.4757853E-02 1.4712378E-02 1.5036386E-02 1.5375633E-02 1.5442465E-02 1.6229976E-02 1.6807929E-02 1.7277617E-02 1.7847519E-02 1.8368635E-02 1.8914141E-02 1.9485254E-02 1.9726992E-02 2.0263813E-02 2.0754598E-02 2.1168344E-02 2.1841653E-02 2.2071958E-02 2.2913784E-02 2.3192540E-02 2.3978546E-02 2.4985522E-02 2.6230119E-02 2.7091049E-02 2.8235659E-02 2.9447936E-02 3.0232757E-02 3.1406507E-02 3.2261319E-02 3.3240937E-02 3.4268588E-02 3.5817668E-02 3.6916479E-02 3.7756860E-02 3.8352787E-02 3.9373130E-02 4.0363863E-02 4.1189693E-02
3.4028235E+38 3.4028235E+38 3.4028235E+38 3.4028235E+38 1.3640765E-02 1.3410658E-02 1.3882793E-02 1.4091868E-02 1.4251184E-02 1.3949927E-02 1.4117058E-02 1.4234424E-02 1.4675651E-02 1.4509007E-02 1.4650628E-02 1.4685072E-02 1.4719687E-02 1.4806051E-02 1.5377969E-02 1.5776329E-02 1.6299758E-02 1.6915359E-02 1.7564297E-02 1.7961770E-02 1.8597353E-02 1.8808153E-02 1.9581746E-02 1.9967277E-02 2.0375285E-02 2.0829592E-02 2.1304563E-02 2.1750778E-02 2.1979958E-02 2.2105157E-02 2.3106240E-02 2.3785710E-02 2.5091045E-02 2.6249528E-02 2.7429618E-02 2.8415352E-02 2.9684961E-02 3.0530900E-02 3.1797543E-02 3.2732360E-02 3.3643752E-02 3.4679383E-02 3.5787083E-02 3.7118435E-02 3.7978873E-02 3.8942985E-02 3.9936379E-02 4.0900305E-02 4.1779839E-02
3.4028235E+38 3.4028235E+38 3.4028235E+38 3.4028235E+38 1.3412997E-02 1.3488557E-02 1.3917390E-02 1.4041036E-02 1.4180202E-02 1.4018878E-02 1.4173202E-02 1.4443398E-02 1.4543679E-02 1.4584593E-02 1.4714070E-02 1.4651593E-02 1.4889866E-02 1.5161574E-02 1.5651643E-02 1.6162485E-02 1.6688805E-02 1.7077271E-02 1.7529789E-02 1.8151678E-02 1.8628456E-02 1.9175276E-02 1.9780912E-02 2.0165868E-02 2.0534668E-02 2.0964511E-02 2.1342069E-02 2.1691024E-02 2.1951161E-02 2.2759788E-02 2.3028217E-02 2.3692496E-02 2.4791002E-02 2.6262783E-02 2.7320817E-02 2.8645582E-02 2.9781915E-02 3.0948214E-02 3.2043166E-02 3.3169851E-02 3.4324378E-02 3.5428479E-02 3.6312148E-02 3.7437588E-02 3.8587369E-02 4.0125027E-02 4.0619887E-02 4.1615143E-02 4.2608745E-02
3.4028235E+38 3.4028235E+38 3.4028235E+38 3.4028235E+38 1.3500996E-02 1.3636518E-02 1.3646003E-02 1.3772734E-02 1.3904311E-02 1.4058672E-02 1.4264707E-02 1.4490224E-02 1.4507521E-02 1.4568102E-02 1.4644731E-02 1.4904056E-02 1.5156582E-02 1.5599325E-02 1.6035996E-02 1.6578514E-02 1.6970996E-02 1.7435670E-02 1.7980393E-02 1.8447883E-02 1.8966772E-02 1.9439708E-02 1.9960798E-02 2.0377640E-02 2.0727344E-02 2.1112092E-02 2.1456406E-02 2.1762326E-02 2.2057250E-02 2.2059307E-02 2.2274725E-02 2.3562424E-02 2.4595909E-02 2.6097409E-02 2.7513899E-02 2.8801307E-02 3.0152112E-02 3.1597011E-02 3.2690369E-02 3.3779405E-02 3.4809925E-02 3.6244415E-02 3.7450396E-02 3.8334019E-02 3.9787710E-02 4.0729299E-02 4.1670367E-02 4.2199068E-02 4.3276012E-02
3.4028235E+38 3.4028235E+38 3.4028235E+38 3.4028235E+38 1.3906550E-02 1.3612933E-02 1.3690419E-02 1.3818666E-02 1.4087673E-02 1.4113117E-02 1.4307845E-02 1.4442008E-02 1.4778648E-02 1.4691655E-02 1.4830645E-02 1.5098501E-02 1.5554976E-02 1.6082384E-02 1.6440190E-02 1.6892385E-02 1.7321091E-02 1.7840236E-02 1.8282264E-02 1.8848464E-02 1.9483861E-02 1.9642137E-02 2.0115107E-02 2.0537812E-02 2.0948160E-02 2.1306999E-02 2.1632493E-02 2.1946482E-02 2.3097374E-02 2.3166858E-02 2.3047507E-02 2.3534402E-02 2.4494499E-02 2.6064143E-02 2.7918972E-02 2.9131085E-02 3.0482315E-02 3.1964414E-02 3.3088423E-02 3.4149401E-02 3.5218246E-02 3.6749288E-02 3.8141482E-02 3.8902514E-02 3.9962038E-02 4.1639298E-02 4.2673782E-02 4.2877033E-02 4.4041395E-02
3.4028235E+38 3.4028235E+38 3.4028235E+38 3.4028235E+38 3.4028235E+38 1.3667025E-02 1.3960734E-02 1.4161002E-02 1.3865475E-02 1.4151100E-02 1.4350712E-02 1.4552940E-02 1.4753517E-02 1.4956623E-02 1.5072886E-02 1.5483994E-02 1.6022366E-02 1.6420379E-02 1.6813170E-02 1.7244820E-02 1.7749693E-02 1.8194966E-02 1.8656418E-02 1.9300941E-02 1.9744013E-02 2.0156361E-02 2.0601634E-02 2.0873904E-02 2.2134565E-02 2.1580011E-02 2.1884367E-02 2.2222221E-02 2.2510737E-02 2.2645883E-02 2.2598974E-02 2.2905655E-02 2.4514027E-02 2.6170827E-02 2.7957425E-02 2.9422656E-02 3.0817099E-02 3.2325022E-02 3.3542015E-02 3.4939542E-02 3.6320791E-02 3.7443914E-02 3.8848087E-02 3.9833710E-02 4.0799990E-02 4.2392388E-02 4.3145493E-02 4.4690937E-02 4.4691883E-02
3.4028235E+38 3.4028235E+38 3.4028235E+38 3.4028235E+38 1.3764258E-02 1.3574108E-02 1.3954699E-02 1.4325604E-02 1.4099505E-02 1.4382452E-02 1.4524926E-02 1.5036203E-02 1.4968667E-02 1.4959641E-02 1.5485868E-02 1.5958250E-02 1.6350422E-02 1.6741365E-02 1.7142214E-02 1.7506525E-02 1.8040888E-02 1.8638976E-02 1.9006394E-02 1.9495558E-02 1.9967321E-02 2.0325456E-02 2.0712700E-02 2.1219380E-02 2.1619350E-02 2.1875270E-02 2.2207022E-02 2.2568084E-02 2.2796050E-02 2.2962816E-02 2.4173819E-02 2.3174815E-02 2.4672590E-02 2.6356876E-02 2.8149046E-02 2.9754601E-02 3.1231344E-02 3.2704234E-02 3.4130305E-02 3.5377219E-02 3.7039369E-02 3.8199082E-02 3.9510034E-02 4.0973380E-02 4.2094328E-02 4.2777307E-02 4.3833964E-02 4.4731714E-02 4.5490667E-02
3.4028235E+38 3.4028235E+38 1.3748277E-02 1.3741020E-02 1.3712768E-02 1.3820037E-02 1.4235120E-02 1.4395360E-02 1.4463108E-02 1.4598068E-02 1.4729001E-02 1.4767520E-02 1.5041772E-02 1.5421517E-02 1.5889812E-02 1.6209509E-02 1.6710941E-02 1.7308038E-02 1.7744981E-02 1.8143598E-02 1.8364012E-02 1.9030284E-02 1.9245706E-02 1.9771259E-02 2.0118717E-02 2.0542689E-02 2.1036286E-02 2.1403573E-02 2.1871924E-02 2.2261634E-02 2.2604994E-02 2.2956610E-02 2.3277476E-02 2.3490138E-02 2.4257869E-02 2.3387417E-02 2.4834648E-02 2.6502691E-02 2.8454229E-02 3.0192241E-02 3.1791307E-02 3.3273824E-02 3.4829728E-02 3.6040895E-02 3.7800260E-02 3.8871288E-02 4.0473685E-02 4.1849539E-02 4.2953178E-02 4.3827467E-02 4.4833839E-02 4.5423925E-02 4.6595208E-02
1.3540283E-02 1.3575431E-02 1.5029714E-02 1.3630386E-02 1.3715569E-02 1.3850525E-02 1.4069121E-02 1.4415052E-02 1.4666542E-02 1.4778968E-02 1.4941718E-02 1.5075415E-02 1.5459266E-02 1.5867744E-02 1.6148675E-02 1.6584642E-02 1.7130747E-02 1.7670080E-02 1.8115077E-02 1.8522684E-02 1.8745705E-02 1.9141883E-02 1.9767627E-02 2.0050254E-02 2.0539336E-02 2.0987216E-02 2.1384940E-02 2.1784976E-02 2.2237815E-02 2.2653304E-02 2.2964887E-02 2.3782626E-02 2.3703948E-02 2.3872845E-02 2.4059005E-02 2.3663640E-02 2.4432741E-02 2.6922047E-02 2.8879590E-02 3.0758515E-02 3.2362647E-02 3.3916742E-02 3.5452269E-02 3.6822595E-02 3.8371511E-02 4.0126964E-02 4.1236490E-02 4.2664371E-02 4.3412998E-02 4.5034319E-02 4.5381270E-02 4.5741960E-02 4.6280392E-02
1.3402592E-02 1.3335947E-02 3.4028235E+38 1.3783429E-02 1.3834536E-02 1.4162771E-02 1.4203977E-02 1.4447596E-02 1.4820829E-02 1.4837556E-02 1.5110329E-02 1.5375368E-02 1.5859358E-02 1.6225796E-02 1.6772680E-02 1.7177120E-02 1.7481551E-02 1.8034883E-02 1.8465728E-02 1.8883612E-02 1.9295711E-02 1.9546777E-02 1.9895002E-02 2.0374496E-02 2.1019466E-02 2.1249332E-02 2.1736115E-02 2.2181511E-02 2.2604220E-02 2.3045458E-02 2.3484476E-02 2.4071924E-02 2.4489768E-02 2.4749681E-02 2.4874106E-02 2.5299266E-02 2.5635682E-02 2.7612939E-02 2.9458977E-02 3.1427339E-02 3.3083498E-02 3.4679517E-02 3.6210462E-02 3.7632599E-02 3.9104752E-02 4.0573820E-02 4.1977733E-02 4.3512523E-02 4.4419192E-02 4.4915363E-02 4.5495942E-02 4.5948714E-02 4.6464667E-02
3.4028235E+38 3.4028235E+38 3.4028235E+38 1.4152605E-02 1.3993703E-02 1.4256448E-02 1.4684830E-02 1.4562838E-02 1.4730737E-02 1.5130598E-02 1.5301846E-02 1.5652325E-02 1.6211297E-02 1.6648661E-02 1.7306507E-02 1.7562132E-02 1.7875068E-02 1.8287200E-02 1.8784907E-02 1.9225404E-02 1.9626293E-02 1.9882590E-02 2.0333476E-02 2.0761635E-02 2.1122463E-02 2.1825589E-02 2.2270277E-02 2.2589244E-02 2.3059964E-02 2.3618154E-02 2.4137586E-02 2.5429130E-02 2.5175288E-02 2.5642224E-02 2.6004553E-02 2.6498646E-02 2.6956998E-02 2.8460614E-02 3.0319847E-02 3.2297403E-02 3.3992387E-02 3.5566412E-02 3.7193984E-02 3.8726963E-02 4.0438347E-02 4.1571558E-02 4.2734057E-02 4.4082120E-02 4.4632494E-02 4.5191869E-02 4.5719549E-02 4.6308666E-02 4.6959497E-02
3.4028235E+38 3.4028235E+38 3.4028235E+38 3.4028235E+38 1.4470737E-02 1.4478818E-02 1.4571305E-02 1.4922101E-02 1.5030753E-02 1.5231770E-02 1.5618823E-02 1.6229801E-02 1.6575154E-02 1.6967807E-02 1.7387006E-02 1.7963417E-02 2.0549491E-02 1.8884271E-02 1.8889476E-02 1.9276958E-02 1.9752517E-02 2.0133905E-02 2.0633779E-02 2.1123521E-02 2.1548554E-02 2.2199631E-02 2.2445388E-02 2.2956297E-02 2.3606807E-02 2.4152510E-02 2.4736837E-02 2.6291214E-02 2.5867954E-02 2.6557982E-02 2.7018003E-02 2.7908072E-02 2.8762974E-02 2.9557742E-02 3.1539716E-02 3.3214353E-02 3.4891263E-02 3.6478706E-02 3.8183771E-02 4.0048964E-02 4.1806616E-02 4.3087445E-02 4.3784782E-02 4.4370845E-02 4.4985659E-02 4.5697756E-02 4.6151146E-02 4.6745911E-02 4.7302529E-02
1.3980363E-02 1.4671441E-02 1.3936114E-02 3.4028235E+38 1.4727101E-02 1.4872633E-02 1.4773738E-02 1.4960978E-02 1.5205543E-02 1.5569661E-02 1.6191307E-02 1.6594827E-02 1.6760591E-02 1.7266400E-02 1.7644849E-02 1.7979242E-02 1.8559888E-02 1.9174505E-02 1.9282632E-02 1.9892953E-02 2.0635195E-02 2.0737380E-02 2.0940579E-02 2.1393307E-02 2.2103891E-02 2.2333048E-02 2.2890963E-02 2.3545399E-02 2.4144463E-02 2.4735294E-02 2.5380671E-02 2.6082315E-02 2.6626632E-02 2.7364649E-02 2.8108492E-02 2.9121071E-02 3.1621650E-02 3.1523213E-02 3.2905817E-02 3.4337729E-02 3.5983570E-02 3.7581466E-02 3.9413057E-02 4.1293077E-02 4.2879924E-02 4.3378443E-02 4.4246539E-02 4.4806518E-02 4.5419976E-02 4.5902103E-02 4.6846561E-02 4.7178306E-02 4.7721088E-02
1.3739482E-02 1.4029257E-02 1.4520258E-02 1.4782041E-02 1.4637336E-02 1.4988136E-02 1.5160892E-02 1.5203375E-02 1.5531518E-02 1.5919343E-02 1.6312428E-02 1.6940668E-02 1.7333116E-02 1.7505426E-02 1.7908845E-02 1.8344786E-02 1.8814888E-02 1.9405812E-02 1.9677863E-02 2.0235524E-02 2.0667776E-02 2.1097906E-02 2.1519527E-02 2.1779977E-02 2.2325493E-02 2.2871815E-02 2.3577385E-02 2.4165496E-02 2.4685480E-02 2.5242701E-02 2.5998145E-02 2.7766444E-02 2.7388416E-02 2.8148100E-02 2.9026255E-02 3.0241698E-02 3.1458028E-02 3.4140922E-02 3.4441113E-02 3.5673767E-02 3.7380911E-02 3.8889274E-02 4.0547952E-02 4.2355232E-02 4.3077730E-02 4.4006087E-02 4.4925928E-02 4.5474425E-02 4.5624696E-02 4.6400376E-02 4.7316156E-02 4.7599658E-02 4.8114605E-02
1.4011472E-02 1.4239185E-02 1.4448211E-02 1.4829762E-02 1.4785834E-02 1.4965173E-02 1.5187912E-02 1.5543729E-02 1.5904341E-02 1.6273145E-02 1.6664382E-02 1.7265856E-02 1.7644983E-02 1.7826244E-02 1.8243186E-02 1.8799528E-02 1.9317180E-02 1.9728199E-02 2.0026937E-02 2.0564385E-02 2.1003142E-02 2.1440893E-02 2.1688707E-02 2.2171281E-02 2.2664674E-02 2.3394659E-02 2.3876250E-02 2.4613410E-02 2.5028408E-02 2.5716953E-02 2.6503272E-02 2.7277529E-02 2.8150879E-02 2.8947167E-02 2.9967234E-02 3.1129412E-02 3.2619648E-02 3.4176052E-02 3.5613820E-02 3.6990859E-02 3.8597010E-02 4.0155493E-02 4.1088752E-02 4.2481311E-02 4.3778978E-02 4.4303089E-02 4.4944838E-02 4.5728646E-02 4.6126083E-02 4.6811074E-02 4.7674477E-02 4.8217222E-02 4.8728153E-02
1.4301647E-02 1.4467064E-02 1.4616005E-02 1.4786839E-02 1.5184611E-02 1.5204739E-02 1.5528865E-02 1.6096808E-02 1.6464435E-02 1.6625177E-02 1.6984224E-02 1.7337412E-02 1.7720513E-02 1.8153854E-02 1.8601261E-02 1.9103471E-02 1.9568853E-02 2.0021904E-02 2.0391338E-02 2.0937264E-02 2.1130294E-02 2.1586299E-02 2.1985613E-02 2.2650674E-02 2.3116894E-02 2.3695111E-02 2.4261013E-02 2.4886571E-02 2.5467157E-02 2.6450329E-02 2.7118228E-02 2.7952455E-02 2.8843142E-02 2.9724404E-02 3.0822486E-02 3.2005303E-02 3.3460595E-02 3.6646686E-02 3.7020043E-02 3.8074151E-02 3.9686427E-02 4.0431917E-02 4.1707635E-02 4.2912021E-02 4.3985300E-02 4.4703037E-02 4.5207210E-02 4.6219952E-02 4.6665855E-02 4.7505066E-02 4.8196495E-02 4.8582971E-02 4.8889056E-02
