LUCAS_GEMMES_COP27/includes/subsidence/Scenario_M1/tmp/TOT_SUBSIDENCE_2020_SINCE_2018_MKD_ONLY.ASC
NCOLS                318
NROWS                364
XLLCORNER      400000.00
YLLCORNER      907000.00
CELLSIZE         1000.00
NODATA_VALUE    0.3402823E+39
[rows 220 to 241 of 364, columns 150 to 199 of 318]
2.7638823E-02 2.7381957E-02 2.7126610E-02 2.7091920E-02 2.5952041E-02 2.4760813E-02 2.4421036E-02 2.3747355E-02 2.2638887E-02 2.2076488E-02 2.2035122E-02 2.1489114E-02 2.1035671E-02 2.0424843E-02 2.0415649E-02 2.0177662E-02 2.0000905E-02 1.9802794E-02 1.9656658E-02 1.9509971E-02 1.9444510E-02 1.8947437E-02 1.8876374E-02 1.9316018E-02 1.9211113E-02 1.8731385E-02 1.8707395E-02 1.9186422E-02 1.9197896E-02 1.9232333E-02 1.9231379E-02 1.8711627E-02 1.8746287E-02 1.8853620E-02 1.9541457E-02 1.9616276E-02 1.9680575E-02 1.9892663E-02 1.9529238E-02 1.9695908E-02 2.0338237E-02 2.0630196E-02 2.0387739E-02 2.0596609E-02 2.0898670E-02 2.1078259E-02 2.1537721E-02 2.1726370E-02 2.1905750E-02 2.1748900E-02
2.8158158E-02 2.8236926E-02 2.8131336E-02 2.7957320E-02 2.6931822E-02 2.5732785E-02 2.4536759E-02 2.4017736E-02 2.3301810E-02 2.3040980E-02 2.2583440E-02 2.2020519E-02 2.1646634E-02 2.0915568E-02 2.0441517E-02 2.0588100E-02 2.0426050E-02 2.0175114E-02 1.9996017E-02 1.9856125E-02 1.9316152E-02 1.9221693E-02 1.9557923E-02 1.9517556E-02 1.9460455E-02 1.9415140E-02 1.8892884E-02 1.8868774E-02 1.8865943E-02 1.8879980E-02 1.8882543E-02 1.8870249E-02 1.9468337E-02 1.9539595E-02 1.9640610E-02 1.9717380E-02 1.9296482E-02 1.9439623E-02 1.9593045E-02 2.0192012E-02 2.0363331E-02 2.0635247E-02 2.0326704E-02 2.0540774E-02 2.0778179E-02 2.1339759E-02 2.1397740E-02 2.1568999E-02 2.1423101E-02 2.1575004E-02
2.9218644E-02 2.9020220E-02 2.9538482E-02 2.8958380E-02 2.7681887E-02 2.6840299E-02 2.5567472E-02 2.4327725E-02 2.4311900E-02 2.3670793E-02 2.3100883E-02 2.2583038E-02 2.2132516E-02 2.1745652E-02 2.0924658E-02 2.0642668E-02 2.0844713E-02 2.0593047E-02 2.0373851E-02 1.9775584E-02 1.9632757E-02 1.9920558E-02 1.9800618E-02 1.9780427E-02 1.9723207E-02 1.9657761E-02 1.9620091E-02 1.9131690E-02 1.9094139E-02 1.9601062E-02 1.9611597E-02 1.9628257E-02 1.9664824E-02 1.9726813E-02 1.9730568E-02 1.9322708E-02 1.9413486E-02 2.0073488E-02 2.0201966E-02 2.0297453E-02 2.0444423E-02 2.0203203E-02 2.0424157E-02 2.1064714E-02 2.0715982E-02 2.1246821E-02 2.1018595E-02 2.0993635E-02 2.0957321E-02 2.1195531E-02
3.0735314E-02 3.0137718E-02 3.0047506E-02 2.9400736E-02 2.8444439E-02 2.7210504E-02 2.6244879E-02 2.5458962E-02 2.4206147E-02 2.4356961E-02 2.3767009E-02 2.3198411E-02 2.2628054E-02 2.2287443E-02 2.1908715E-02 2.1166652E-02 2.0871580E-02 2.1010518E-02 2.0352915E-02 2.0120859E-02 2.0388231E-02 2.0235091E-02 2.0134494E-02 2.0083666E-02 2.0004928E-02 1.9942373E-02 1.9920200E-02 1.9399032E-02 1.9389510E-02 1.9855201E-02 1.9874975E-02 1.9878149E-02 1.9840255E-02 1.9397020E-02 1.9438133E-02 1.9502610E-02 2.0100489E-02 2.0203754E-02 2.0383522E-02 2.0499587E-02 2.0214915E-02 2.0317331E-02 2.0851776E-02 2.0943090E-02 2.0650789E-02 2.0742789E-02 2.0773053E-02 2.1054566E-02 2.0656854E-02 2.0525411E-02
3.1689823E-02 3.2176346E-02 3.1140953E-02 2.9719889E-02 2.8767347E-02 2.7985990E-02 2.7322143E-02 2.6511341E-02 2.5398672E-02 2.5222659E-02 2.4484918E-02 2.3863852E-02 2.3227215E-02 2.2825435E-02 2.2492558E-02 2.2118628E-02 2.1382138E-02 2.1071851E-02 2.0789161E-02 2.0966187E-02 2.0820811E-02 2.0656526E-02 2.0520881E-02 2.0406306E-02 2.0329699E-02 2.0261571E-02 2.0206392E-02 2.0173520E-02 1.9691497E-02 2.0157665E-02 2.0169854E-02 2.0204797E-02 1.9617841E-02 1.9654751E-02 2.0164624E-02 2.0244643E-02 2.0347282E-02 2.0402178E-02 2.0538166E-02 2.0201266E-02 2.0405039E-02 2.0924628E-02 2.0962417E-02 2.0635977E-02 2.0648539E-02 2.1104485E-02 2.0888671E-02 2.0886749E-02 2.0726189E-02 2.0617291E-02
3.2458484E-02 3.2956332E-02 3.1817913E-02 3.0403763E-02 2.9414296E-02 2.8974980E-02 2.8129280E-02 2.7295858E-02 2.6106924E-02 2.5332510E-02 2.5305271E-02 2.4586603E-02 2.3946404E-02 2.3425743E-02 2.3065731E-02 2.2716686E-02 2.1958560E-02 2.1594569E-02 2.1276161E-02 2.1458194E-02 2.1270722E-02 2.1089584E-02 2.0949602E-02 2.0773977E-02 2.0673290E-02 2.0595744E-02 2.0545170E-02 2.0529047E-02 2.0064130E-02 2.0064086E-02 2.0055294E-02 2.0041972E-02 1.9946173E-02 2.0469576E-02 2.0374864E-02 2.0524308E-02 2.0603687E-02 2.0614624E-02 2.0327941E-02 2.0463705E-02 2.1023408E-02 2.1042541E-02 2.0675555E-02 2.0675927E-02 2.1044821E-02 2.0898014E-02 2.0717010E-02 2.0631745E-02 2.0450622E-02 2.0331249E-02
3.3315986E-02 3.3443213E-02 3.1924695E-02 3.0897617E-02 3.0075848E-02 2.9313654E-02 2.8892070E-02 2.8102040E-02 2.7289718E-02 2.6176065E-02 2.5432497E-02 2.5460780E-02 2.4680585E-02 2.4155051E-02 2.3762316E-02 2.3384571E-02 2.2606283E-02 2.2589833E-02 2.1813542E-02 2.1508217E-02 2.1683365E-02 2.1503463E-02 2.1360442E-02 2.1158457E-02 2.1063581E-02 2.0991236E-02 2.0925552E-02 2.0862043E-02 2.0874128E-02 2.0414352E-02 2.0423114E-02 2.0942405E-02 2.0826638E-02 2.0891935E-02 2.0883083E-02 2.0117849E-02 2.0726234E-02 2.0614594E-02 2.0658612E-02 2.1177232E-02 2.1167308E-02 2.0783857E-02 2.0898610E-02 2.1114439E-02 2.0890415E-02 2.0812854E-02 2.0480648E-02 2.0307079E-02 2.0137683E-02 1.9991010E-02
3.4079403E-02 3.3320099E-02 3.2508463E-02 3.1863838E-02 3.1021476E-02 3.0029088E-02 2.9259026E-02 2.8887182E-02 2.8052121E-02 2.7344704E-02 2.6286483E-02 2.5607646E-02 2.5630027E-02 2.5031865E-02 2.4542660E-02 2.3700997E-02 2.3298621E-02 2.3301229E-02 2.2934496E-02 2.2153020E-02 2.2289157E-02 2.2051588E-02 2.1831304E-02 2.1642894E-02 2.1511331E-02 2.1421000E-02 2.0848885E-02 2.0766467E-02 2.0757809E-02 2.0773888E-02 2.0826206E-02 2.1341786E-02 2.1262974E-02 2.1338373E-02 2.0916685E-02 2.0885289E-02 2.0912036E-02 2.1486655E-02 2.1360785E-02 2.1342501E-02 2.1184519E-02 2.0933539E-02 2.1257013E-02 2.1085382E-02 2.0683497E-02 2.0578876E-02 2.0263374E-02 2.0099908E-02 1.9849747E-02 1.9698635E-02
3.4761965E-02 3.3754319E-02 3.3295304E-02 3.2499731E-02 3.1632155E-02 3.0839711E-02 2.9918641E-02 2.9209465E-02 2.8900713E-02 2.8248787E-02 2.7618766E-02 2.6576549E-02 2.5900722E-02 2.5933772E-02 2.5376588E-02 2.4477616E-02 2.4456203E-02 2.4063542E-02 2.3698524E-02 2.2911981E-02 2.2549376E-02 2.2674456E-02 2.2424012E-02 2.2211343E-02 2.1592796E-02 2.1455839E-02 2.1330148E-02 2.1673411E-02 2.1630049E-02 2.1673203E-02 2.1294147E-02 2.1272048E-02 2.1253064E-02 2.1247372E-02 2.1213308E-02 2.1695435E-02 2.1762908E-02 2.1753818E-02 2.1606773E-02 2.1610603E-02 2.1064609E-02 2.1124914E-02 2.1401256E-02 2.1020591E-02 2.0660728E-02 2.0403817E-02 2.0049155E-02 1.9830197E-02 1.9514829E-02 1.9284010E-02
3.4799278E-02 3.4178972E-02 3.3393353E-02 3.3068031E-02 3.2423556E-02 3.1608701E-02 3.1045765E-02 3.0067146E-02 2.9770166E-02 2.9131025E-02 2.8536826E-02 2.7876675E-02 2.6816159E-02 2.6282936E-02 2.6284516E-02 2.5363952E-02 2.5304884E-02 2.4858475E-02 2.4497926E-02 2.4143323E-02 2.3303211E-02 2.2946894E-02 2.3134097E-02 2.2451520E-02 2.2225752E-02 2.2474185E-02 2.2330627E-02 2.2254363E-02 2.2239164E-02 2.2258744E-02 2.2333145E-02 2.2319824E-02 2.1838784E-02 2.1813333E-02 2.1830171E-02 2.1737367E-02 2.2100717E-02 2.2089139E-02 2.2083133E-02 2.1876305E-02 2.1382526E-02 2.1629423E-02 2.1415725E-02 2.0999998E-02 2.0591378E-02 2.0207167E-02 1.9802988E-02 1.9460768E-02 1.9143745E-02 1.8932760E-02
3.5527050E-02 3.5011142E-02 3.3913732E-02 3.3351809E-02 3.3216685E-02 3.2336742E-02 3.2039225E-02 3.0983061E-02 3.0302912E-02 3.0234933E-02 2.9631197E-02 2.8888255E-02 2.8229028E-02 2.7211577E-02 2.6757509E-02 2.6331276E-02 2.6251823E-02 2.5822729E-02 2.5484800E-02 2.5038838E-02 2.4569601E-02 2.3770601E-02 2.3460433E-02 2.3132831E-02 2.3351356E-02 2.3131728E-02 2.2955805E-02 2.2897243E-02 2.2898853E-02 2.2980809E-02 2.3018420E-02 2.3042679E-02 2.3029268E-02 2.2986352E-02 2.2910535E-02 2.2355437E-02 2.2264302E-02 2.2162825E-02 2.2033349E-02 2.1844670E-02 2.1611497E-02 2.1857366E-02 2.1365762E-02 2.1016479E-02 2.0506218E-02 2.0050064E-02 1.9661352E-02 1.9153878E-02 1.8726870E-02 1.8353105E-02
3.6023915E-02 3.5598993E-02 3.5059124E-02 3.4110159E-02 3.3529103E-02 3.3088446E-02 3.2791704E-02 3.2395810E-02 3.1206578E-02 3.0794710E-02 3.0709654E-02 2.9946059E-02 2.9206634E-02 2.8667688E-02 2.7686596E-02 2.7280241E-02 2.7255833E-02 2.6841879E-02 2.6343435E-02 2.5891781E-02 2.5430679E-02 2.5038153E-02 2.4230540E-02 2.3883760E-02 2.4064451E-02 2.3860186E-02 2.3733705E-02 2.3666441E-02 2.3685247E-02 2.3750931E-02 2.3685396E-02 2.3750603E-02 2.3846775E-02 2.3775965E-02 2.3675412E-02 2.3473799E-02 2.3270667E-02 2.3087680E-02 2.2890091E-02 2.2692174E-02 2.2396654E-02 2.1575183E-02 2.1323949E-02 2.1068275E-02 2.0448357E-02 1.9974142E-02 1.9685552E-02 1.8906876E-02 1.8336430E-02 1.7835438E-02
3.6746114E-02 3.6276966E-02 3.5775065E-02 3.5103798E-02 3.4155577E-02 3.3902287E-02 3.3785224E-02 3.2481700E-02 3.2292426E-02 3.1539530E-02 3.1062454E-02 3.0930370E-02 3.0280232E-02 2.9805362E-02 2.9165953E-02 2.8223872E-02 2.8290272E-02 2.7921885E-02 2.7319491E-02 2.6861489E-02 2.6354730E-02 2.5942206E-02 2.5568783E-02 2.4798900E-02 2.4509192E-02 2.4791509E-02 2.4687558E-02 2.4670362E-02 2.4658203E-02 2.4601072E-02 2.4471074E-02 2.4675608E-02 2.4880052E-02 2.4668902E-02 2.4561524E-02 2.4196684E-02 2.3940504E-02 2.3731500E-02 2.3407370E-02 2.2901207E-02 2.2168040E-02 2.2017837E-02 2.1916807E-02 2.1130338E-02 2.0503744E-02 1.9877702E-02 1.9281536E-02 1.8594503E-02 1.7963693E-02 1.7356262E-02
3.7310004E-02 3.6716223E-02 3.6216319E-02 3.5677731E-02 3.4793139E-02 3.4342825E-02 3.4299850E-02 3.3755839E-02 3.3357888E-02 3.2898128E-02 3.1894743E-02 3.1429529E-02 3.1305999E-02 3.0757874E-02 3.0300438E-02 2.9283345E-02 2.8743088E-02 2.8930813E-02 2.8273702E-02 2.7684838E-02 2.7494729E-02 2.7021497E-02 2.6638359E-02 2.6268542E-02 2.5454879E-02 2.5841683E-02 2.5765121E-02 2.5718093E-02 2.5668561E-02 2.5541782E-02 2.5390625E-02 2.5500476E-02 2.5591969E-02 2.5641233E-02 2.5429159E-02 2.4983406E-02 2.4620354E-02 2.4328589E-02 2.4002850E-02 2.3458242E-02 2.2609323E-02 2.2635669E-02 2.2399187E-02 2.1315962E-02 2.0340040E-02 1.9879699E-02 1.9137964E-02 1.8295541E-02 1.7560974E-02 1.6901225E-02
3.7802190E-02 3.7376910E-02 3.6933064E-02 3.6447018E-02 3.5943002E-02 3.5224587E-02 3.4934163E-02 3.4900039E-02 3.4393311E-02 3.3740282E-02 3.3224463E-02 3.2462388E-02 3.1960309E-02 3.1691849E-02 3.1207383E-02 3.0780375E-02 2.9698163E-02 2.9323310E-02 2.9555708E-02 2.8994411E-02 2.8666258E-02 2.8037190E-02 2.7814180E-02 2.7555913E-02 2.6670516E-02 2.6600778E-02 2.6984692E-02 2.6854426E-02 2.6819795E-02 2.6525497E-02 2.6632190E-02 2.6574165E-02 2.6456565E-02 2.6677281E-02 2.6118010E-02 2.5629848E-02 2.4940819E-02 2.4561763E-02 2.4498284E-02 2.3609787E-02 2.3402572E-02 2.3333043E-02 2.2608072E-02 2.1558553E-02 2.0574287E-02 1.9990087E-02 1.9104168E-02 1.7989218E-02 1.7186999E-02 1.6486570E-02
3.8273096E-02 3.8229048E-02 3.7883013E-02 3.7411958E-02 3.6801517E-02 3.6443055E-02 3.5711050E-02 3.5315663E-02 3.5143673E-02 3.4698755E-02 3.4212679E-02 3.3560365E-02 3.2599688E-02 3.2050252E-02 3.1956851E-02 3.1511724E-02 3.1018287E-02 3.0240685E-02 2.9853523E-02 2.9888570E-02 2.9433250E-02 2.8880864E-02 2.8728575E-02 2.8628886E-02 2.8175175E-02 2.7694553E-02 2.7524590E-02 2.8002232E-02 2.7783394E-02 2.7481049E-02 2.7589858E-02 2.7582407E-02 2.7483433E-02 2.7501136E-02 2.6514411E-02 2.6286125E-02 2.6287913E-02 2.5399864E-02 2.4833351E-02 2.4410695E-02 2.3927420E-02 2.3756295E-02 2.3031682E-02 2.2150606E-02 2.0836413E-02 2.0273313E-02 1.9667298E-02 1.7449751E-02 1.6709834E-02 1.6211972E-02
3.9107800E-02 3.8852125E-02 3.8590938E-02 3.8141847E-02 3.7681878E-02 3.7485451E-02 3.7050307E-02 3.6208242E-02 3.6087364E-02 3.5504788E-02 3.4848839E-02 3.4193218E-02 3.3567429E-02 3.2723755E-02 3.2377779E-02 3.2360762E-02 3.1913280E-02 3.1561911E-02 3.0665934E-02 3.0333459E-02 3.0493975E-02 3.0150473E-02 2.9895157E-02 2.9808044E-02 2.9402882E-02 2.9090852E-02 2.8430998E-02 2.8400123E-02 2.8781742E-02 2.8828442E-02 2.8544784E-02 2.7899534E-02 2.7528018E-02 2.7669728E-02 2.7307898E-02 2.6980579E-02 2.7014345E-02 2.6762396E-02 2.5938392E-02 2.5558740E-02 2.4739593E-02 2.4432242E-02 2.3825526E-02 2.2133082E-02 2.1089941E-02 2.0190924E-02 1.9291773E-02 1.7808899E-02 1.7687455E-02 1.7291442E-02
4.0255725E-02 3.9511830E-02 3.8997054E-02 3.8841188E-02 3.8373113E-02 3.8114429E-02 3.7772506E-02 3.7015587E-02 3.6422819E-02 3.6285400E-02 3.5513133E-02 3.4927279E-02 3.4317076E-02 3.3843011E-02 3.3111155E-02 3.2752961E-02 3.2755971E-02 3.2522172E-02 3.1965107E-02 3.1151563E-02 3.0865759E-02 3.1045973E-02 3.0785173E-02 3.0621439E-02 3.0285925E-02 2.9985458E-02 2.9732883E-02 2.9290766E-02 2.9223770E-02 2.9206485E-02 2.8920323E-02 2.8744131E-02 2.8478205E-02 2.8248042E-02 2.7784973E-02 2.7698398E-02 2.7429104E-02 2.6838332E-02 2.6569396E-02 2.6213259E-02 2.5247395E-02 2.4357945E-02 2.3555458E-02 2.2468060E-02 2.1715760E-02 2.0527035E-02 1.9662187E-02 1.9015908E-02 1.9119263E-02 1.8004701E-02
4.0834993E-02 4.0531218E-02 3.9892167E-02 3.9777040E-02 3.9159834E-02 3.8872421E-02 3.8295358E-02 3.7763506E-02 3.6902636E-02 3.6415011E-02 3.6221772E-02 3.5762101E-02 3.5172224E-02 3.4713686E-02 3.4337282E-02 3.3632487E-02 3.3112824E-02 3.3177823E-02 3.2755703E-02 3.2390147E-02 3.1607330E-02 3.1500548E-02 3.1609386E-02 3.1532824E-02 3.1142861E-02 3.0646294E-02 3.0481875E-02 3.0380666E-02 3.0213982E-02 2.9987097E-02 2.9722631E-02 2.9637307E-02 2.9617101E-02 2.9370129E-02 2.8987139E-02 2.8518707E-02 2.7827173E-02 2.7575433E-02 2.7039796E-02 2.6060164E-02 2.5352657E-02 2.4615854E-02 2.3979694E-02 2.3006797E-02 2.1969855E-02 2.1110922E-02 2.0330846E-02 1.9640118E-02 1.9001618E-02 1.8210977E-02
4.1294008E-02 4.0947944E-02 4.0272802E-02 3.9938897E-02 3.9843410E-02 3.9458692E-02 3.8979769E-02 3.8391918E-02 3.7866056E-02 3.6969006E-02 3.6557108E-02 3.6585152E-02 3.5955608E-02 3.5435051E-02 3.4958452E-02 3.4570158E-02 3.3710361E-02 3.3793211E-02 3.3454776E-02 3.3140928E-02 3.2806039E-02 3.2052845E-02 3.1762421E-02 3.2091022E-02 3.1832784E-02 3.1721056E-02 3.1003326E-02 3.1026751E-02 3.1342953E-02 3.1074315E-02 3.0710846E-02 3.0485123E-02 3.0155122E-02 3.0096412E-02 2.9537350E-02 2.9028445E-02 2.8022796E-02 2.7534097E-02 2.7044564E-02 2.6219726E-02 2.5751561E-02 2.5120437E-02 2.4169147E-02 2.3220330E-02 2.2291660E-02 2.1510571E-02 2.0580083E-02 1.9757733E-02 1.9173354E-02 1.8501282E-02
4.1659474E-02 4.1470498E-02 4.1011661E-02 4.0459067E-02 4.0209860E-02 4.0027946E-02 3.9642096E-02 3.9026797E-02 3.8494170E-02 3.7923485E-02 3.7148297E-02 3.7080199E-02 3.6516875E-02 3.6066949E-02 3.5536498E-02 3.5102785E-02 3.4319848E-02 3.4027100E-02 3.4124106E-02 3.4001380E-02 3.3510089E-02 3.3289313E-02 3.2534301E-02 3.2817841E-02 3.2378584E-02 3.1884342E-02 3.1714618E-02 3.2036096E-02 3.1973094E-02 3.1608969E-02 3.1277657E-02 3.1193972E-02 3.0642062E-02 3.0229717E-02 2.9579252E-02 2.8991640E-02 2.8476477E-02 2.8366178E-02 2.7695805E-02 2.6869237E-02 2.5694460E-02 2.5658995E-02 2.4211586E-02 2.3040652E-02 2.2472411E-02 2.1573752E-02 2.0613045E-02 1.9889653E-02 1.9158170E-02 1.8928826E-02
4.2048961E-02 4.1748166E-02 4.1470677E-02 4.1346639E-02 4.0592313E-02 4.0364772E-02 3.9936602E-02 3.9568275E-02 3.9187431E-02 3.8488626E-02 3.7619680E-02 3.7202299E-02 3.7056237E-02 3.6564738E-02 3.6051244E-02 3.5666078E-02 3.5313964E-02 3.4570932E-02 3.4255624E-02 3.4345835E-02 3.3981919E-02 3.3853322E-02 3.3020526E-02 3.2916605E-02 3.2488197E-02 3.2224983E-02 3.2452434E-02 3.2256514E-02 3.2122701E-02 3.1909287E-02 3.1732291E-02 3.1333327E-02 3.0883729E-02 3.0357718E-02 2.9251814E-02 2.9287845E-02 2.8847724E-02 2.8425515E-02 2.7588964E-02 2.6668191E-02 2.5985062E-02 2.5510639E-02 2.4335146E-02 2.2996068E-02 2.2221714E-02 2.1955043E-02 2.0536959E-02 1.9566283E-02 1.8755302E-02 1.7928943E-02
