LUCAS_GEMMES_COP27/includes/subsidence/Scenario_M1/tmp/TOT_SUBSIDENCE_2100_SINCE_2018_MKD_ONLY.ASC
NCOLS                318
NROWS                364
XLLCORNER      400000.00
YLLCORNER      907000.00
CELLSIZE         1000.00
NODATA_VALUE    0.3402823E+39
[rows 192 to 215 of 364, columns 220 to 274 of 318]
0.5197452 0.5246247 0.5266667 0.5270928 0.5249466 0.5203662 0.5135788 0.5085219 0.5015701 0.4963663 0.4914552 0.4879709 0.4835829 0.4820589 0.4805831 0.4809849 0.4828641 0.4851156 0.4892746 0.4960622 0.5045206 0.5104337 0.5137461 0.5230289 0.5311810 0.5393638 0.5477416 0.5535914 0.5506061 0.5524720 0.5534737 0.5505925 0.5478661 0.5402062 0.5287440 0.5425593 0.5414400 0.5474476 0.5603098 0.5500418 0.5356053 0.5387667 0.5226008 0.5123181 0.5016708 0.4887090 0.4733075 0.4567479 3.4028235E+38 3.4028235E+38 3.4028235E+38 3.4028235E+38 3.4028235E+38 3.4028235E+38 3.4028235E+38
0.5177156 0.5070062 0.5041162 0.5047718 0.5045128 0.5015683 0.4971082 0.4927738 0.4849864 0.4795233 0.4744537 0.4708136 0.4683668 0.4659244 0.4651467 0.4643154 0.4690557 0.4743583 0.4779958 0.4895921 0.4991000 0.5082473 0.5125360 0.5159701 0.5221514 0.5278660 0.5352368 0.5409887 0.5446325 0.5462276 0.5484364 0.5457740 0.5390126 0.5235682 0.5211073 0.5369759 0.5448281 0.5520707 0.5579208 0.5484570 0.5260999 0.5231933 0.5280651 0.5138251 0.5054621 0.4934709 0.4783897 0.4601237 0.4375302 0.4343216 0.4325900 3.4028235E+38 3.4028235E+38 3.4028235E+38 3.4028235E+38
0.4971714 0.4929977 0.4883352 0.4837655 0.4854217 0.4823368 0.4791584 0.4747802 0.4682965 0.4622030 0.4552683 0.4525110 0.4532024 0.4513238 0.4465140 0.4464783 0.4506824 0.4625178 0.4722268 0.4797574 0.4827301 0.4854302 0.4984649 0.5041795 0.5091248 0.5163035 0.5216600 0.5272298 0.5316631 0.5371109 0.5386920 0.5375694 0.5338323 0.5185157 0.5273247 0.5407561 0.5509186 0.5609203 0.5563811 0.5490609 0.5306121 0.5109316 0.5101356 0.5162440 0.5029029 0.4952840 0.4831425 0.4666181 0.4436493 0.4407472 0.4330950 0.4286340 3.4028235E+38 3.4028235E+38 3.4028235E+38
0.4826985 0.4861787 0.4821856 0.4769447 0.4721552 0.4676124 0.4634965 0.4564595 0.4488831 0.4442274 0.4409121 0.4401125 0.4402755 0.4376583 0.4342887 0.4309265 0.4401925 0.4567734 0.4682214 0.4769410 0.4823023 0.4849511 0.4870626 0.4880916 0.4988580 0.5045639 0.5101863 0.5161631 0.5212676 0.5258814 0.5274503 0.5227703 0.5303743 0.5319128 0.5379369 0.5455620 0.5538113 0.5594408 0.5601114 0.5512987 0.5366249 0.5132874 0.5046418 0.5048780 0.4914685 0.4904177 0.4878011 0.4696468 0.4480894 0.4403113 0.4350825 0.4328731 3.4028235E+38 3.4028235E+38 3.4028235E+38
0.4836377 0.4800138 0.4736394 0.4673269 0.4604855 0.4544837 0.4472070 0.4389887 0.4381390 0.4343816 0.4309499 0.4306752 0.4307672 0.4301007 0.4281913 0.4273324 0.4400924 0.4549606 0.4673485 0.4776818 0.4830657 0.4878097 0.4884301 0.4881947 0.4891589 0.4898632 0.5000235 0.5054364 0.5082399 0.5140271 0.5145827 0.5164100 0.5271203 0.5345429 0.5393534 0.5482310 0.5537646 0.5614315 0.5603393 0.5581587 0.5418591 0.5204892 0.5222156 0.5197554 0.5099026 0.5157545 0.4949148 0.4784406 0.4572028 0.4426996 0.4422615 0.4372532 3.4028235E+38 3.4028235E+38 3.4028235E+38
0.4857849 0.4818618 0.4770022 0.4719267 0.4652107 0.4579056 0.4479665 0.4331968 0.4295568 0.4256971 0.4227344 0.4218152 0.4199752 0.4188021 0.4215070 0.4320349 0.4450350 0.4569355 0.4710655 0.4794826 0.4866850 0.4913610 0.4933814 0.4955340 0.4955910 0.4905651 0.4905627 0.4896275 0.4844839 0.4974344 0.5031021 0.5067883 0.5181344 0.5251156 0.5341717 0.5420253 0.5501462 0.5587505 0.5630893 0.5609683 0.5516539 0.5354405 0.5346411 0.5302783 0.5193722 0.5161077 0.5063853 0.4816957 0.4629549 0.4396376 0.4456460 0.4450037 3.4028235E+38 3.4028235E+38 3.4028235E+38
0.4863577 0.4830312 0.4797296 0.4751809 0.4683389 0.4610883 0.4526023 0.4421979 0.4392204 0.4358112 0.4326686 0.4304476 0.4280361 0.4293258 0.4332932 0.4388676 0.4527568 0.4640396 0.4748368 0.4838282 0.4921081 0.4959328 0.4997706 0.5028808 0.5029508 0.5027818 0.5004222 0.4954824 0.4846938 0.4879659 0.4876692 0.5009059 0.5052952 0.5119395 0.5206124 0.5348396 0.5468915 0.5625604 0.5642948 0.5650722 0.5583078 0.5460352 0.5374372 0.5305471 0.5168031 0.5087672 0.4976782 0.4908341 0.4666871 0.4631553 0.4555183 0.4491009 3.4028235E+38 3.4028235E+38 3.4028235E+38
0.4840190 0.4833056 0.4818807 0.4776019 0.4717508 0.4663950 0.4594433 0.4526394 0.4480778 0.4438432 0.4397588 0.4371902 0.4342854 0.4347980 0.4400739 0.4469778 0.4605139 0.4719844 0.4827932 0.4909433 0.4979426 0.5022570 0.5074592 0.5104434 0.5128573 0.5133235 0.5108643 0.5096805 0.5059191 0.5029749 0.4886530 0.4875929 0.4851804 0.4971137 0.5034060 0.5205052 0.5431069 0.5636450 0.5664416 0.5654901 0.5590955 0.5499874 0.5369714 0.5241085 0.5108681 0.4952731 0.4770046 0.4754905 0.4738657 0.4700246 0.4614443 0.4610835 0.4500303 3.4028235E+38 3.4028235E+38
0.4797239 0.4823179 0.4812904 0.4787272 0.4752254 0.4712541 0.4661083 0.4611842 0.4558969 0.4514775 0.4445336 0.4434314 0.4434033 0.4492174 0.4524702 0.4603117 0.4688382 0.4785954 0.4874604 0.4966304 0.5035400 0.5101858 0.5128324 0.5173774 0.5227534 0.5241716 0.5238283 0.5248682 0.5209754 0.5177633 0.5122657 0.5093120 0.4847539 0.4817491 0.4799051 0.4790186 0.5458956 0.5742260 0.5757495 0.5753382 0.5612503 0.5525188 0.5367889 0.5190394 0.5026669 0.4930918 0.4838536 0.4844426 0.4759209 0.4748430 0.4689081 0.4634220 0.4540280 3.4028235E+38 3.4028235E+38
0.4783526 0.4794695 0.4797559 0.4789488 0.4766524 0.4740629 0.4701647 0.4666991 0.4635573 0.4596204 0.4547673 0.4545328 0.4558783 0.4590595 0.4625868 0.4698689 0.4766738 0.4850724 0.4940882 0.5014001 0.5095965 0.5141580 0.5190773 0.5237582 0.5325457 0.5336985 0.5361174 0.5374632 0.5362360 0.5347152 0.5328822 0.5356748 0.5361738 0.5341311 0.5306795 0.4794822 0.5978780 0.5922826 0.5875614 0.5753817 0.5665192 0.5539247 0.5408845 0.5216446 0.5103953 0.4968223 0.4906484 0.4857760 0.4835967 0.4760254 0.4719684 0.4626369 0.4516318 3.4028235E+38 3.4028235E+38
0.4767502 0.4754608 0.4770662 0.4779972 0.4774311 0.4776516 0.4745237 0.4721891 0.4686894 0.4653150 0.4622829 0.4619119 0.4639872 0.4661282 0.4685185 0.4757905 0.4838096 0.4929704 0.5005303 0.5081835 0.5145259 0.5215750 0.5250953 0.5322778 0.5380338 0.5432948 0.5464766 0.5502753 0.5508755 0.5550921 0.5541735 0.5613641 0.5822442 0.5900604 0.5880846 0.5893472 0.5912132 0.5880417 0.5789932 0.5781695 0.5633802 0.5585864 0.5409993 0.5322389 0.5105890 0.5061101 0.4942265 0.4955878 0.4854109 0.4841907 0.4752662 0.4658630 0.4545826 3.4028235E+38 3.4028235E+38
0.4764515 0.4725742 0.4742874 0.4764048 0.4774967 0.4780557 0.4765387 0.4762320 0.4733716 0.4717193 0.4686464 0.4686694 0.4688562 0.4698798 0.4712608 0.4785895 0.4871689 0.4962977 0.5044099 0.5135685 0.5192332 0.5264515 0.5333295 0.5401677 0.5442815 0.5496299 0.5537449 0.5612468 0.5679278 0.5680926 0.5720897 0.5737311 0.5760834 0.5816672 0.5870396 0.5849519 0.5850583 0.5796546 0.5784325 0.5682698 0.5616256 0.5496310 0.5414160 0.5279920 0.5143467 0.5019593 0.4949392 0.4947595 0.4886645 0.4796507 0.4750373 0.4653476 0.4544163 3.4028235E+38 3.4028235E+38
0.4726367 0.4715649 0.4702789 0.4729442 0.4775148 0.4793170 0.4783826 0.4785752 0.4765540 0.4755940 0.4726720 0.4715398 0.4704634 0.4704663 0.4696175 0.4781499 0.4889695 0.4994000 0.5101273 0.5185944 0.5251893 0.5328561 0.5398117 0.5467122 0.5576230 0.5588589 0.5580230 0.5626384 0.5632563 0.5723093 0.5700598 0.5748765 0.5744260 0.5810003 0.5780156 0.5795852 0.5769006 0.5768266 0.5727305 0.5695485 0.5563400 0.5499423 0.5408976 0.5301508 0.5138654 0.5091910 0.4960073 0.4981732 0.4867356 0.4820664 0.4745859 0.4653640 3.4028235E+38 3.4028235E+38 3.4028235E+38
0.4702494 0.4708787 0.4693064 0.4743146 0.4761347 0.4778535 0.4795089 0.4799731 0.4795125 0.4779227 0.4754263 0.4746754 0.4710225 0.4685530 0.4707221 0.4761948 0.4878756 0.4994771 0.5093594 0.5203897 0.5282514 0.5355698 0.5475690 0.5505778 0.5512725 0.5487584 0.5520746 0.5564718 0.5619923 0.5661041 0.5689888 0.5655796 0.5725930 0.5703598 0.5752839 0.5693463 0.5703854 0.5675637 0.5610459 0.5592586 0.5524098 0.5457601 0.5368755 0.5261408 0.5184005 0.5058726 0.5016111 0.4934056 0.4884157 0.4817407 0.4704993 0.4645467 3.4028235E+38 3.4028235E+38 3.4028235E+38
0.4685325 0.4701384 0.4681999 0.4726127 0.4740626 0.4767682 0.4782214 0.4803185 0.4802498 0.4797556 0.4769757 0.4757705 0.4712848 0.4686336 0.4712340 0.4757364 0.4834320 0.4977889 0.5103701 0.5201575 0.5271242 0.5386209 0.5414483 0.5429265 0.5427392 0.5399702 0.5429156 0.5497040 0.5547968 0.5556084 0.5566925 0.5567702 0.5610804 0.5646318 0.5648396 0.5611312 0.5616400 0.5562546 0.5556060 0.5516122 0.5434070 0.5422231 0.5296451 0.5260053 0.5206057 0.5087747 0.4988447 0.4967319 0.4848878 0.4825459 0.4685957 3.4028235E+38 3.4028235E+38 3.4028235E+38 3.4028235E+38
0.4655135 0.4652933 0.4645666 0.4672182 0.4702984 0.4703163 0.4759138 0.4795993 0.4812235 0.4801287 0.4786935 0.4773587 0.4710760 0.4702594 0.4741055 0.4788544 3.4028235E+38 3.4028235E+38 3.4028235E+38 0.5170562 0.5272083 0.5310934 0.5330222 0.5352108 0.5362840 0.5367082 0.5366926 0.5422161 0.5450248 0.5467123 0.5498604 0.5505890 0.5504076 0.5505384 0.5552759 0.5566347 0.5532964 0.5480808 0.5478587 0.5442641 0.5387224 0.5311911 0.5238608 0.5213684 0.5150077 0.5035365 0.4981745 0.4896154 0.4845507 0.4777190 0.4684727 3.4028235E+38 3.4028235E+38 3.4028235E+38 3.4028235E+38
0.4623992 0.4624207 0.4620143 0.4673184 0.4683250 0.4687642 0.4752317 0.4790926 0.4801304 0.4812397 0.4805873 0.4783735 0.4720811 0.4717115 0.4751229 0.4782355 3.4028235E+38 3.4028235E+38 3.4028235E+38 3.4028235E+38 3.4028235E+38 0.5212838 0.5243082 0.5266786 0.5285330 0.5310860 0.5324469 0.5349939 0.5371687 0.5382654 0.5390850 0.5411339 0.5386682 0.5384811 0.5395814 0.5453146 0.5411383 0.5425916 0.5392228 0.5358567 0.5300143 0.5305558 0.5194377 0.5159358 0.5099566 0.5015353 0.4916097 0.4884130 0.4819459 0.4738259 3.4028235E+38 3.4028235E+38 3.4028235E+38 3.4028235E+38 3.4028235E+38
0.4605378 0.4579175 0.4577884 0.4599956 0.4621268 0.4665672 0.4726862 0.4768364 0.4787679 0.4799778 0.4804374 0.4771969 0.4722489 0.4715987 0.4751500 0.4784522 0.4846518 3.4028235E+38 3.4028235E+38 3.4028235E+38 3.4028235E+38 3.4028235E+38 0.5148485 0.5176749 0.5205303 0.5236560 0.5266985 0.5285589 0.5294251 0.5300165 0.5296916 0.5296028 0.5293542 0.5313049 0.5285517 0.5280129 0.5262496 0.5257583 0.5253590 0.5240801 0.5247951 0.5216837 0.5149854 0.5076803 0.5014679 0.4927987 0.4870760 0.4826712 0.4775017 0.4672849 3.4028235E+38 3.4028235E+38 3.4028235E+38 3.4028235E+38 3.4028235E+38
0.4574161 0.4550552 0.4564935 0.4576862 0.4597772 0.4674013 0.4716243 0.4765896 0.4779187 0.4801561 0.4792889 0.4784476 0.4748291 0.4723909 0.4736713 0.4790869 0.4848442 0.4886771 3.4028235E+38 3.4028235E+38 3.4028235E+38 3.4028235E+38 3.4028235E+38 3.4028235E+38 3.4028235E+38 0.5162456 0.5189433 0.5205373 0.5213432 0.5212673 0.5202359 0.5202444 0.5200894 0.5200148 0.5190213 0.5179827 0.5168703 0.5160973 0.5149599 0.5135807 0.5123143 0.5122296 0.5063552 0.5069216 0.4997846 0.4926189 0.4834821 0.4833123 0.4708711 3.4028235E+38 3.4028235E+38 3.4028235E+38 3.4028235E+38 3.4028235E+38 3.4028235E+38
0.4519153 0.4500889 0.4538962 0.4561476 0.4563265 0.4639085 0.4696863 0.4732440 0.4762712 0.4774821 0.4789936 0.4779290 0.4747655 0.4719667 0.4719719 0.4749359 0.4798964 0.4818061 0.4806516 0.4802062 3.4028235E+38 3.4028235E+38 3.4028235E+38 3.4028235E+38 3.4028235E+38 3.4028235E+38 0.5111481 0.5120869 0.5124896 0.5123504 0.5125517 0.5124365 0.5123039 0.5120050 0.5112851 0.5102558 0.5089397 0.5075908 0.5063939 0.5050749 0.5034661 0.5014304 0.4980895 0.4955762 0.4933228 0.4852088 0.4820462 0.4758457 3.4028235E+38 3.4028235E+38 3.4028235E+38 3.4028235E+38 3.4028235E+38 3.4028235E+38 3.4028235E+38
0.4472255 0.4462232 0.4471360 0.4521955 0.4524979 0.4616636 0.4656391 0.4706056 0.4721434 0.4752218 0.4746583 0.4750176 0.4745624 0.4719312 0.4712696 0.4753590 0.4736700 0.4749153 0.4753031 0.4724181 0.4728435 0.4720211 3.4028235E+38 3.4028235E+38 3.4028235E+38 3.4028235E+38 3.4028235E+38 3.4028235E+38 0.5041971 0.5045475 0.5043778 0.5047270 0.5051448 0.5052056 0.5047266 0.5037383 0.5023476 0.5006966 0.4989328 0.4972594 0.4954814 0.4933776 0.4910573 0.4904472 0.4867900 0.4817542 0.4762852 3.4028235E+38 3.4028235E+38 3.4028235E+38 3.4028235E+38 3.4028235E+38 3.4028235E+38 3.4028235E+38 3.4028235E+38
0.4418207 0.4426019 0.4418542 0.4471553 0.4477279 0.4557337 0.4605629 0.4642865 0.4668464 0.4695894 0.4708637 0.4711869 0.4724605 0.4701194 0.4680885 0.4679378 0.4661266 0.4661038 0.4681193 0.4662639 0.4635084 0.4631847 3.4028235E+38 3.4028235E+38 3.4028235E+38 3.4028235E+38 3.4028235E+38 3.4028235E+38 0.5746220 0.4958720 0.4952552 0.4967068 0.4983054 0.4992002 0.4992045 0.4984255 0.4970229 0.4951899 0.4930999 0.4908906 0.4886511 0.4862899 0.4834903 0.4804918 0.4766480 0.4720798 3.4028235E+38 3.4028235E+38 3.4028235E+38 3.4028235E+38 3.4028235E+38 3.4028235E+38 3.4028235E+38 3.4028235E+38 3.4028235E+38
0.4357808 0.4357003 0.4369043 0.4414896 0.4426709 0.4494532 0.4566707 0.4592125 0.4617588 0.4608109 0.4633573 0.4668922 0.4686372 0.4701599 0.4670208 0.4629446 0.4615509 0.4607140 0.4606858 0.4579041 0.4576448 0.4566671 3.4028235E+38 3.4028235E+38 3.4028235E+38 3.4028235E+38 3.4028235E+38 3.4028235E+38 3.4028235E+38 0.5547239 0.4823959 0.4869527 0.4908541 0.4929504 0.4935449 0.4930946 0.4918771 0.4901124 0.4879802 0.4856027 0.4828656 0.4801939 0.4772998 3.4028235E+38 3.4028235E+38 3.4028235E+38 3.4028235E+38 3.4028235E+38 3.4028235E+38 3.4028235E+38 3.4028235E+38 3.4028235E+38 3.4028235E+38 3.4028235E+38 3.4028235E+38
0.4305048 0.4299477 0.4343630 0.4380327 0.4385183 0.4425377 0.4484543 0.4515984 0.4527075 0.4563128 0.4606612 0.4642115 0.4664724 0.4657850 0.4623241 0.4594753 0.4536667 0.4524021 0.4520826 0.4481375 0.4488995 0.4509676 3.4028235E+38 3.4028235E+38 3.4028235E+38 3.4028235E+38 3.4028235E+38 3.4028235E+38 3.4028235E+38 3.4028235E+38 0.4614732 0.4771607 0.4837126 0.4862973 0.4877339 0.4875234 0.4863513 0.4846359 0.4825665 0.4802689 0.4776118 3.4028235E+38 3.4028235E+38 3.4028235E+38 3.4028235E+38 3.4028235E+38 3.4028235E+38 3.4028235E+38 3.4028235E+38 3.4028235E+38 3.4028235E+38 3.4028235E+38 3.4028235E+38 3.4028235E+38 3.4028235E+38
