LUCAS_GEMMES_COP27/includes/subsidence/Scenario_M1/tmp/TOT_SUBSIDENCE_2040_SINCE_2018_MKD_ONLY.ASC
NCOLS                318
NROWS                364
XLLCORNER      400000.00
YLLCORNER      907000.00
CELLSIZE         1000.00
NODATA_VALUE    0.3402823E+39
[rows 96 to 119 of 364, columns 165 to 219 of 318]
8.8235661E-02 8.8614672E-02 8.9058310E-02 8.9350879E-02 8.9464694E-02 8.9525238E-02 8.9987338E-02 8.9940026E-02 9.0243518E-02 9.0581596E-02 9.0863705E-02 9.1186851E-02 9.1575727E-02 9.2020348E-02 9.2875317E-02 9.3900785E-02 9.4671220E-02 9.5819831E-02 9.7469717E-02 9.9167943E-02 9.9970102E-02 0.1006073 0.1007034 0.1012502 0.1023938 0.1027960 0.1030574 0.1035922 0.1034259 0.1036156 0.1038840 0.1041551 0.1043494 0.1045080 0.1045801 0.1046057 0.1046023 0.1046007 0.1046379 0.1046901 0.1040521 0.1041490 0.1035776 0.1031308 0.1030806 0.1028207 0.1022717 0.1015414 0.1011692 0.1002046 9.9569961E-02 9.9045068E-02 9.8763555E-02 9.8158807E-02 9.8834589E-02
8.8185981E-02 8.8542193E-02 8.9260042E-02 8.9524627E-02 8.9428961E-02 8.9728773E-02 8.9744031E-02 8.9860186E-02 8.9888752E-02 9.0202302E-02 9.0454400E-02 9.0781942E-02 9.0848312E-02 9.1086835E-02 9.1756970E-02 9.2816919E-02 9.3681484E-02 9.4650343E-02 9.6112564E-02 9.7291857E-02 9.8415211E-02 9.9023134E-02 9.9182829E-02 9.9777162E-02 0.1011336 0.1019176 0.1023510 0.1027574 0.1025591 0.1029554 0.1032471 0.1034658 0.1036924 0.1038824 0.1040128 0.1041555 0.1042376 0.1040472 0.1043181 0.1045074 0.1041386 0.1037051 0.1030861 0.1025272 0.1021465 0.1018789 0.1012980 0.1005897 0.1001591 9.8935783E-02 9.8725080E-02 9.8862708E-02 9.9086940E-02 9.9383384E-02 0.1001535
8.8550821E-02 8.8865399E-02 8.9179441E-02 8.9322314E-02 8.9579195E-02 8.9581922E-02 8.9866042E-02 8.9906469E-02 8.9700758E-02 8.9970708E-02 9.0162352E-02 9.0457231E-02 9.0388164E-02 9.0457156E-02 9.0870261E-02 9.1748625E-02 9.2717379E-02 9.3484074E-02 9.4933689E-02 9.5928282E-02 9.7427756E-02 9.8347053E-02 9.8752677E-02 9.9284604E-02 0.1004907 0.1010306 0.1009999 0.1014963 0.1019246 0.1022995 0.1025975 0.1028780 0.1031260 0.1035277 0.1033921 0.1033944 0.1035342 0.1035072 0.1037607 0.1036111 0.1034239 0.1028933 0.1026358 0.1022937 0.1022436 0.1019014 0.1011591 0.1001772 9.8915264E-02 9.9222794E-02 0.1001858 9.9682525E-02 9.9761516E-02 0.1002169 0.1010842
8.9320526E-02 8.9171275E-02 8.9407742E-02 8.9923084E-02 8.9886814E-02 8.9889646E-02 8.9988723E-02 8.9914232E-02 8.9791685E-02 8.9875191E-02 9.0042055E-02 9.0059787E-02 8.9887768E-02 9.0008438E-02 9.0049893E-02 9.0573341E-02 9.1284141E-02 9.2077672E-02 9.3345225E-02 9.4601050E-02 9.5917612E-02 9.6957296E-02 9.7866476E-02 9.8661616E-02 9.9384710E-02 0.1002618 0.1003079 0.1008591 0.1012896 0.1017917 0.1020601 0.1023647 0.1026208 0.1028362 0.1029468 0.1028859 0.1029823 0.1030958 0.1031124 0.1028424 0.1026941 0.1024719 0.1022061 0.1019243 0.1019862 0.1018247 0.1012605 0.1004651 9.9663839E-02 0.1003073 9.9987805E-02 0.1005121 0.1009016 0.1011997 0.1020425
8.9808181E-02 8.9797333E-02 8.9906409E-02 9.0186790E-02 9.0041399E-02 9.0013221E-02 9.0043172E-02 8.9891255E-02 8.9905471E-02 8.9735612E-02 8.9718148E-02 8.9593783E-02 8.9612424E-02 8.9454725E-02 8.9264661E-02 8.9331374E-02 9.0143815E-02 9.0025470E-02 9.1803521E-02 9.3400583E-02 9.4652101E-02 9.6083343E-02 9.7251758E-02 9.7808406E-02 9.8419964E-02 9.9286765E-02 9.9592730E-02 0.1001649 0.1006389 0.1012393 0.1017064 0.1017660 0.1020906 0.1024799 0.1024445 0.1024513 0.1025206 0.1025630 0.1024307 0.1024068 0.1022625 0.1020890 0.1019081 0.1015660 0.1014918 0.1016592 0.1009081 9.9914908E-02 0.1001753 0.1008928 0.1011825 0.1007494 0.1019159 0.1026127 0.1035174
8.9868978E-02 9.0334147E-02 9.0159163E-02 9.0400904E-02 9.0267122E-02 9.0287417E-02 8.9920074E-02 9.0047017E-02 8.9931920E-02 8.9611933E-02 8.9251161E-02 8.9080408E-02 8.8813335E-02 8.8531032E-02 8.8213652E-02 8.8021800E-02 8.7962121E-02 8.8860452E-02 9.0585068E-02 9.2458829E-02 9.3959168E-02 9.5253155E-02 9.6518040E-02 9.7076774E-02 9.7710028E-02 9.8590851E-02 9.9142820E-02 9.9799708E-02 0.1002202 0.1006614 0.1013350 0.1015125 0.1016519 0.1019318 0.1021742 0.1022844 0.1023874 0.1023937 0.1019560 0.1018763 0.1017818 0.1017245 0.1014985 0.1013422 0.1011098 0.1011652 0.1005266 0.1001206 0.1007159 0.1013859 0.1019877 0.1016992 0.1017526 0.1030004 0.1040997
9.0592101E-02 9.0469420E-02 9.0584442E-02 9.0608567E-02 9.0490416E-02 9.0353966E-02 9.0269014E-02 8.9949563E-02 8.9842811E-02 8.9325219E-02 8.8950351E-02 8.8617027E-02 8.8165388E-02 8.7661803E-02 8.7096408E-02 8.6654603E-02 8.6504757E-02 8.8506669E-02 9.0209112E-02 9.2215270E-02 9.3614385E-02 9.4429851E-02 9.5428407E-02 9.6392959E-02 9.7345263E-02 9.8104000E-02 9.8976195E-02 9.9503949E-02 9.9864244E-02 0.1003219 0.1008817 0.1011593 0.1013305 0.1016116 0.1017067 0.1016933 0.1017987 0.1017883 0.1016897 0.1016962 0.1015910 0.1015277 0.1011129 0.1012080 0.1010450 0.1010998 0.1003160 0.1006085 0.1013438 0.1016926 0.1026104 0.1029961 0.1031877 0.1037662 0.1052174
9.0942770E-02 9.0920061E-02 9.0879679E-02 9.0955034E-02 9.0860918E-02 9.0579763E-02 9.0342462E-02 9.0209693E-02 8.9715019E-02 8.9169323E-02 8.8766143E-02 8.8216603E-02 8.7583646E-02 8.6852118E-02 8.6034566E-02 8.4666491E-02 8.5690439E-02 8.7967128E-02 9.0086326E-02 9.1757014E-02 9.3125641E-02 9.3863249E-02 9.5087796E-02 9.6252754E-02 9.7068891E-02 9.7523391E-02 9.8449409E-02 9.9339858E-02 9.9369153E-02 9.9954695E-02 0.1005351 0.1006928 0.1009249 0.1011437 0.1012692 0.1013585 0.1014776 0.1014619 0.1013713 0.1013976 0.1013493 0.1013059 0.1011555 0.1011137 0.1010720 0.1010945 0.1007295 0.1015722 0.1023062 0.1028011 0.1036348 0.1045183 0.1045025 0.1052589 0.1058178
9.1569573E-02 9.1625661E-02 9.1517136E-02 9.1315031E-02 9.1291994E-02 9.0985820E-02 9.0840980E-02 9.0425014E-02 8.9737102E-02 8.9101404E-02 8.8592753E-02 8.7906927E-02 8.7126702E-02 8.6153910E-02 8.5145377E-02 8.3997034E-02 8.6166725E-02 8.7917909E-02 8.9733869E-02 9.1111645E-02 9.2645660E-02 9.3580663E-02 9.4664633E-02 9.5592052E-02 9.6393645E-02 9.6772179E-02 9.7195327E-02 9.8418653E-02 9.9030703E-02 9.9510178E-02 0.1000647 0.1002686 0.1005818 0.1007653 0.1009838 0.1012347 0.1014227 0.1012090 0.1010832 0.1011323 0.1011386 0.1010692 0.1010849 0.1012363 0.1011516 0.1007355 0.1012779 0.1021528 0.1029067 0.1034070 0.1041653 0.1050014 0.1056032 0.1061907 0.1073788
9.2278048E-02 9.2325971E-02 9.2051208E-02 9.1890112E-02 9.1549933E-02 9.1156647E-02 9.0775177E-02 9.0757191E-02 9.0041816E-02 8.9127898E-02 8.8588849E-02 8.7739781E-02 8.7052748E-02 8.5928276E-02 8.3918422E-02 8.3995074E-02 8.6379722E-02 8.8014692E-02 8.9431182E-02 9.0838939E-02 9.2679754E-02 9.3793333E-02 9.4429284E-02 9.5387250E-02 9.6245334E-02 9.6898496E-02 9.7257659E-02 9.8151460E-02 9.8695010E-02 9.9254489E-02 9.9613726E-02 9.9934354E-02 0.1002322 0.1004934 0.1005130 0.1008088 0.1010596 0.1008719 0.1007990 0.1009281 0.1009905 0.1009644 0.1013353 0.1010606 0.1011006 0.1013305 0.1024684 0.1028209 0.1033767 0.1041918 0.1051377 0.1059327 0.1069000 0.1075172 0.1089341
9.2749625E-02 9.2767164E-02 9.2540234E-02 9.2236832E-02 9.2122927E-02 9.1671482E-02 9.0998754E-02 9.0717614E-02 9.0090692E-02 8.9246482E-02 8.8610530E-02 8.7744460E-02 8.6796895E-02 8.5899018E-02 8.4618546E-02 8.5279949E-02 8.6994536E-02 8.8503093E-02 8.9342609E-02 9.0781435E-02 9.2627093E-02 9.3182996E-02 9.4053015E-02 9.5117152E-02 9.5653355E-02 9.6160769E-02 9.7160369E-02 9.7891703E-02 9.8364219E-02 9.8816112E-02 9.9281102E-02 9.9604428E-02 0.1000107 0.1004439 0.1004422 0.1003940 0.1004795 0.1005166 0.1007200 0.1007309 0.1007522 0.1008225 0.1007432 0.1011213 0.1005542 0.1014908 0.1028076 0.1035201 0.1042711 0.1049991 0.1060299 0.1069494 0.1080644 0.1088644 0.1099965
9.3496099E-02 9.3381539E-02 9.3226865E-02 9.2985198E-02 9.2559695E-02 9.2185229E-02 9.1475382E-02 9.0933517E-02 9.0202019E-02 8.9448571E-02 8.8415682E-02 8.7518826E-02 8.6843818E-02 8.5664049E-02 8.5489333E-02 8.6736836E-02 8.7819412E-02 8.9185447E-02 8.9982003E-02 9.1133669E-02 9.2296034E-02 9.2915803E-02 9.3615219E-02 9.4879299E-02 9.5162392E-02 9.5592201E-02 9.6946970E-02 9.7804844E-02 9.8082885E-02 9.8596603E-02 9.8922789E-02 9.9285096E-02 9.9584773E-02 9.9830225E-02 0.1002918 0.1002429 0.1002978 0.1004077 0.1004254 0.1005592 0.1005948 0.1004110 0.1011654 0.1009913 0.1006283 0.1019198 0.1030359 0.1041162 0.1050554 0.1058721 0.1067894 0.1079846 0.1092603 0.1104003 0.1110345
9.4528899E-02 9.4304651E-02 9.3929872E-02 9.3684152E-02 9.3555361E-02 9.2872024E-02 9.2137173E-02 9.1617420E-02 9.0700656E-02 8.9730665E-02 8.8777021E-02 8.8174775E-02 8.7023288E-02 8.6537816E-02 8.7138370E-02 8.7857559E-02 8.8686228E-02 8.9635313E-02 9.0499461E-02 9.1735974E-02 9.2660695E-02 9.3779325E-02 9.4515294E-02 9.4852582E-02 9.5633283E-02 9.5885411E-02 9.6776515E-02 9.7317010E-02 9.7876519E-02 9.8488390E-02 9.8673716E-02 9.8906130E-02 9.9166051E-02 9.9432379E-02 9.9729910E-02 9.9872917E-02 0.1000693 0.1001543 0.1001324 0.1003641 0.1004424 0.1004899 0.1005614 0.1003221 0.1011510 0.1023885 0.1036693 0.1048765 0.1057818 0.1065445 0.1078957 0.1091221 0.1105887 0.1116923 0.1120935
9.5299169E-02 9.5189020E-02 9.4647095E-02 9.4550073E-02 9.4365850E-02 9.3560427E-02 9.3054861E-02 9.2155650E-02 9.1170445E-02 9.0221420E-02 8.9097559E-02 8.8495001E-02 8.7897211E-02 8.8162929E-02 8.8354498E-02 8.8816702E-02 8.9639693E-02 9.0382636E-02 9.0943456E-02 9.1825932E-02 9.2600882E-02 9.3620911E-02 9.3803152E-02 9.4342351E-02 9.5452279E-02 9.6040875E-02 9.6718907E-02 9.7238481E-02 9.7590610E-02 9.8032534E-02 9.8714843E-02 9.8854080E-02 9.9066228E-02 9.9321544E-02 9.9457353E-02 9.9671945E-02 9.9794030E-02 9.9845633E-02 9.9973634E-02 0.1001457 0.1002580 0.1004018 0.1006366 0.1009111 0.1018190 0.1030155 0.1037280 0.1049428 0.1061406 0.1073531 0.1085754 0.1093741 0.1108567 0.1123159 0.1134523
9.6081704E-02 9.6119314E-02 9.5510691E-02 9.5387250E-02 9.5440313E-02 9.4712645E-02 9.3727678E-02 9.2834294E-02 9.1923073E-02 9.0831548E-02 9.0081260E-02 8.9770123E-02 8.9431331E-02 8.9423120E-02 8.9560553E-02 8.9974150E-02 9.0562806E-02 9.1432750E-02 9.1787666E-02 9.2256397E-02 9.3065009E-02 9.3570620E-02 9.3773678E-02 9.4689146E-02 9.5474005E-02 9.5990658E-02 9.6629128E-02 9.7067595E-02 9.7519606E-02 9.7877607E-02 9.8388255E-02 9.8643035E-02 9.8917529E-02 9.9147573E-02 9.9267691E-02 9.9637926E-02 9.9618256E-02 9.9774539E-02 9.9808723E-02 9.9970534E-02 0.1002358 0.1003141 0.1006021 0.1012267 0.1020643 0.1029312 0.1041518 0.1049605 0.1071285 0.1078842 0.1089678 0.1098071 0.1109248 0.1126880 0.1137666
9.7423345E-02 9.7086430E-02 9.6590534E-02 9.6579820E-02 9.6463010E-02 9.5681727E-02 9.4708577E-02 9.3959466E-02 9.3008012E-02 9.2404917E-02 9.1603324E-02 9.1014653E-02 9.0666473E-02 9.0499714E-02 9.0637013E-02 9.0962678E-02 9.1324568E-02 9.1906965E-02 9.2341080E-02 9.2770413E-02 9.3262792E-02 9.3809843E-02 9.4380707E-02 9.4994754E-02 9.5587209E-02 9.6009389E-02 9.6560106E-02 9.7021624E-02 9.7403511E-02 9.7785175E-02 9.8000675E-02 9.8425463E-02 9.8648965E-02 9.8921999E-02 9.9050626E-02 9.9310204E-02 9.9436998E-02 9.9477813E-02 9.9631295E-02 9.9836349E-02 0.1000574 0.1001517 0.1004959 0.1013875 0.1023051 0.1032256 0.1047619 0.1057383 0.1066185 0.1084750 0.1098354 0.1109597 0.1122431 0.1138449 0.1150384
9.8728195E-02 9.8348871E-02 9.7888932E-02 9.7749054E-02 9.7328216E-02 9.6692830E-02 9.5936745E-02 9.5328584E-02 9.4199896E-02 9.3406558E-02 9.2632756E-02 9.2303231E-02 9.1859564E-02 9.1723725E-02 9.1716200E-02 9.2257544E-02 9.2360735E-02 9.2717364E-02 9.2904016E-02 9.3305334E-02 9.3662888E-02 9.4119519E-02 9.4554380E-02 9.5145151E-02 9.5577553E-02 9.6009001E-02 9.6601039E-02 9.6881747E-02 9.7285405E-02 9.7566962E-02 9.7844869E-02 9.8113343E-02 9.8460257E-02 9.8777935E-02 9.8830476E-02 9.9060372E-02 9.9043056E-02 9.9181131E-02 9.9404112E-02 9.9663720E-02 9.9858731E-02 0.1000203 0.1002355 0.1015777 0.1027782 0.1039584 0.1049392 0.1058655 0.1074138 0.1092387 0.1106019 0.1119886 0.1132966 0.1147036 0.1159214
9.9844739E-02 9.9800453E-02 9.9025905E-02 9.8673567E-02 9.8225564E-02 9.7537413E-02 9.6899927E-02 9.6190393E-02 9.5457599E-02 9.3585834E-02 9.3595147E-02 9.3451262E-02 9.3097478E-02 9.2707366E-02 9.2714012E-02 9.2946589E-02 9.2800707E-02 9.3056545E-02 9.3458533E-02 9.3951449E-02 9.4222277E-02 9.4461262E-02 9.4763651E-02 9.5296547E-02 9.5714584E-02 9.6009463E-02 9.6534967E-02 9.6889704E-02 9.7153232E-02 9.7145721E-02 9.7584069E-02 9.7949386E-02 9.8175302E-02 9.8534182E-02 9.8558590E-02 9.8711833E-02 9.8804131E-02 9.9056244E-02 9.9141136E-02 9.9416271E-02 9.9636450E-02 9.9725440E-02 0.1002123 0.1018326 0.1031327 0.1045106 0.1059203 0.1072391 0.1084482 0.1097456 0.1112073 0.1127650 0.1139766 0.1155039 0.1170418
0.1012319 0.1010555 0.1004883 9.9930286E-02 9.9469230E-02 9.8740086E-02 9.7880468E-02 9.7523600E-02 9.6644223E-02 9.4989523E-02 9.4514713E-02 9.4229862E-02 9.3839213E-02 9.3814149E-02 9.3550324E-02 9.3570292E-02 9.3624189E-02 9.3731731E-02 9.4048157E-02 9.4434306E-02 9.4646648E-02 9.4758764E-02 9.5007181E-02 9.5478117E-02 9.5753327E-02 9.6000418E-02 9.6467912E-02 9.6862793E-02 9.7081691E-02 9.7005486E-02 9.7643852E-02 9.7858921E-02 9.7980604E-02 9.8170131E-02 9.8325312E-02 9.8454759E-02 9.8715216E-02 9.8868623E-02 9.8902732E-02 9.9092588E-02 9.9287584E-02 9.9495322E-02 0.1007799 0.1021478 0.1039983 0.1052398 0.1066001 0.1079810 0.1094260 0.1105489 0.1119600 0.1134243 0.1147002 0.1160568 0.1176638
0.1031552 0.1026190 0.1020163 0.1023021 0.1007029 9.9608511E-02 9.8927364E-02 9.8392934E-02 9.7343996E-02 9.6015051E-02 9.5298916E-02 9.4958767E-02 9.4933406E-02 9.4798326E-02 9.4308868E-02 9.3910664E-02 9.4243020E-02 9.4404757E-02 9.4626695E-02 9.4690174E-02 9.4955698E-02 9.5112309E-02 9.5239639E-02 9.5577538E-02 9.5851123E-02 9.6144035E-02 9.6515313E-02 9.6789911E-02 9.7018927E-02 9.7382069E-02 9.7881392E-02 9.7847924E-02 9.7848952E-02 9.7901478E-02 9.8110855E-02 9.8358557E-02 9.8497465E-02 9.8547414E-02 9.8522887E-02 9.8744661E-02 9.8949939E-02 9.9367470E-02 0.1012360 0.1025663 0.1042966 0.1057894 0.1069509 0.1086276 0.1100369 0.1112816 0.1126446 0.1143062 0.1157518 0.1169709 0.1186576
0.1041075 0.1038993 0.1038094 0.1028979 0.1016201 0.1007587 0.1001062 9.9224180E-02 9.8122030E-02 9.7041428E-02 9.6164435E-02 9.5621854E-02 9.5633268E-02 9.5444232E-02 9.5033392E-02 9.4454095E-02 9.4784006E-02 9.4718188E-02 9.4983265E-02 9.5067456E-02 9.5215887E-02 9.5351562E-02 9.5505193E-02 9.5727563E-02 9.6029326E-02 9.6166268E-02 9.6561521E-02 9.6870452E-02 9.6993059E-02 9.7314417E-02 9.7415641E-02 9.7626030E-02 9.7538799E-02 9.7650677E-02 9.7893342E-02 9.7988322E-02 9.8097533E-02 9.8167852E-02 9.8200530E-02 9.8575383E-02 9.8807082E-02 0.1000202 0.1017121 0.1032291 0.1045834 0.1062606 0.1074033 0.1089111 0.1107054 0.1121993 0.1134479 0.1147769 0.1162806 0.1178158 0.1195902
0.1058774 0.1052904 0.1047821 0.1036351 0.1025721 0.1017729 0.1010339 0.1001021 9.9346504E-02 9.8467559E-02 9.6701548E-02 9.6501753E-02 9.6489474E-02 9.6670091E-02 9.6121266E-02 9.5725998E-02 9.5719784E-02 9.5530376E-02 9.5653698E-02 9.5581159E-02 9.5794454E-02 9.5891610E-02 9.5896259E-02 9.6202552E-02 9.6331701E-02 9.6300408E-02 9.6484289E-02 9.6841171E-02 9.7098395E-02 9.7269699E-02 9.7395048E-02 9.7380981E-02 9.7422063E-02 9.7446859E-02 9.7738117E-02 9.7772747E-02 9.7775161E-02 9.8007992E-02 9.8041520E-02 9.8315790E-02 9.8784447E-02 0.1004677 0.1021004 0.1038771 0.1051913 0.1066947 0.1084739 0.1097607 0.1115503 0.1130480 0.1144897 0.1154512 0.1171592 0.1189282 0.1203387
0.1076470 0.1063695 0.1052825 0.1040621 0.1033300 0.1026374 0.1017701 0.1005827 9.9927574E-02 9.9841386E-02 9.8687813E-02 9.8000050E-02 9.8064587E-02 9.7217470E-02 9.6909299E-02 9.6696854E-02 9.6485987E-02 9.6254021E-02 9.6450806E-02 9.6162409E-02 9.5982134E-02 9.5768735E-02 9.6094564E-02 9.6473277E-02 9.6554846E-02 9.6499503E-02 9.6600905E-02 9.6764147E-02 9.7081035E-02 9.7229227E-02 9.7185254E-02 9.7274914E-02 9.7454280E-02 9.7277194E-02 9.7562417E-02 9.7732678E-02 9.7626030E-02 9.7661793E-02 9.7767055E-02 9.8082051E-02 9.9602208E-02 0.1012273 0.1027056 0.1042694 0.1061862 0.1074826 0.1090240 0.1105340 0.1120566 0.1138676 0.1152991 0.1165823 0.1179195 0.1194265 0.1210306
0.1082695 0.1072238 0.1059245 0.1046228 0.1039983 0.1031869 0.1021308 0.1011851 0.1005244 0.1002841 9.9576995E-02 9.9044204E-02 9.8487839E-02 9.7818404E-02 9.7323358E-02 9.7047836E-02 9.7228363E-02 9.6910521E-02 9.6850067E-02 9.6826449E-02 9.6151993E-02 9.6225232E-02 9.6515059E-02 9.6829653E-02 9.6897110E-02 9.6720412E-02 9.6911296E-02 9.6869707E-02 9.6983895E-02 9.7075224E-02 9.7145155E-02 9.7335070E-02 9.7320899E-02 9.7142830E-02 9.7437695E-02 9.7537681E-02 9.7524300E-02 9.7556144E-02 9.7342983E-02 9.7797170E-02 0.1001374 0.1019355 0.1036739 0.1050407 0.1069791 0.1082215 0.1094366 0.1116029 0.1128352 0.1143305 0.1161520 0.1175257 0.1186079 0.1200866 0.1215761
