LUCAS_GEMMES_COP27/includes/subsidence/Scenario_M1/tmp/TOT_SUBSIDENCE_2100_SINCE_2018_MKD_ONLY.ASC
NCOLS                318
NROWS                364
XLLCORNER      400000.00
YLLCORNER      907000.00
CELLSIZE         1000.00
NODATA_VALUE    0.3402823E+39
[rows 72 to 95 of 364, columns 110 to 164 of 318]
6.7481861E-02 6.8008445E-02 6.8528831E-02 6.9068775E-02 6.9747046E-02 7.0396431E-02 7.1454957E-02 7.2319552E-02 7.7657774E-02 8.1507988E-02 8.0950908E-02 7.8037545E-02 8.6813532E-02 8.8183329E-02 8.2278803E-02 8.1825256E-02 8.3325543E-02 8.4402233E-02 8.5860327E-02 8.7819301E-02 8.9353494E-02 9.1214538E-02 9.3294203E-02 9.5433019E-02 9.7600684E-02 0.1006909 0.1019606 0.1042158 0.1068619 0.1090343 0.1112249 0.1135914 0.1155869 0.1180155 0.1208808 0.1238018 0.1268969 0.1293384 0.1324233 0.1352176 0.1383704 0.1419781 0.1460463 0.1486832 0.1522439 0.1556615 0.1593069 0.1624826 0.1680130 0.1718685 0.1756409 0.1787052 0.1809290 0.1827878 0.1857101
6.6869333E-02 6.7480884E-02 6.8043843E-02 6.8373501E-02 6.9089040E-02 6.9870375E-02 7.1018293E-02 7.1892738E-02 7.3841050E-02 7.5346395E-02 7.5653322E-02 8.5278958E-02 8.9685567E-02 8.9421496E-02 8.9436658E-02 8.2775660E-02 8.3447725E-02 8.4297061E-02 8.6034417E-02 8.8058397E-02 9.0245560E-02 9.1065809E-02 9.3562976E-02 9.5641918E-02 9.7612254E-02 9.9614769E-02 0.1018660 0.1043573 0.1069816 0.1092469 0.1113269 0.1137951 0.1170549 0.1184778 0.1216432 0.1239043 0.1268204 0.1296356 0.1331320 0.1368246 0.1395734 0.1425348 0.1460515 0.1520597 0.1563140 0.1604289 0.1642133 0.1681049 0.1721172 0.1746447 0.1784951 0.1772586 0.1822252 0.1839494 0.1873412
6.6194519E-02 6.6577703E-02 6.7246422E-02 6.7845419E-02 6.8948925E-02 6.9682479E-02 7.0263825E-02 7.1622021E-02 7.3631689E-02 8.2054727E-02 7.5583838E-02 7.5550139E-02 7.8897908E-02 8.2809858E-02 8.0774434E-02 8.1846803E-02 8.2473122E-02 8.4162787E-02 9.0173587E-02 9.2756920E-02 9.1134086E-02 9.1817498E-02 9.4478443E-02 9.7138152E-02 9.8747313E-02 0.1006590 0.1024626 0.1050294 0.1068757 0.1096908 0.1128388 0.1140274 0.1169291 0.1186976 0.1211076 0.1237622 0.1268797 0.1293159 0.1340736 0.1397689 0.1438255 0.1467541 0.1513207 0.1560110 0.1605153 0.1664642 0.1694344 0.1700963 0.1730891 0.1758469 0.1789691 0.1784737 0.1841135 0.1866596 0.1892035
6.5287679E-02 6.5913148E-02 6.6816747E-02 6.7558952E-02 6.8324365E-02 6.9116220E-02 7.0020422E-02 7.0372462E-02 7.2408289E-02 7.7391192E-02 8.2776330E-02 7.6434061E-02 7.7439994E-02 7.9588979E-02 8.7633900E-02 8.1325084E-02 8.2366243E-02 8.5013606E-02 8.7377146E-02 8.8566422E-02 8.9589193E-02 9.1066025E-02 9.4301060E-02 0.1046717 9.9857338E-02 0.1091417 0.1032811 0.1054469 0.1067811 0.1097784 0.1130489 0.1142382 0.1165340 0.1193158 0.1221301 0.1253366 0.1288054 0.1337398 0.1379327 0.1414452 0.1458663 0.1500375 0.1542247 0.1589188 0.1620268 0.1655238 0.1690873 0.1723111 0.1768323 0.1780266 0.1811718 0.1837821 0.1864429 0.1890095 0.1910843
6.4956725E-02 6.5556645E-02 6.6183224E-02 6.6593215E-02 6.7385010E-02 6.8239316E-02 6.9205821E-02 6.9804654E-02 7.1089916E-02 7.2493091E-02 7.5514495E-02 8.3424829E-02 7.7691734E-02 8.6720161E-02 8.8228092E-02 8.2458600E-02 8.3588377E-02 9.2684403E-02 9.5918849E-02 9.7846061E-02 8.9544214E-02 9.0489522E-02 9.2498749E-02 9.5670611E-02 0.1086434 0.1020221 0.1047456 0.1040094 0.1063817 0.1087818 0.1115821 0.1142397 0.1168024 0.1197201 0.1229136 0.1262812 0.1296835 0.1336953 0.1377349 0.1424672 0.1470073 0.1512447 0.1553648 0.1604896 0.1647597 0.1688717 0.1708862 0.1739591 0.1770354 0.1805739 0.1832149 0.1860726 0.1886423 0.1912905 0.1934706
6.4950891E-02 6.6481635E-02 6.7132331E-02 6.6615768E-02 6.6807151E-02 6.7997232E-02 6.8677679E-02 7.0130587E-02 7.1104802E-02 7.1737267E-02 7.4051753E-02 8.2390517E-02 7.7355273E-02 7.8430191E-02 7.9973981E-02 8.0481037E-02 8.0992520E-02 8.2476303E-02 8.6040556E-02 9.5640339E-02 8.9054197E-02 8.9776397E-02 9.1670193E-02 9.4866708E-02 9.7756773E-02 0.1017963 0.1096718 0.1041482 0.1058712 0.1078385 0.1108734 0.1136557 0.1164632 0.1199590 0.1236550 0.1270761 0.1309744 0.1353799 0.1392962 0.1435531 0.1479836 0.1523769 0.1566542 0.1606101 0.1649990 0.1705548 0.1740737 0.1760577 0.1793124 0.1829899 0.1856163 0.1883032 0.1922081 0.1934380 0.1956560
6.6082478E-02 6.7165062E-02 6.7687117E-02 6.7973420E-02 6.7600131E-02 6.8001583E-02 6.8636358E-02 6.9549695E-02 7.0622489E-02 7.0706829E-02 7.2282836E-02 7.5458899E-02 7.5349718E-02 7.5903222E-02 7.7407122E-02 7.7629372E-02 7.9498582E-02 8.2664721E-02 8.3782941E-02 8.6126000E-02 8.7855607E-02 9.8890483E-02 9.3484551E-02 9.4963685E-02 9.6851714E-02 0.1003044 0.1027226 0.1042056 0.1062432 0.1074115 0.1098375 0.1134973 0.1173046 0.1200384 0.1239551 0.1288460 0.1321330 0.1370115 0.1407619 0.1450553 0.1491155 0.1536154 0.1580423 0.1621346 0.1663794 0.1721617 0.1744620 0.1780300 0.1820414 0.1864535 0.1879826 0.1906563 0.1932684 0.1958983 0.1981216
6.5284774E-02 6.6563778E-02 6.7392245E-02 6.7625314E-02 6.7858115E-02 6.8364888E-02 6.8816721E-02 6.9451019E-02 6.9922574E-02 7.0757717E-02 7.1296543E-02 7.3778860E-02 7.3913790E-02 7.5118922E-02 7.6494664E-02 7.6434791E-02 7.8429885E-02 8.1477575E-02 8.2765892E-02 8.5306026E-02 8.8339806E-02 9.0790041E-02 9.2315257E-02 9.5129877E-02 9.6907154E-02 9.9311195E-02 0.1018939 0.1110903 0.1047035 0.1075762 0.1090100 0.1127062 0.1172483 0.1212678 0.1248969 0.1292518 0.1333498 0.1382059 0.1419061 0.1464877 0.1507072 0.1550788 0.1597331 0.1640807 0.1681392 0.1723412 0.1764738 0.1802864 0.1842650 0.1884445 0.1898627 0.1926102 0.1957176 0.1981671 0.2008525
6.5665826E-02 6.6118963E-02 6.6783026E-02 6.7377642E-02 6.8899684E-02 6.8394408E-02 6.9315948E-02 6.9874808E-02 7.1533985E-02 7.1211055E-02 7.1793750E-02 7.2954528E-02 7.2651498E-02 7.4202769E-02 7.5444952E-02 7.5808063E-02 7.9650223E-02 8.2532696E-02 8.4665239E-02 8.7172389E-02 8.9510769E-02 9.1887452E-02 9.4287440E-02 9.4812192E-02 9.7038038E-02 9.8974817E-02 0.1005163 0.1034597 0.1042317 0.1077172 0.1085243 0.1115808 0.1162757 0.1211598 0.1250559 0.1300010 0.1351782 0.1388625 0.1438324 0.1478871 0.1523877 0.1568382 0.1632425 0.1679646 0.1717130 0.1744930 0.1787703 0.1828555 0.1863858 0.1897802 0.1926480 0.1955742 0.1984770 0.2009421 0.2033718
6.7223579E-02 6.6557750E-02 6.8386830E-02 6.9283292E-02 6.9998190E-02 6.9134794E-02 6.9986358E-02 7.0489652E-02 7.2177887E-02 7.1773097E-02 7.2425961E-02 7.2616272E-02 7.2683915E-02 7.3022470E-02 7.5594120E-02 7.7470019E-02 7.9909667E-02 8.2755581E-02 8.5891053E-02 8.7549448E-02 9.0403929E-02 9.0933844E-02 9.4754413E-02 9.5988631E-02 9.7477093E-02 9.9247843E-02 0.1011577 0.1029151 0.1034473 0.1034958 0.1078261 0.1102981 0.1159463 0.1209875 0.1261668 0.1306308 0.1360518 0.1403637 0.1453795 0.1496352 0.1538775 0.1585013 0.1633402 0.1689442 0.1727601 0.1768931 0.1810724 0.1850925 0.1887768 0.1922016 0.1962303 0.1985129 0.2010943 0.2052023 0.2064540
6.6497773E-02 6.6920638E-02 6.8607107E-02 6.9216222E-02 6.9884948E-02 6.9526270E-02 7.0256025E-02 7.1392372E-02 7.2004020E-02 7.2158977E-02 7.2577342E-02 7.2407737E-02 7.3441312E-02 7.4731641E-02 7.6987199E-02 7.9340801E-02 8.1662729E-02 8.3450392E-02 8.5438266E-02 8.8202715E-02 9.0238020E-02 9.2658751E-02 9.5410541E-02 9.6848235E-02 9.8137021E-02 9.9793956E-02 0.1011377 0.1023192 0.1029840 0.1055864 0.1071778 0.1096213 0.1144777 0.1207806 0.1259935 0.1315808 0.1363935 0.1415539 0.1463680 0.1513832 0.1565482 0.1614683 0.1655183 0.1703810 0.1752759 0.1814316 0.1838751 0.1880126 0.1920681 0.1953982 0.2005235 0.2015858 0.2038744 0.2070336 0.2096678
6.6900097E-02 6.7519516E-02 6.7733034E-02 6.8355978E-02 6.8995327E-02 6.9743671E-02 7.0717603E-02 7.1638525E-02 7.1822539E-02 7.2134465E-02 7.2184861E-02 7.3073536E-02 7.4791729E-02 7.6839566E-02 7.8822508E-02 8.1251919E-02 8.3065152E-02 8.5151345E-02 8.7523505E-02 8.9548402E-02 9.1861203E-02 9.3850076E-02 9.6126482E-02 9.7772643E-02 9.8985098E-02 0.1004167 0.1015884 0.1024989 0.1032613 0.1027562 0.1033945 0.1091663 0.1136411 0.1199624 0.1264668 0.1322534 0.1379934 0.1439505 0.1488531 0.1538781 0.1585812 0.1647172 0.1699604 0.1739946 0.1798929 0.1840525 0.1880581 0.1905041 0.1948885 0.1983994 0.2015050 0.2054543 0.2070550 0.2083566 0.2113363
6.8420216E-02 6.7543320E-02 6.7976624E-02 6.8621233E-02 6.9982842E-02 6.9993645E-02 7.0793793E-02 7.1607336E-02 7.2926849E-02 7.2740093E-02 7.3293060E-02 7.4309185E-02 7.6710597E-02 7.9093635E-02 8.0602080E-02 8.2631648E-02 8.4740087E-02 8.6992085E-02 8.8900417E-02 9.1526344E-02 9.4563067E-02 9.4726853E-02 9.6730568E-02 9.8398522E-02 9.9949196E-02 0.1012819 0.1023624 0.1033173 0.1071647 0.1069866 0.1060590 0.1086743 0.1129625 0.1198453 0.1275786 0.1335372 0.1392972 0.1455697 0.1507943 0.1557597 0.1604507 0.1669296 0.1728520 0.1764572 0.1810465 0.1877246 0.1920016 0.1933732 0.1980259 0.2013821 0.2051342 0.2085990 0.2100908 0.2104737 0.2104748
3.4028235E+38 6.7876235E-02 6.9025792E-02 6.9883913E-02 6.8893924E-02 7.0270814E-02 7.1202040E-02 7.2148204E-02 7.3000044E-02 7.3746979E-02 7.4513137E-02 7.6432243E-02 7.8898653E-02 8.0675423E-02 8.2561433E-02 8.4507465E-02 8.6727336E-02 8.8675179E-02 9.0700239E-02 9.3792021E-02 9.5793426E-02 9.7414531E-02 9.9251643E-02 0.1000066 0.1045215 0.1025223 0.1035247 0.1046927 0.1055204 0.1054896 0.1043351 0.1053158 0.1127395 0.1201056 0.1278668 0.1346588 0.1409136 0.1475483 0.1529956 0.1587128 0.1648046 0.1698936 0.1758773 0.1803082 0.1845637 0.1909620 0.1943306 0.2003167 0.2007947 0.2047293 0.2063667 0.2079728 0.2091121 0.2105856 0.2117139
6.8013623E-02 6.7461200E-02 6.9044009E-02 7.0484713E-02 7.0020288E-02 7.1333215E-02 7.1929015E-02 7.3655598E-02 7.3824242E-02 7.3640719E-02 7.6306097E-02 7.8677759E-02 8.0549121E-02 8.2038105E-02 8.4108040E-02 8.5738622E-02 8.8172190E-02 9.0876542E-02 9.2395395E-02 9.4609514E-02 9.6691459E-02 9.8156855E-02 9.9580869E-02 0.1018218 0.1032411 0.1039344 0.1050403 0.1063351 0.1069619 0.1070167 0.1105896 0.1062473 0.1131261 0.1207767 0.1287915 0.1360356 0.1426833 0.1492351 0.1555570 0.1610697 0.1679291 0.1731604 0.1788166 0.1849378 0.1897571 0.1930083 0.1973624 0.2009452 0.2041940 0.2059031 0.2077288 0.2089660 0.2102260 0.2122173 0.2139315
6.7876324E-02 6.8436258E-02 7.0060842E-02 7.0795834E-02 7.1318977E-02 7.2385728E-02 7.2986856E-02 7.2964668E-02 7.4491166E-02 7.6282188E-02 7.8412101E-02 7.9854980E-02 8.2286015E-02 8.4426939E-02 8.6374536E-02 8.8227808E-02 8.9398496E-02 9.2224091E-02 9.3497753E-02 9.5859408E-02 9.7328678E-02 9.9087790E-02 0.1010905 0.1025658 0.1043502 0.1057810 0.1069296 0.1081366 0.1092121 0.1094623 0.1112797 0.1070884 0.1136271 0.1211811 0.1300353 0.1379021 0.1451166 0.1517432 0.1585219 0.1638667 0.1713129 0.1762261 0.1828893 0.1887444 0.1935507 0.1973997 0.2018923 0.2039098 0.2079855 0.2071595 0.2102079 0.2108430 0.2132960 0.2144237 0.2154064
6.7943409E-02 6.8826646E-02 6.9768965E-02 7.0952676E-02 7.2227858E-02 7.3279962E-02 7.4090049E-02 7.4646436E-02 7.6457739E-02 7.8382149E-02 7.9627424E-02 8.1447802E-02 8.4233768E-02 8.6147539E-02 8.8170201E-02 9.0060726E-02 9.1235526E-02 9.2952967E-02 9.5491156E-02 9.7233132E-02 9.9312387E-02 0.1011687 0.1028452 0.1043985 0.1060953 0.1076669 0.1087183 0.1125353 0.1113448 0.1111639 0.1111232 0.1082426 0.1113131 0.1228685 0.1318944 0.1403685 0.1477104 0.1546747 0.1614252 0.1674700 0.1741583 0.1814810 0.1864193 0.1924106 0.1958653 0.2025707 0.2036626 0.2049639 0.2068503 0.2081514 0.2110479 0.2127376 0.2145368 0.2152871 0.2171155
6.8539575E-02 7.0315748E-02 7.0549197E-02 7.1456119E-02 7.2977714E-02 7.3508874E-02 7.4813090E-02 7.6163962E-02 7.8383856E-02 8.0086216E-02 8.2128800E-02 8.3995879E-02 8.5877575E-02 8.7917186E-02 8.9838795E-02 9.1794640E-02 9.3650639E-02 9.4976954E-02 9.6659929E-02 9.8778188E-02 0.1011813 0.1021520 0.1042457 0.1061867 0.1079282 0.1096029 0.1112116 0.1135278 0.1143801 0.1155340 0.1151592 0.1163459 0.1169761 0.1260332 0.1345833 0.1435025 0.1510453 0.1581816 0.1649407 0.1711901 0.1776682 0.1839795 0.1899118 0.1960878 0.2003371 0.2020277 0.2040696 0.2056517 0.2074584 0.2096156 0.2116710 0.2132407 0.2158045 0.2169980 0.2192921
6.9264740E-02 7.0576847E-02 7.2420135E-02 7.2302945E-02 7.2819605E-02 7.4359164E-02 7.5575650E-02 7.7466801E-02 8.0123767E-02 8.2088858E-02 8.4578395E-02 8.5822567E-02 8.7664358E-02 8.9618415E-02 9.1435239E-02 9.3435079E-02 9.5233902E-02 9.6599795E-02 9.8835804E-02 0.1005550 0.1017731 0.1045782 0.1064572 0.1079640 0.1101139 0.1122952 0.1142524 0.1188810 0.1181849 0.1198972 0.1207482 0.1224869 0.1236551 0.1299018 0.1386380 0.1475555 0.1552645 0.1622917 0.1693727 0.1761534 0.1834993 0.1885676 0.1934371 0.1990753 0.2009668 0.2029754 0.2048245 0.2072434 0.2095739 0.2110291 0.2133474 0.2152557 0.2168669 0.2185767 0.2208369
7.1317904E-02 7.1647637E-02 7.2355181E-02 7.4049637E-02 7.4602604E-02 7.5234234E-02 7.7080667E-02 7.9712696E-02 8.1880957E-02 8.3703861E-02 8.5617155E-02 8.7734334E-02 9.7705461E-02 9.2603207E-02 9.2431262E-02 9.3815476E-02 9.6045464E-02 9.7689405E-02 0.1002348 0.1024023 0.1038908 0.1064603 0.1075096 0.1099468 0.1126849 0.1148444 0.1171006 0.1228390 0.1215633 0.1242993 0.1256681 0.1293332 0.1324300 0.1353492 0.1445248 0.1521314 0.1596529 0.1666826 0.1741021 0.1820956 0.1894932 0.1955594 0.1979651 0.1999844 0.2022128 0.2047697 0.2063676 0.2089128 0.2109576 0.2127241 0.2147099 0.2166099 0.2180857 0.2202897 0.2214251
7.2585352E-02 7.3329970E-02 7.3087797E-02 7.4002206E-02 7.5145796E-02 7.6872632E-02 7.9588935E-02 8.1461385E-02 8.2714066E-02 8.5118473E-02 8.6839437E-02 8.8114411E-02 9.0836771E-02 9.4137952E-02 9.4358929E-02 9.6599072E-02 9.9468328E-02 0.1003411 0.1013727 0.1033356 0.1063229 0.1075944 0.1096822 0.1127724 0.1153053 0.1176956 0.1203174 0.1230511 0.1252357 0.1281571 0.1307370 0.1352232 0.1445344 0.1451351 0.1511743 0.1576348 0.1649093 0.1719614 0.1798476 0.1876031 0.1946416 0.1964194 0.1995317 0.2015534 0.2037147 0.2055105 0.2088156 0.2102948 0.2127836 0.2147931 0.2166508 0.2185664 0.2202132 0.2215995 0.2233750
7.2441824E-02 7.3820636E-02 7.4635252E-02 7.5158522E-02 7.6714687E-02 7.8591414E-02 8.0447048E-02 8.3143361E-02 8.5010439E-02 8.6196348E-02 8.7921694E-02 8.9930907E-02 9.2163429E-02 9.5146783E-02 9.6179202E-02 9.8275952E-02 0.1001724 0.1020984 0.1039176 0.1052006 0.1078990 0.1102725 0.1128321 0.1153279 0.1179478 0.1201040 0.1233184 0.1298958 0.1289944 0.1320819 0.1356279 0.1408933 0.1462056 0.1566688 0.1585610 0.1640689 0.1714671 0.1782178 0.1852109 0.1925552 0.1951654 0.1987582 0.2020405 0.2040072 0.2045504 0.2077947 0.2107870 0.2122647 0.2145975 0.2165022 0.2181405 0.2200810 0.2214049 0.2228006 0.2247160
7.3167041E-02 7.4033782E-02 7.5102106E-02 7.6823696E-02 7.8553632E-02 8.0314800E-02 8.2161531E-02 8.4753491E-02 8.6513638E-02 8.7593541E-02 8.9530319E-02 9.2360675E-02 9.4821878E-02 9.6680254E-02 9.7867370E-02 9.9842541E-02 0.1018189 0.1037563 0.1049742 0.1070855 0.1094794 0.1127864 0.1146911 0.1174416 0.1192441 0.1221438 0.1258015 0.1290790 0.1327165 0.1360512 0.1400071 0.1453562 0.1520031 0.1586950 0.1646012 0.1706138 0.1774704 0.1844791 0.1878700 0.1928478 0.1978129 0.1998876 0.2022198 0.2050149 0.2066570 0.2095351 0.2125738 0.2147431 0.2167566 0.2181266 0.2197460 0.2221289 0.2236282 0.2245685 0.2256134
7.4866191E-02 7.5210124E-02 7.6771677E-02 7.9241209E-02 8.0986254E-02 8.2005128E-02 8.3709762E-02 8.5339710E-02 8.7121643E-02 8.9159928E-02 9.1392025E-02 9.3772605E-02 9.5941983E-02 9.8005861E-02 9.9634677E-02 0.1017235 0.1026514 0.1046686 0.1066509 0.1095912 0.1116782 0.1142121 0.1166094 0.1192813 0.1216430 0.1254771 0.1287408 0.1323040 0.1360923 0.1399145 0.1445895 0.1497526 0.1560001 0.1687937 0.1717365 0.1759220 0.1825943 0.1853422 0.1902635 0.1947836 0.1987970 0.2014634 0.2032818 0.2070299 0.2089222 0.2121653 0.2148189 0.2165204 0.2178351 0.2197366 0.2213375 0.2229044 0.2246239 0.2257761 0.2268997
