LUCAS_GEMMES_COP27/includes/subsidence/Scenario_M1/tmp/TOT_SUBSIDENCE_2040_SINCE_2018_MKD_ONLY.ASC
NCOLS                318
NROWS                364
XLLCORNER      400000.00
YLLCORNER      907000.00
CELLSIZE         1000.00
NODATA_VALUE    0.3402823E+39
[rows 144 to 167 of 364, columns 110 to 164 of 318]
9.1395989E-02 9.2890911E-02 9.4477303E-02 9.6210063E-02 9.7672611E-02 9.9030986E-02 9.9918857E-02 0.1012840 0.1032819 0.1043358 0.1053512 0.1064233 0.1074613 0.1078721 0.1087529 0.1106550 0.1117538 0.1123143 0.1134630 0.1147572 0.1159625 0.1172871 0.1185789 0.1206157 0.1213515 0.1227857 0.1249978 0.1258123 0.1272643 0.1289694 0.1315858 0.1346630 0.1366672 0.1381602 0.1396595 0.1406421 0.1425652 0.1434468 0.1447091 0.1459814 0.1465740 0.1474959 0.1481611 0.1485710 0.1489566 0.1494794 0.1493520 0.1493052 0.1491043 0.1485371 0.1475862 0.1461829 0.1444466 0.1422902 0.1393819
9.3195416E-02 9.4745703E-02 9.6208416E-02 9.7654149E-02 9.9020794E-02 9.9839270E-02 0.1014140 0.1033838 0.1050681 0.1057741 0.1070053 0.1080461 0.1089981 0.1093465 0.1111265 0.1123027 0.1134417 0.1145867 0.1149454 0.1160728 0.1172354 0.1184318 0.1203024 0.1215874 0.1229526 0.1232227 0.1244825 0.1267046 0.1275458 0.1302170 0.1324770 0.1353218 0.1372520 0.1385409 0.1399312 0.1409174 0.1423430 0.1437460 0.1451012 0.1464984 0.1469578 0.1479176 0.1481657 0.1486682 0.1494471 0.1497656 0.1495081 0.1494967 0.1491139 0.1484123 0.1473592 0.1459947 0.1443802 0.1420770 0.1395984
9.4913125E-02 9.6188143E-02 9.7866699E-02 9.9181965E-02 0.1005610 0.1014534 0.1035070 0.1049343 0.1062325 0.1073840 0.1085041 0.1095239 0.1098034 0.1107836 0.1119092 0.1138353 0.1149942 0.1160907 0.1171813 0.1174376 0.1184017 0.1196389 0.1206807 0.1225937 0.1236080 0.1245801 0.1247106 0.1263315 0.1289939 0.1318815 0.1332142 0.1351551 0.1377769 0.1391588 0.1408023 0.1415036 0.1428451 0.1449997 0.1457464 0.1468182 0.1476248 0.1482359 0.1485707 0.1490972 0.1495687 0.1496856 0.1497395 0.1495996 0.1490256 0.1483798 0.1475026 0.1462437 0.1445237 0.1421555 0.1392637
9.6556030E-02 9.7939231E-02 9.9254325E-02 0.1007099 0.1013639 0.1027928 0.1048249 0.1062203 0.1075225 0.1087912 0.1097008 0.1100393 0.1110464 0.1127477 0.1133047 0.1144269 0.1162621 0.1173871 0.1183706 0.1185690 0.1202947 0.1204654 0.1213067 0.1222119 0.1237802 0.1246678 0.1254246 0.1280175 0.1299540 0.1326842 0.1344676 0.1356189 0.1383621 0.1392425 0.1407790 0.1423864 0.1437829 0.1454674 0.1460733 0.1469784 0.1482880 0.1486826 0.1490317 0.1497358 0.1501090 0.1500573 0.1501213 0.1498449 0.1494560 0.1488348 0.1477572 0.1464241 0.1447215 0.1424402 0.1393674
9.8100238E-02 9.9487931E-02 0.1009032 0.1015251 0.1026414 0.1046171 0.1064589 0.1078030 0.1089471 0.1102161 0.1105111 0.1113738 0.1131515 0.1142523 0.1154641 0.1157064 0.1166783 0.1185336 0.1186530 0.1196643 0.1213911 0.1222238 0.1219685 0.1226357 0.1230769 0.1244054 0.1272415 0.1299039 0.1308568 0.1328530 0.1355080 0.1368224 0.1385103 0.1399752 0.1417847 0.1427783 0.1443305 0.1459934 0.1467103 0.1476476 0.1487218 0.1490646 0.1497042 0.1501776 0.1505228 0.1504977 0.1504342 0.1502400 0.1501158 0.1493737 0.1482158 0.1468723 0.1451599 0.1429790 0.1399184
9.9594392E-02 0.1007738 0.1015116 0.1029248 0.1043969 0.1047589 0.1073345 0.1093682 0.1104043 0.1114842 0.1118337 0.1133785 0.1142867 0.1155657 0.1167963 0.1177843 0.1177913 0.1188501 0.1197585 0.1214593 0.1222850 0.1229579 0.1226099 0.1228051 0.1238394 0.1262939 0.1290795 0.1311519 0.1326170 0.1338797 0.1357529 0.1374991 0.1392706 0.1412757 0.1425009 0.1438430 0.1449542 0.1462329 0.1472777 0.1481565 0.1489068 0.1498453 0.1506106 0.1508985 0.1509294 0.1510397 0.1511093 0.1509356 0.1507698 0.1497308 0.1488038 0.1475522 0.1459661 0.1438779 0.1409309
0.1008698 0.1015369 0.1029466 0.1048709 0.1051585 0.1056934 0.1088401 0.1104742 0.1116010 0.1119378 0.1129425 0.1144322 0.1154425 0.1165439 0.1177799 0.1189096 0.1187922 0.1198838 0.1207652 0.1215650 0.1230280 0.1236464 0.1241414 0.1237515 0.1258144 0.1275322 0.1296037 0.1323301 0.1339809 0.1355431 0.1364985 0.1381556 0.1400983 0.1421187 0.1433757 0.1448053 0.1457706 0.1469608 0.1479068 0.1485204 0.1496046 0.1508008 0.1514790 0.1516004 0.1518252 0.1517896 0.1517729 0.1518268 0.1516422 0.1507304 0.1497476 0.1486387 0.1472307 0.1454185 0.1423647
0.1021097 0.1028085 0.1048446 0.1062245 0.1070796 0.1088470 0.1104292 0.1115842 0.1120177 0.1130768 0.1141393 0.1155998 0.1166779 0.1179028 0.1189147 0.1189872 0.1199715 0.1218337 0.1225571 0.1224332 0.1230730 0.1244497 0.1240836 0.1248492 0.1272760 0.1290414 0.1308587 0.1333681 0.1349481 0.1359708 0.1375777 0.1398042 0.1411074 0.1430924 0.1444475 0.1454203 0.1464564 0.1480617 0.1490859 0.1497715 0.1506275 0.1513565 0.1519383 0.1524869 0.1530916 0.1524779 0.1525975 0.1525458 0.1524458 0.1518313 0.1510191 0.1500111 0.1486653 0.1465271 0.1441755
0.1025850 0.1038941 0.1062355 0.1076320 0.1085815 0.1101724 0.1116352 0.1118867 0.1126923 0.1151011 0.1153382 0.1161769 0.1174062 0.1193458 0.1192749 0.1199535 0.1219668 0.1228562 0.1234813 0.1240995 0.1239552 0.1244048 0.1251235 0.1281721 0.1295125 0.1304963 0.1321613 0.1338720 0.1355239 0.1371186 0.1392791 0.1410287 0.1421936 0.1436666 0.1450425 0.1463649 0.1471902 0.1483862 0.1494835 0.1504246 0.1514302 0.1522109 0.1527660 0.1531089 0.1534768 0.1534565 0.1536702 0.1537491 0.1530522 0.1524496 0.1521882 0.1513935 0.1499773 0.1484529 0.1467543
0.1040695 0.1059054 0.1075880 0.1089786 0.1101067 0.1112507 0.1122216 0.1125794 0.1145692 0.1162009 0.1167784 0.1183445 0.1186120 0.1195418 0.1200193 0.1217257 0.1229249 0.1237662 0.1245584 0.1249588 0.1246713 0.1253905 0.1274696 0.1288797 0.1311341 0.1326531 0.1335438 0.1351674 0.1368153 0.1388991 0.1404575 0.1421191 0.1435601 0.1445967 0.1460079 0.1476480 0.1484781 0.1492940 0.1503084 0.1512305 0.1522850 0.1533137 0.1538482 0.1539149 0.1540948 0.1542746 0.1543367 0.1543718 0.1539211 0.1535122 0.1533065 0.1526653 0.1514162 0.1504571 0.1494654
0.1061671 0.1075093 0.1088708 0.1102138 0.1114428 0.1126000 0.1128297 0.1137957 0.1161181 0.1173763 0.1185130 0.1195674 0.1196777 0.1205699 0.1210779 0.1227383 0.1237423 0.1246945 0.1253241 0.1249306 0.1257435 0.1277435 0.1298978 0.1306105 0.1320818 0.1341926 0.1350916 0.1366169 0.1381335 0.1396661 0.1416550 0.1427263 0.1441161 0.1455128 0.1471664 0.1484693 0.1495509 0.1503332 0.1513025 0.1524586 0.1534683 0.1542654 0.1548260 0.1552113 0.1554536 0.1553589 0.1552265 0.1551589 0.1550294 0.1546603 0.1541761 0.1536575 0.1529133 0.1522921 0.1518215
0.1075635 0.1088890 0.1102752 0.1115688 0.1127545 0.1132276 0.1143647 0.1162750 0.1174197 0.1182580 0.1194774 0.1206252 0.1207591 0.1224493 0.1222875 0.1230188 0.1240010 0.1256085 0.1254090 0.1261002 0.1288511 0.1293032 0.1307710 0.1330130 0.1336911 0.1352153 0.1368481 0.1380912 0.1395625 0.1410564 0.1425790 0.1440326 0.1458410 0.1469991 0.1482761 0.1495391 0.1504019 0.1514578 0.1524885 0.1535140 0.1544966 0.1549864 0.1555839 0.1562165 0.1564396 0.1565851 0.1565359 0.1563607 0.1563143 0.1559967 0.1552982 0.1547378 0.1541559 0.1536322 0.1532653
0.1089357 0.1102882 0.1116292 0.1128989 0.1140616 0.1144963 0.1156060 0.1167033 0.1186323 0.1196991 0.1207579 0.1208879 0.1217893 0.1234703 0.1243442 0.1251463 0.1250125 0.1256935 0.1263786 0.1292288 0.1306177 0.1316759 0.1324408 0.1340308 0.1359915 0.1368093 0.1382543 0.1396427 0.1412217 0.1426595 0.1439928 0.1457923 0.1469593 0.1483379 0.1493823 0.1505311 0.1515972 0.1528526 0.1535866 0.1547121 0.1556718 0.1559261 0.1564266 0.1570929 0.1574822 0.1576650 0.1576659 0.1574842 0.1572768 0.1566948 0.1561988 0.1556714 0.1550605 0.1544787 0.1540774
0.1101843 0.1115852 0.1128978 0.1141546 0.1146261 0.1157474 0.1176171 0.1179205 0.1190132 0.1200474 0.1210620 0.1222403 0.1236514 0.1246044 0.1253688 0.1261173 0.1259326 0.1266801 0.1287733 0.1301648 0.1323239 0.1337260 0.1349935 0.1356953 0.1370974 0.1384859 0.1403552 0.1412830 0.1426314 0.1442740 0.1454642 0.1468344 0.1484076 0.1496852 0.1509072 0.1518289 0.1529455 0.1541384 0.1547689 0.1556141 0.1565751 0.1571856 0.1579134 0.1583487 0.1587013 0.1584918 0.1584258 0.1583071 0.1580345 0.1574876 0.1569976 0.1564668 0.1557339 0.1549778 0.1543010
0.1114514 0.1128421 0.1141560 0.1153765 0.1159432 0.1178034 0.1189547 0.1199861 0.1210144 0.1212014 0.1222181 0.1240951 0.1250216 0.1255553 0.1263209 0.1264358 0.1271284 0.1290557 0.1312897 0.1320460 0.1336135 0.1350926 0.1369654 0.1376182 0.1387940 0.1401932 0.1415641 0.1433890 0.1442991 0.1458844 0.1470362 0.1484028 0.1498739 0.1511896 0.1526195 0.1532634 0.1545338 0.1555346 0.1563169 0.1570282 0.1579449 0.1586414 0.1591478 0.1593086 0.1597798 0.1598103 0.1595056 0.1593434 0.1589751 0.1583557 0.1577633 0.1572077 0.1564161 0.1554770 0.1550923
0.1127781 0.1141067 0.1154703 0.1162456 0.1173912 0.1191552 0.1202418 0.1212770 0.1214238 0.1224232 0.1234078 0.1244843 0.1259359 0.1266938 0.1266199 0.1272819 0.1302032 0.1307058 0.1321531 0.1344717 0.1361034 0.1369975 0.1378948 0.1393893 0.1414459 0.1425144 0.1432570 0.1446434 0.1459968 0.1477619 0.1490106 0.1499401 0.1513808 0.1527737 0.1534230 0.1547829 0.1560090 0.1569631 0.1575738 0.1584563 0.1593490 0.1601187 0.1603467 0.1605290 0.1608537 0.1610902 0.1609390 0.1604159 0.1599568 0.1592810 0.1584919 0.1577343 0.1568817 0.1560391 0.1558674
0.1142313 0.1154894 0.1170202 0.1178638 0.1197611 0.1206717 0.1215618 0.1217948 0.1227228 0.1245623 0.1255713 0.1255311 0.1262420 0.1269246 0.1276769 0.1298593 0.1320664 0.1335680 0.1342950 0.1356758 0.1376150 0.1383655 0.1397079 0.1411477 0.1430828 0.1442755 0.1455874 0.1463743 0.1477492 0.1494324 0.1509082 0.1521401 0.1530877 0.1541416 0.1550756 0.1565919 0.1576315 0.1586338 0.1592547 0.1602426 0.1607026 0.1611318 0.1615674 0.1618802 0.1620040 0.1619084 0.1619016 0.1614693 0.1609343 0.1602031 0.1592576 0.1582746 0.1573646 0.1571716 0.1566271
0.1150648 0.1170488 0.1185293 0.1193385 0.1212802 0.1221119 0.1229992 0.1231423 0.1249858 0.1258954 0.1267938 0.1274281 0.1274160 0.1280787 0.1302502 0.1317984 0.1332905 0.1354378 0.1368248 0.1375692 0.1389223 0.1402472 0.1420974 0.1429327 0.1442180 0.1455844 0.1468771 0.1481940 0.1499147 0.1512213 0.1519346 0.1534016 0.1550341 0.1559575 0.1571508 0.1584052 0.1593768 0.1601442 0.1609573 0.1616138 0.1621266 0.1626045 0.1629673 0.1631864 0.1633537 0.1632402 0.1631307 0.1626289 0.1619180 0.1610953 0.1601605 0.1590366 0.1587865 0.1582634 0.1577727
0.1166114 0.1185988 0.1194619 0.1209003 0.1228112 0.1236461 0.1237831 0.1247194 0.1264113 0.1272318 0.1282077 0.1288997 0.1286732 0.1315469 0.1322480 0.1338490 0.1353739 0.1367326 0.1388398 0.1394444 0.1408199 0.1422447 0.1442133 0.1456453 0.1467693 0.1474470 0.1487498 0.1505236 0.1517619 0.1526123 0.1539658 0.1555170 0.1566523 0.1577268 0.1593974 0.1601624 0.1607860 0.1617632 0.1625830 0.1632748 0.1637121 0.1642289 0.1645036 0.1646828 0.1650586 0.1648011 0.1643907 0.1639202 0.1629706 0.1621148 0.1610149 0.1606199 0.1600043 0.1594563 0.1588887
0.1184149 0.1196533 0.1212342 0.1233280 0.1244645 0.1245673 0.1256126 0.1276934 0.1279888 0.1288494 0.1299535 0.1299683 0.1314234 0.1336581 0.1351377 0.1358476 0.1371148 0.1386302 0.1403726 0.1416068 0.1435824 0.1443975 0.1456743 0.1474773 0.1486717 0.1494586 0.1506853 0.1518851 0.1531345 0.1540100 0.1561180 0.1573830 0.1583007 0.1600499 0.1614866 0.1616610 0.1625458 0.1635965 0.1642264 0.1649156 0.1654691 0.1661721 0.1662603 0.1665529 0.1668851 0.1662048 0.1656765 0.1650671 0.1642876 0.1631164 0.1621994 0.1616331 0.1611150 0.1605357 0.1599158
0.1204031 0.1223857 0.1239749 0.1253368 0.1256815 0.1266269 0.1282395 0.1292040 0.1296186 0.1304738 0.1304566 0.1325669 0.1336898 0.1358373 0.1372916 0.1386960 0.1393611 0.1408057 0.1425830 0.1437957 0.1457731 0.1471969 0.1477986 0.1489117 0.1501414 0.1514604 0.1531062 0.1539448 0.1551172 0.1563514 0.1578566 0.1594259 0.1609639 0.1623877 0.1629140 0.1636064 0.1644293 0.1652888 0.1660223 0.1665026 0.1673245 0.1681867 0.1680195 0.1681095 0.1679992 0.1682964 0.1674443 0.1665099 0.1653861 0.1645516 0.1636310 0.1628936 0.1622368 0.1616613 0.1612155
0.1224200 0.1240997 0.1259943 0.1269069 0.1280950 0.1294515 0.1308646 0.1314818 0.1316917 0.1312882 0.1332644 0.1353252 0.1361283 0.1377794 0.1396568 0.1409075 0.1415866 0.1431615 0.1447822 0.1459572 0.1472940 0.1492969 0.1505288 0.1511585 0.1524392 0.1541947 0.1552520 0.1561315 0.1574123 0.1589447 0.1601619 0.1614007 0.1629644 0.1642780 0.1649044 0.1657392 0.1665336 0.1670847 0.1679204 0.1685930 0.1692039 0.1697263 0.1699686 0.1700154 0.1698731 0.1691121 0.1684700 0.1675868 0.1668192 0.1657268 0.1651107 0.1636353 0.1632221 0.1627487 0.1625491
0.1249507 0.1264310 0.1280438 0.1294748 0.1314716 0.1326715 0.1335619 0.1340394 0.1332098 0.1346983 0.1365559 0.1377542 0.1391229 0.1399502 0.1414779 0.1426875 0.1442071 0.1462130 0.1469643 0.1486414 0.1493815 0.1507706 0.1526506 0.1534815 0.1549366 0.1566255 0.1574727 0.1582644 0.1598556 0.1610939 0.1622907 0.1632146 0.1651047 0.1661100 0.1668063 0.1677254 0.1687827 0.1692307 0.1700550 0.1707127 0.1712671 0.1718666 0.1723670 0.1727628 0.1719786 0.1705367 0.1705867 0.1692257 0.1681123 0.1673507 0.1666894 0.1650034 0.1644019 0.1636685 0.1631400
0.1273115 0.1289799 0.1309966 0.1335138 0.1348074 0.1356782 0.1363617 0.1356023 0.1366667 0.1376217 0.1394722 0.1407981 0.1418493 0.1427734 0.1435244 0.1448145 0.1469825 0.1484888 0.1490137 0.1501398 0.1520815 0.1529544 0.1543798 0.1558042 0.1571930 0.1587456 0.1592779 0.1604757 0.1620710 0.1632819 0.1643740 0.1655350 0.1668048 0.1674042 0.1684861 0.1697711 0.1713703 0.1719132 0.1723303 0.1730838 0.1736737 0.1742083 0.1746576 0.1746814 0.1741031 0.1728454 0.1720219 0.1706419 0.1691999 0.1681465 0.1673914 0.1662412 0.1655246 0.1648114 0.1640489
