LUCAS_GEMMES_COP27/includes/subsidence/Scenario_M1/tmp/TOT_SUBSIDENCE_2060_SINCE_2018_MKD_ONLY.ASC
NCOLS                318
NROWS                364
XLLCORNER      400000.00
YLLCORNER      907000.00
CELLSIZE         1000.00
NODATA_VALUE    0.3402823E+39
[rows 72 to 95 of 364, columns 110 to 164 of 318]
4.0700883E-02 4.1021876E-02 4.1343275E-02 4.1676726E-02 4.2098422E-02 4.2484649E-02 4.3140084E-02 4.3725792E-02 4.7358405E-02 4.9913011E-02 4.9502298E-02 4.7313172E-02 5.3342097E-02 5.4204240E-02 4.9911547E-02 4.9675725E-02 5.0609618E-02 5.1332705E-02 5.2259091E-02 5.3512745E-02 5.4479748E-02 5.5669356E-02 5.6998447E-02 5.8367975E-02 5.9761006E-02 6.1680853E-02 6.2574208E-02 6.4025551E-02 6.5740451E-02 6.7158207E-02 6.8598196E-02 7.0181504E-02 7.1501955E-02 7.3110588E-02 7.5074762E-02 7.7042162E-02 7.9045489E-02 8.0605224E-02 8.2636595E-02 8.4489904E-02 8.6580664E-02 8.8960342E-02 9.1659009E-02 9.3380965E-02 9.5756166E-02 9.8086640E-02 0.1005123 0.1026290 0.1060837 0.1085840 0.1110878 0.1130694 0.1145560 0.1157929 0.1177885
4.0324997E-02 4.0698588E-02 4.1044574E-02 4.1232936E-02 4.1675132E-02 4.2161554E-02 4.2891689E-02 4.3422915E-02 4.4629034E-02 4.5591354E-02 4.5929097E-02 5.2368693E-02 5.5423878E-02 5.5032805E-02 5.4949969E-02 5.0209343E-02 5.0657250E-02 5.1258024E-02 5.2387852E-02 5.3664904E-02 5.5031452E-02 5.5561345E-02 5.7173397E-02 5.8513366E-02 5.9778534E-02 6.1052326E-02 6.2506638E-02 6.4137936E-02 6.5840781E-02 6.7420676E-02 6.8823069E-02 7.0433080E-02 7.2597049E-02 7.3460944E-02 7.5638369E-02 7.7211924E-02 7.9107560E-02 8.0905914E-02 8.3252281E-02 8.5802943E-02 8.7587714E-02 8.9463390E-02 9.1814153E-02 9.5509678E-02 9.8354571E-02 0.1010776 0.1034950 0.1060390 0.1086966 0.1103421 0.1129487 0.1119465 0.1154102 0.1165495 0.1188754
3.9912332E-02 4.0126722E-02 4.0536854E-02 4.0908169E-02 4.1603241E-02 4.2061087E-02 4.2457752E-02 4.3281525E-02 4.4495754E-02 5.0208941E-02 4.5762718E-02 4.5770381E-02 4.7807824E-02 5.0655343E-02 4.9028777E-02 4.9658570E-02 5.0107583E-02 5.1196009E-02 5.5297568E-02 5.6953616E-02 5.5531397E-02 5.6015488E-02 5.7720263E-02 5.9426475E-02 6.0445163E-02 6.1706021E-02 6.2874794E-02 6.4459808E-02 6.5748863E-02 6.7596674E-02 6.9794357E-02 7.0644565E-02 7.2509974E-02 7.3671818E-02 7.5308912E-02 7.7127889E-02 7.9171121E-02 8.0843620E-02 8.4107079E-02 8.7688960E-02 9.0302050E-02 9.2070587E-02 9.5054694E-02 9.8040141E-02 0.1010272 0.1049944 0.1069391 0.1073112 0.1093005 0.1111347 0.1132345 0.1127218 0.1166806 0.1183953 0.1201174
3.9339129E-02 3.9721392E-02 4.0293094E-02 4.0748626E-02 4.1221842E-02 4.1747276E-02 4.2333528E-02 4.2483345E-02 4.3770846E-02 4.7212884E-02 5.0661825E-02 4.6274707E-02 4.6899144E-02 4.8253406E-02 5.3849652E-02 4.9386654E-02 5.0042022E-02 5.1689148E-02 5.3175438E-02 5.3974558E-02 5.4618094E-02 5.5541649E-02 5.7583779E-02 6.4661264E-02 6.1100483E-02 6.7456022E-02 6.3358933E-02 6.4802662E-02 6.5665171E-02 6.7654788E-02 6.9890425E-02 7.0727564E-02 7.2349995E-02 7.4110545E-02 7.5973332E-02 7.8226298E-02 8.0384262E-02 8.3632022E-02 8.6400308E-02 8.8555999E-02 9.1421686E-02 9.4130658E-02 9.6875377E-02 9.9988498E-02 0.1020090 0.1043137 0.1066795 0.1088192 0.1118452 0.1126078 0.1147212 0.1164632 0.1182513 0.1199777 0.1213654
3.9144982E-02 3.9523877E-02 3.9908521E-02 4.0141616E-02 4.0628955E-02 4.1154400E-02 4.1773442E-02 4.2132080E-02 4.2955548E-02 4.3838177E-02 4.5649327E-02 5.1075347E-02 4.7035452E-02 5.3230904E-02 5.4159045E-02 4.9988724E-02 5.0719727E-02 5.7105154E-02 5.9160128E-02 6.0456425E-02 5.4539256E-02 5.5179123E-02 5.6446385E-02 5.8447942E-02 6.7218073E-02 6.2405847E-02 6.4296886E-02 6.3943058E-02 6.5511882E-02 6.7099139E-02 6.8957999E-02 7.0740119E-02 7.2442353E-02 7.4383102E-02 7.6491013E-02 7.8710429E-02 8.0960497E-02 8.3557323E-02 8.6190104E-02 8.9251563E-02 9.2198871E-02 9.4957486E-02 9.7653165E-02 0.1010597 0.1038758 0.1066018 0.1078818 0.1099140 0.1119556 0.1143306 0.1160868 0.1180020 0.1197238 0.1215198 0.1229649
3.9144725E-02 4.0045299E-02 4.0489160E-02 4.0142961E-02 4.0286969E-02 4.1018452E-02 4.1442838E-02 4.2301174E-02 4.2927682E-02 4.3352738E-02 4.4783410E-02 5.0374810E-02 4.6783112E-02 4.7475461E-02 4.8434660E-02 4.8773661E-02 4.9124867E-02 5.0088175E-02 5.2272793E-02 5.8892079E-02 5.4156497E-02 5.4692116E-02 5.6072600E-02 5.8056217E-02 5.9843186E-02 6.2354222E-02 6.7925848E-02 6.4105041E-02 6.5264001E-02 6.6583835E-02 6.8582021E-02 7.0534371E-02 7.2301477E-02 7.4619062E-02 7.7030592E-02 7.9264730E-02 8.1921227E-02 8.4657505E-02 8.7206639E-02 8.9990869E-02 9.2870675E-02 9.5727630E-02 9.8517261E-02 0.1011012 0.1039970 0.1077214 0.1100442 0.1113112 0.1134827 0.1159680 0.1176912 0.1194871 0.1221289 0.1229279 0.1244134
3.9800812E-02 4.0445942E-02 4.0766552E-02 4.0952608E-02 4.0760323E-02 4.1020561E-02 4.1414127E-02 4.1945830E-02 4.2603102E-02 4.2691696E-02 4.3670531E-02 4.5585286E-02 4.5570903E-02 4.5957014E-02 4.6859995E-02 4.7046367E-02 4.8196182E-02 5.0110869E-02 5.0813571E-02 5.2297171E-02 5.3386945E-02 6.0922012E-02 5.7013322E-02 5.8043681E-02 5.9347302E-02 6.1533470E-02 6.3127875E-02 6.4191505E-02 6.5557651E-02 6.6402406E-02 6.8024524E-02 7.0412099E-02 7.3061042E-02 7.4859403E-02 7.7397004E-02 8.0588534E-02 8.2711197E-02 8.5886620E-02 8.8166177E-02 9.0972401E-02 9.3631841E-02 9.6555650E-02 9.9439889E-02 0.1021109 0.1049022 0.1087753 0.1102437 0.1126107 0.1153024 0.1183035 0.1192612 0.1210549 0.1227904 0.1245528 0.1260480
3.9344456E-02 4.0100038E-02 4.0600836E-02 4.0756997E-02 4.0917482E-02 4.1235842E-02 4.1500755E-02 4.1893415E-02 4.2194560E-02 4.2733654E-02 4.3081094E-02 4.4560313E-02 4.4708006E-02 4.5427717E-02 4.6301153E-02 4.6329208E-02 4.7535680E-02 4.9357101E-02 5.0180677E-02 5.1844366E-02 5.3742178E-02 5.5330291E-02 5.6382950E-02 5.8176752E-02 5.9406146E-02 6.0990497E-02 6.2681228E-02 6.8952456E-02 6.4605772E-02 6.6685952E-02 6.7598447E-02 6.9971591E-02 7.3037975E-02 7.5746611E-02 7.7990845E-02 8.0756597E-02 8.3537452E-02 8.6712010E-02 8.8960528E-02 9.1901876E-02 9.4677456E-02 9.7525962E-02 0.1005596 0.1033957 0.1060528 0.1088240 0.1115638 0.1141003 0.1167753 0.1195902 0.1204707 0.1222987 0.1243972 0.1260385 0.1278589
3.9583538E-02 3.9850876E-02 4.0254988E-02 4.0628634E-02 4.1638456E-02 4.1236077E-02 4.1796319E-02 4.2163137E-02 4.3303229E-02 4.3007065E-02 4.3372940E-02 4.4071384E-02 4.3911107E-02 4.4863231E-02 4.5725334E-02 4.5942660E-02 4.8281785E-02 5.0017498E-02 5.1359821E-02 5.2963439E-02 5.4445397E-02 5.5972598E-02 5.7545055E-02 5.8052987E-02 5.9521593E-02 6.0833462E-02 6.1911546E-02 6.3801467E-02 6.4379171E-02 6.6686630E-02 6.7349218E-02 6.9447190E-02 7.2384566E-02 7.5707532E-02 7.8198195E-02 8.1415087E-02 8.4795840E-02 8.7123655E-02 9.0386741E-02 9.2932105E-02 9.5783338E-02 9.8689213E-02 0.1029432 0.1060356 0.1084578 0.1102302 0.1130685 0.1158038 0.1181377 0.1204049 0.1223077 0.1242647 0.1262182 0.1278692 0.1295220
4.0640529E-02 4.0124629E-02 4.1351803E-02 4.1924573E-02 4.2374324E-02 4.1708469E-02 4.2217288E-02 4.2542778E-02 4.3683242E-02 4.3340735E-02 4.3749783E-02 4.3861233E-02 4.3931786E-02 4.4160131E-02 4.5784257E-02 4.6946794E-02 4.8463847E-02 5.0239272E-02 5.2155405E-02 5.3245448E-02 5.5051181E-02 5.5517722E-02 5.7829190E-02 5.8767360E-02 5.9818033E-02 6.1025355E-02 6.2306270E-02 6.3499346E-02 6.3995168E-02 6.4192489E-02 6.6998668E-02 6.8755403E-02 7.2406612E-02 7.5666353E-02 7.9004057E-02 8.1853956E-02 8.5391752E-02 8.8001736E-02 9.1407113E-02 9.4127253E-02 9.6801333E-02 9.9770099E-02 0.1029103 0.1066093 0.1090776 0.1117885 0.1145570 0.1172345 0.1196870 0.1219684 0.1246971 0.1261978 0.1279269 0.1307489 0.1315477
4.0106926E-02 4.0349700E-02 4.1472383E-02 4.1842405E-02 4.2253532E-02 4.1931603E-02 4.2381823E-02 4.3117892E-02 4.3462515E-02 4.3570418E-02 4.3881815E-02 4.3745711E-02 4.4408914E-02 4.5206167E-02 4.6617597E-02 4.8088841E-02 4.9569931E-02 5.0689604E-02 5.1962037E-02 5.3719893E-02 5.5041745E-02 5.6585766E-02 5.8319055E-02 5.9321418E-02 6.0253073E-02 6.1388724E-02 6.2351681E-02 6.3223280E-02 6.3804306E-02 6.5752842E-02 6.6674806E-02 6.8398215E-02 7.1512461E-02 7.5607210E-02 7.8795098E-02 8.2465790E-02 8.5628532E-02 8.8946074E-02 9.2055455E-02 9.5275521E-02 9.8583251E-02 0.1017414 0.1043107 0.1074818 0.1106980 0.1148168 0.1163776 0.1191317 0.1218580 0.1240542 0.1275452 0.1281987 0.1297648 0.1319355 0.1338641
4.0358156E-02 4.0742300E-02 4.0832307E-02 4.1210931E-02 4.1600421E-02 4.2057388E-02 4.2658020E-02 4.3263011E-02 4.3353062E-02 4.3539811E-02 4.3655880E-02 4.4287611E-02 4.5218587E-02 4.6496533E-02 4.7744818E-02 4.9283069E-02 5.0417293E-02 5.1737718E-02 5.3261343E-02 5.4567024E-02 5.6037046E-02 5.7338256E-02 5.8800660E-02 5.9913982E-02 6.0794525E-02 6.1794922E-02 6.2655225E-02 6.3378431E-02 6.4037830E-02 6.3885778E-02 6.4400263E-02 6.8068832E-02 7.0966646E-02 7.5111583E-02 7.9203539E-02 8.2887478E-02 8.6642452E-02 9.0589970E-02 9.3723424E-02 9.6896730E-02 9.9889360E-02 0.1038894 0.1072919 0.1098653 0.1137725 0.1164993 0.1191530 0.1207071 0.1236589 0.1259857 0.1280644 0.1306819 0.1318865 0.1328978 0.1350309
4.1392427E-02 4.0724024E-02 4.0973034E-02 4.1360360E-02 4.2175401E-02 4.2212803E-02 4.2736311E-02 4.3193426E-02 4.4075724E-02 4.3906469E-02 4.4277180E-02 4.4974420E-02 4.6392653E-02 4.7895178E-02 4.8879430E-02 5.0164577E-02 5.1445398E-02 5.2893922E-02 5.4126576E-02 5.5763617E-02 5.7629894E-02 5.7903118E-02 5.9210181E-02 6.0338344E-02 6.1412368E-02 6.2344432E-02 6.3149124E-02 6.3897781E-02 6.6705227E-02 6.6754483E-02 6.6307798E-02 6.7865439E-02 7.0599534E-02 7.5022019E-02 8.0106281E-02 8.3747134E-02 8.7508515E-02 9.1609322E-02 9.4892778E-02 9.8005407E-02 0.1010388 0.1052894 0.1091586 0.1114236 0.1144089 0.1188837 0.1217205 0.1225366 0.1256978 0.1279266 0.1304057 0.1329606 0.1340525 0.1343721 0.1344086
3.4028235E+38 4.0907975E-02 4.1677400E-02 4.2227615E-02 4.1515775E-02 4.2357378E-02 4.2934999E-02 4.3521915E-02 4.4073522E-02 4.4588674E-02 4.5010254E-02 4.6202969E-02 4.7748212E-02 4.8876248E-02 5.0034318E-02 5.1264014E-02 5.2683022E-02 5.3931594E-02 5.5229038E-02 5.7125170E-02 5.8389295E-02 5.9487693E-02 6.0701739E-02 6.1325185E-02 6.4496458E-02 6.3124292E-02 6.3875258E-02 6.4725704E-02 6.5398008E-02 6.5581582E-02 6.5148532E-02 6.5901667E-02 7.0550129E-02 7.5247988E-02 8.0251209E-02 8.4503420E-02 8.8483267E-02 9.2740305E-02 9.6219622E-02 0.1000273 0.1039432 0.1071880 0.1110911 0.1139297 0.1166799 0.1209533 0.1231672 0.1272538 0.1274657 0.1300634 0.1313062 0.1324931 0.1333457 0.1344341 0.1352533
4.1074861E-02 4.0646046E-02 4.1677363E-02 4.2638507E-02 4.2204067E-02 4.3019969E-02 4.3407798E-02 4.4643044E-02 4.4628710E-02 4.4558994E-02 4.6160102E-02 4.7586896E-02 4.8739936E-02 4.9760811E-02 5.0991975E-02 5.2026652E-02 5.3555988E-02 5.5261783E-02 5.6263231E-02 5.7660062E-02 5.8989961E-02 5.9963737E-02 6.0962427E-02 6.2392764E-02 6.3409194E-02 6.3991517E-02 6.4813375E-02 6.5737225E-02 6.6260800E-02 6.6515438E-02 6.9305651E-02 6.6573359E-02 7.0891045E-02 7.5718917E-02 8.0812573E-02 8.5400678E-02 8.9619890E-02 9.3802661E-02 9.7847760E-02 0.1013879 0.1059289 0.1092686 0.1129443 0.1169716 0.1201145 0.1221551 0.1250640 0.1274959 0.1296394 0.1309298 0.1322681 0.1331906 0.1341271 0.1355345 0.1366809
4.0964339E-02 4.1295789E-02 4.2376392E-02 4.2834509E-02 4.3111987E-02 4.3659624E-02 4.4035770E-02 4.4078309E-02 4.4958644E-02 4.6066664E-02 4.7405031E-02 4.8318256E-02 4.9802590E-02 5.1308181E-02 5.2544594E-02 5.3702448E-02 5.4398127E-02 5.6230735E-02 5.6953214E-02 5.8447707E-02 5.9407350E-02 6.0566746E-02 6.1900374E-02 6.2891081E-02 6.4119257E-02 6.5126158E-02 6.5977491E-02 6.6860579E-02 6.7657843E-02 6.8039075E-02 6.9667086E-02 6.7142487E-02 7.1276657E-02 7.6047957E-02 8.1632219E-02 8.6602561E-02 9.1172077E-02 9.5391229E-02 9.9759690E-02 0.1031959 0.1080589 0.1111773 0.1155698 0.1193902 0.1225091 0.1250047 0.1278843 0.1293897 0.1323594 0.1318155 0.1340486 0.1345260 0.1363010 0.1371340 0.1377981
4.0992286E-02 4.1472364E-02 4.2076934E-02 4.2917110E-02 4.3684714E-02 4.4199836E-02 4.4688474E-02 4.5054227E-02 4.6174038E-02 4.7364872E-02 4.8159253E-02 4.9350940E-02 5.1014453E-02 5.2368656E-02 5.3641226E-02 5.4823589E-02 5.5523463E-02 5.6630172E-02 5.8311716E-02 5.9281696E-02 6.0633734E-02 6.1856639E-02 6.2953562E-02 6.4013563E-02 6.5192491E-02 6.6280484E-02 6.7057483E-02 6.9427803E-02 6.8940639E-02 6.9123968E-02 6.9374055E-02 6.7902640E-02 6.9971822E-02 7.7170499E-02 8.2818478E-02 8.8176616E-02 9.2794552E-02 9.7220629E-02 0.1015513 0.1054293 0.1097645 0.1145783 0.1177515 0.1216860 0.1238818 0.1283190 0.1291879 0.1301415 0.1315334 0.1325023 0.1346193 0.1358484 0.1371785 0.1376759 0.1388885
4.1351557E-02 4.2386081E-02 4.2519249E-02 4.3143954E-02 4.4142142E-02 4.4354267E-02 4.5155831E-02 4.5964375E-02 4.7353059E-02 4.8413876E-02 4.9820043E-02 5.0987393E-02 5.2033886E-02 5.3449310E-02 5.4669417E-02 5.5886779E-02 5.7060953E-02 5.7848036E-02 5.8880545E-02 6.0231876E-02 6.1897099E-02 6.2537298E-02 6.3892491E-02 6.5142080E-02 6.6295415E-02 6.7452930E-02 6.8586051E-02 7.0153125E-02 7.1007930E-02 7.1754292E-02 7.1814440E-02 7.2794311E-02 7.3473580E-02 7.9151914E-02 8.4488772E-02 9.0112142E-02 9.4865076E-02 9.9402517E-02 0.1037287 0.1077419 0.1118998 0.1160029 0.1198913 0.1240357 0.1266989 0.1279632 0.1294555 0.1306223 0.1319516 0.1335238 0.1350385 0.1361564 0.1379147 0.1387163 0.1402800
4.1805428E-02 4.2596232E-02 4.3777559E-02 4.3585315E-02 4.3979038E-02 4.5016330E-02 4.5665786E-02 4.6770249E-02 4.8407000E-02 4.9649272E-02 5.1345982E-02 5.2113961E-02 5.3156681E-02 5.4363135E-02 5.5632714E-02 5.6893669E-02 5.8033217E-02 5.8840275E-02 6.0192779E-02 6.1343934E-02 6.2237762E-02 6.4108707E-02 6.5342061E-02 6.6282287E-02 6.7636304E-02 6.9118463E-02 7.0475921E-02 7.3731273E-02 7.3197491E-02 7.4404977E-02 7.5191602E-02 7.6444775E-02 7.7466063E-02 8.1577882E-02 8.6990304E-02 9.2623323E-02 9.7481154E-02 0.1019517 0.1065098 0.1108491 0.1156138 0.1188502 0.1220619 0.1257796 0.1271801 0.1286309 0.1299860 0.1316050 0.1332856 0.1343759 0.1360886 0.1374468 0.1385512 0.1397262 0.1412417
4.3120801E-02 4.3250605E-02 4.3614421E-02 4.4649132E-02 4.4980150E-02 4.5458775E-02 4.6594433E-02 4.8284605E-02 4.9481142E-02 5.0617602E-02 5.1818032E-02 5.3290300E-02 5.9964158E-02 5.6159116E-02 5.6113657E-02 5.7094883E-02 5.8479056E-02 5.9541717E-02 6.1063662E-02 6.2445693E-02 6.3515998E-02 6.5244630E-02 6.5934084E-02 6.7437097E-02 6.9227375E-02 7.0685923E-02 7.2229460E-02 7.6196685E-02 7.5254142E-02 7.7100813E-02 7.8190416E-02 8.0615520E-02 8.2810201E-02 8.4863320E-02 9.0583786E-02 9.5374465E-02 0.1001431 0.1046301 0.1094044 0.1145905 0.1194274 0.1231984 0.1249647 0.1264557 0.1280488 0.1298897 0.1310599 0.1327270 0.1341884 0.1355833 0.1368956 0.1381451 0.1391971 0.1407927 0.1414668
4.3888845E-02 4.4333473E-02 4.4127461E-02 4.4683967E-02 4.5393799E-02 4.6459418E-02 4.8192624E-02 4.9358413E-02 5.0008487E-02 5.1490173E-02 5.2573856E-02 5.3448066E-02 5.5134587E-02 5.7061400E-02 5.7285160E-02 5.8844902E-02 6.0778908E-02 6.1230473E-02 6.1855480E-02 6.3120276E-02 6.5068118E-02 6.5808728E-02 6.7257106E-02 6.9169186E-02 7.0822969E-02 7.2418109E-02 7.4165575E-02 7.6025680E-02 7.7495486E-02 7.9469569E-02 8.1340261E-02 8.4203117E-02 9.0581462E-02 9.0753712E-02 9.4625972E-02 9.8708749E-02 0.1033516 0.1078600 0.1129605 0.1180803 0.1225792 0.1238668 0.1260900 0.1275467 0.1291109 0.1303876 0.1327788 0.1337489 0.1353353 0.1367051 0.1379742 0.1392637 0.1404185 0.1413808 0.1425492
4.3729641E-02 4.4650707E-02 4.5154508E-02 4.5395639E-02 4.6355367E-02 4.7502987E-02 4.8649088E-02 5.0385758E-02 5.1537495E-02 5.2171778E-02 5.3289402E-02 5.4545287E-02 5.5921424E-02 5.7710737E-02 5.8422588E-02 5.9865534E-02 6.1080389E-02 6.2301807E-02 6.3477114E-02 6.4262815E-02 6.5896578E-02 6.7424126E-02 6.9224849E-02 7.0850722E-02 7.2430119E-02 7.3902883E-02 7.5994559E-02 8.0520064E-02 7.9769664E-02 8.1828035E-02 8.4199309E-02 8.7592348E-02 9.1000855E-02 9.8027788E-02 9.9139974E-02 0.1026379 0.1074002 0.1116902 0.1162634 0.1211417 0.1230145 0.1254819 0.1278247 0.1292494 0.1296561 0.1317973 0.1340438 0.1349517 0.1364467 0.1377692 0.1389052 0.1402892 0.1412156 0.1421322 0.1433387
4.4171002E-02 4.4700574E-02 4.5356855E-02 4.6408243E-02 4.7469724E-02 4.8553411E-02 4.9695369E-02 5.1361069E-02 5.2458320E-02 5.3068511E-02 5.4276250E-02 5.5966623E-02 5.7483137E-02 5.8655955E-02 5.9454881E-02 6.0831636E-02 6.2081486E-02 6.3317075E-02 6.4062484E-02 6.5417267E-02 6.6880457E-02 6.8963721E-02 7.0249878E-02 7.2157413E-02 7.3326029E-02 7.5221919E-02 7.7501006E-02 7.9640269E-02 8.2031876E-02 8.4222078E-02 8.6919516E-02 9.0269588E-02 9.4489329E-02 9.8815739E-02 0.1027247 0.1065808 0.1110289 0.1154644 0.1178693 0.1214087 0.1248182 0.1262481 0.1279077 0.1299045 0.1310157 0.1329150 0.1351048 0.1365851 0.1379705 0.1389437 0.1400309 0.1416476 0.1427006 0.1433255 0.1439549
4.5266926E-02 4.5416173E-02 4.6372332E-02 4.7952138E-02 4.9027264E-02 4.9590494E-02 5.0642550E-02 5.1660798E-02 5.2769944E-02 5.4032415E-02 5.5378407E-02 5.6847159E-02 5.8195464E-02 5.9493575E-02 6.0534611E-02 6.1961360E-02 6.2535807E-02 6.3822515E-02 6.5021649E-02 6.6895165E-02 6.8221077E-02 6.9844417E-02 7.1407571E-02 7.3142312E-02 7.4714944E-02 7.7313036E-02 7.9306319E-02 8.1620596E-02 8.4085196E-02 8.6550750E-02 8.9590557E-02 9.2907153E-02 9.6949227E-02 0.1053760 0.1069830 0.1098020 0.1141859 0.1161282 0.1194984 0.1226283 0.1254222 0.1272953 0.1286035 0.1312191 0.1324796 0.1347033 0.1365347 0.1376518 0.1385321 0.1398438 0.1408341 0.1419588 0.1431821 0.1438767 0.1446987
