LUCAS_GEMMES_COP27/includes/subsidence/Scenario_M1/tmp/TOT_SUBSIDENCE_2090_SINCE_2018_MKD_ONLY.ASC
NCOLS                318
NROWS                364
XLLCORNER      400000.00
YLLCORNER      907000.00
CELLSIZE         1000.00
NODATA_VALUE    0.3402823E+39
[rows 120 to 143 of 364, columns 110 to 164 of 318]
0.1133769 0.1137485 0.1143768 0.1155170 0.1165355 0.1176691 0.1185843 0.1196057 0.1206566 0.1212774 0.1225739 0.1224910 0.1223899 0.1257305 0.1276675 0.1298337 0.1330503 0.1360379 0.1399919 0.1443333 0.1488784 0.1534134 0.1578039 0.1619008 0.1673466 0.1723512 0.1777014 0.1825718 0.1881632 0.1935562 0.1987794 0.2049104 0.2106848 0.2166759 0.2220434 0.2274891 0.2313252 0.2363156 0.2415344 0.2472930 0.2535617 0.2580814 0.2618050 0.2647167 0.2692209 0.2721519 0.2726505 0.2726658 0.2729236 0.2738471 0.2746832 0.2756411 0.2766472 0.2762618 0.2760018
0.1161302 0.1162871 0.1167996 0.1175743 0.1187385 0.1197325 0.1204292 0.1212629 0.1221113 0.1232810 0.1233498 0.1258175 0.1276714 0.1295201 0.1316202 0.1346485 0.1375397 0.1411783 0.1453182 0.1498345 0.1542280 0.1585225 0.1632689 0.1669123 0.1717176 0.1775979 0.1828555 0.1882485 0.1928514 0.1987839 0.2043264 0.2108469 0.2166274 0.2220828 0.2270556 0.2331483 0.2381793 0.2413711 0.2459461 0.2510754 0.2579871 0.2620699 0.2659410 0.2691965 0.2726921 0.2741223 0.2753969 0.2767056 0.2776243 0.2792382 0.2810871 0.2806484 0.2803058 0.2767873 0.2737986
0.1188520 0.1189366 0.1196103 0.1200862 0.1212871 0.1220399 0.1227628 0.1235905 0.1234240 0.1238463 0.1272664 0.1292498 0.1313637 0.1335473 0.1357231 0.1386141 0.1425311 0.1466624 0.1506971 0.1546352 0.1588336 0.1636274 0.1682660 0.1723462 0.1770852 0.1828530 0.1882156 0.1937032 0.1987746 0.2041712 0.2098591 0.2157489 0.2219260 0.2274958 0.2333816 0.2385806 0.2436226 0.2465986 0.2574252 0.2570184 0.2628993 0.2667978 0.2703896 0.2739400 0.2769551 0.2783745 0.2779809 0.2792266 0.2818617 0.2856156 0.2853204 0.2828130 0.2809365 0.2788204 0.2753251
0.1214466 0.1220145 0.1228355 0.1230544 0.1238450 0.1247809 0.1245094 0.1243324 0.1271704 0.1290818 0.1306612 0.1325750 0.1349954 0.1373588 0.1404158 0.1436946 0.1478164 0.1516208 0.1557580 0.1595511 0.1639469 0.1688918 0.1733838 0.1782146 0.1826076 0.1884056 0.1935601 0.1987501 0.2045490 0.2099701 0.2156794 0.2214473 0.2270162 0.2339737 0.2397719 0.2440420 0.2490040 0.2542594 0.2592834 0.2689160 0.2693786 0.2738907 0.2771631 0.2782539 0.2811896 0.2832571 0.2836244 0.2820068 0.2875613 0.2892048 0.2867904 0.2845893 0.2824254 0.2803222 0.2771422
0.1246476 0.1249521 0.1256545 0.1266902 0.1260607 0.1258133 0.1276488 0.1291354 0.1304166 0.1323144 0.1347181 0.1367766 0.1389048 0.1421507 0.1449326 0.1491698 0.1527900 0.1565940 0.1604361 0.1650698 0.1694291 0.1733625 0.1783558 0.1832486 0.1880930 0.1935787 0.1984094 0.2043080 0.2104013 0.2161910 0.2226848 0.2279167 0.2336547 0.2404126 0.2444703 0.2505157 0.2563595 0.2611969 0.2661020 0.2752144 0.2732284 0.2783419 0.2833773 0.2844860 0.2886666 0.2898667 0.2897055 0.2906612 0.2917722 0.2899567 0.2883330 0.2865984 0.2843384 0.2823012 0.2796411
0.1278263 0.1277534 0.1285886 0.1279373 0.1293544 0.1302657 0.1311324 0.1322515 0.1345339 0.1362381 0.1382833 0.1403913 0.1435488 0.1467518 0.1500308 0.1537911 0.1575940 0.1614533 0.1655658 0.1700867 0.1742341 0.1787543 0.1841214 0.1886844 0.1937514 0.1990494 0.2045230 0.2107568 0.2164740 0.2219515 0.2278962 0.2340316 0.2406586 0.2464980 0.2519165 0.2583067 0.2625563 0.2681457 0.2726629 0.2775209 0.2789462 0.2826823 0.2881813 0.2915480 0.2955302 0.2971669 0.2959906 0.2957923 0.2918034 0.2924355 0.2905336 0.2892017 0.2876976 0.2854838 0.2822944
0.1312813 0.1302076 0.1298918 0.1317179 0.1326700 0.1337087 0.1346399 0.1362365 0.1385270 0.1402221 0.1426844 0.1459920 0.1483434 0.1517546 0.1552198 0.1591970 0.1634083 0.1668484 0.1713256 0.1755415 0.1797632 0.1842724 0.1892120 0.1944228 0.2000967 0.2051045 0.2109109 0.2167104 0.2229420 0.2291606 0.2331392 0.2402987 0.2473389 0.2534691 0.2593496 0.2651462 0.2704886 0.2749394 0.2786452 0.2830861 0.2870025 0.2889189 0.2954429 0.2984138 0.3009610 0.3033413 0.3022241 0.3007637 0.2976825 0.2968978 0.2935035 0.2917458 0.2909420 0.2886570 0.2855124
0.1329528 0.1340545 0.1345200 0.1351193 0.1360518 0.1371765 0.1382816 0.1400169 0.1424154 0.1447038 0.1474731 0.1505148 0.1536784 0.1568561 0.1606790 0.1642796 0.1684788 0.1718627 0.1762456 0.1810645 0.1855495 0.1903915 0.1998915 0.2004460 0.2057507 0.2111624 0.2147776 0.2204649 0.2291248 0.2359279 0.2421373 0.2468043 0.2534528 0.2600585 0.2660815 0.2726392 0.2760189 0.2824905 0.2875600 0.2917538 0.2943416 0.2988662 0.3019421 0.3051998 0.3100481 0.3105089 0.3095250 0.3065805 0.3034658 0.3017406 0.2981794 0.2969248 0.2961260 0.2923149 0.2892213
0.1371374 0.1376525 0.1381439 0.1387573 0.1396471 0.1408179 0.1420540 0.1440658 0.1465332 0.1493181 0.1523139 0.1556722 0.1591599 0.1623580 0.1662847 0.1703899 0.1743253 0.1784543 0.1825895 0.1868996 0.1913714 0.1960159 0.2012043 0.2058211 0.2115763 0.2176167 0.2229686 0.2293143 0.2361196 0.2426854 0.2488563 0.2558573 0.2600570 0.2656599 0.2722135 0.2789540 0.2835105 0.2900984 0.2953305 0.2996672 0.3027888 0.3075992 0.3116227 0.3149119 0.3184577 0.3186667 0.3162778 0.3132622 0.3109850 0.3093284 0.3040982 0.3034186 0.3014969 0.2970774 0.2933821
0.1407240 0.1414976 0.1419838 0.1425624 0.1433910 0.1445497 0.1457909 0.1482395 0.1511109 0.1540681 0.1574702 0.1606819 0.1640036 0.1683168 0.1726670 0.1767969 0.1801667 0.1842855 0.1884621 0.1927521 0.1972929 0.2022893 0.2075803 0.2134061 0.2173749 0.2245117 0.2297974 0.2364480 0.2428197 0.2493203 0.2554222 0.2615905 0.2680513 0.2738955 0.2792534 0.2854024 0.2915335 0.2970799 0.3020233 0.3075366 0.3132710 0.3178014 0.3228006 0.3263291 0.3223289 0.3247208 0.3230148 0.3202645 0.3179042 0.3160876 0.3124057 0.3101871 0.3061981 0.3022630 0.2987864
0.1446933 0.1456149 0.1460432 0.1464974 0.1472112 0.1482502 0.1495864 0.1526262 0.1555764 0.1590490 0.1624919 0.1659577 0.1700411 0.1746205 0.1791391 0.1831926 0.1869678 0.1901328 0.1941335 0.1993002 0.2034118 0.2075781 0.2135400 0.2196875 0.2242322 0.2310072 0.2360599 0.2428665 0.2495994 0.2560023 0.2622072 0.2680795 0.2747738 0.2809243 0.2870429 0.2919248 0.2981405 0.3039391 0.3106165 0.3162783 0.3223319 0.3290005 0.3310158 0.3314123 0.3304186 0.3262026 0.3301265 0.3276314 0.3211587 0.3228106 0.3201791 0.3155698 0.3104252 0.3046712 0.3024381
0.1490421 0.1500467 0.1503067 0.1504951 0.1509858 0.1520272 0.1533418 0.1567759 0.1599461 0.1633931 0.1684289 0.1726223 0.1770030 0.1808923 0.1855228 0.1895555 0.1940037 0.1965761 0.2011573 0.2061611 0.2101320 0.2136953 0.2203842 0.2260582 0.2314107 0.2371698 0.2424421 0.2488954 0.2559147 0.2614026 0.2685882 0.2747488 0.2807673 0.2872351 0.2923343 0.2982084 0.3046716 0.3116145 0.3178725 0.3238983 0.3311088 0.3336551 0.3359113 0.3369864 0.3353480 0.3340515 0.3308356 0.3302085 0.3318766 0.3295807 0.3274855 0.3222710 0.3164058 0.3112037 0.3073450
0.1541348 0.1559463 0.1544530 0.1541549 0.1548191 0.1554665 0.1570645 0.1603221 0.1642118 0.1684429 0.1745817 0.1789780 0.1835957 0.1873632 0.1920841 0.1961006 0.2000572 0.2030992 0.2058980 0.2111460 0.2149144 0.2206457 0.2268841 0.2318415 0.2376171 0.2434906 0.2495977 0.2549189 0.2605724 0.2671698 0.2750816 0.2808185 0.2851577 0.2905885 0.2965118 0.3037255 0.3110680 0.3184324 0.3249861 0.3320468 0.3355491 0.3379480 0.3415773 0.3428450 0.3394998 0.3366897 0.3345840 0.3346537 0.3331982 0.3318897 0.3319298 0.3263437 0.3216185 0.3169521 0.3117663
0.1583886 0.1595244 0.1583862 0.1580355 0.1585924 0.1586377 0.1601949 0.1630576 0.1678413 0.1751128 0.1807372 0.1851518 0.1902808 0.1940805 0.1988690 0.2028007 0.2075086 0.2101523 0.2134573 0.2180348 0.2215370 0.2271710 0.2329767 0.2366538 0.2423961 0.2495229 0.2555400 0.2609238 0.2672816 0.2749390 0.2809208 0.2857696 0.2904142 0.2956675 0.3022694 0.3093161 0.3168574 0.3232771 0.3325907 0.3360121 0.3386506 0.3425451 0.3430277 0.3435217 0.3431178 0.3393330 0.3400680 0.3364816 0.3350570 0.3355166 0.3321890 0.3304667 0.3261803 0.3194362 0.3155079
0.1629483 0.1634654 0.1632375 0.1622043 0.1618556 0.1612896 3.4028235E+38 3.4028235E+38 3.4028235E+38 0.1820694 0.1874082 0.1902802 0.1974299 0.2011560 0.2058990 0.2096140 0.2138304 0.2177402 0.2214689 0.2251369 0.2285975 0.2332117 0.2375851 0.2421244 0.2502453 0.2561740 0.2611341 0.2673953 0.2726685 0.2807944 0.2858185 0.2914581 0.2978818 0.3035726 0.3093268 0.3164667 0.3231497 0.3294781 0.3338113 0.3372879 0.3415890 0.3434984 0.3424138 0.3444138 0.3422755 0.3451374 0.3442149 0.3412264 0.3370623 0.3381475 0.3358499 0.3328486 0.3301210 0.3230070 0.3174761
0.1681912 0.1689001 0.1685290 0.1669163 0.1662061 3.4028235E+38 3.4028235E+38 3.4028235E+38 3.4028235E+38 0.1888166 0.1953860 3.4028235E+38 0.2047873 0.2089308 0.2130024 0.2161373 0.2205853 0.2218676 0.2272084 0.2301989 0.2346468 0.2398798 0.2435529 0.2480501 0.2553628 0.2608038 0.2670369 0.2725935 0.2774993 0.2836189 0.2896758 0.2967139 0.3026481 0.3084950 0.3146195 0.3211455 0.3271042 0.3320299 0.3354934 0.3400477 0.3428479 0.3441420 0.3435668 0.3422854 0.3440806 0.3457606 0.3449981 0.3421885 0.3434902 0.3390948 0.3386985 0.3355538 0.3297433 0.3262284 0.3221138
0.1747781 0.1757206 0.1751450 0.1708888 0.1691464 3.4028235E+38 3.4028235E+38 3.4028235E+38 3.4028235E+38 3.4028235E+38 0.2046857 3.4028235E+38 0.2119936 0.2166382 0.2191730 0.2227139 0.2258931 0.2268615 0.2298471 0.2349098 0.2414512 0.2460584 0.2495775 0.2545108 0.2606551 0.2660822 0.2718183 0.2773963 0.2820213 0.2879673 0.2952665 0.3007031 0.3061177 0.3121297 0.3183228 0.3243619 0.3294511 0.3336798 0.3371140 0.3406286 0.3432521 0.3451672 0.3455011 0.3455725 0.3454925 0.3464213 0.3468547 0.3451728 0.3440082 0.3446050 0.3401420 0.3384736 0.3318529 0.3260317 0.3240951
0.1821687 0.1841916 0.1853723 3.4028235E+38 3.4028235E+38 3.4028235E+38 3.4028235E+38 3.4028235E+38 3.4028235E+38 0.2219002 0.2169715 0.2194508 0.2213197 0.2246047 0.2267841 0.2304175 0.2325535 0.2332224 0.2364050 0.2409787 0.2471824 0.2516434 0.2560136 0.2597820 0.2661075 0.2706942 0.2762920 0.2803295 0.2859337 0.2915369 0.2972291 0.3042507 0.3099115 0.3157495 0.3219322 0.3269004 0.3310716 0.3359669 0.3398429 0.3408824 0.3440824 0.3455749 0.3455105 0.3465160 0.3460480 0.3470016 0.3470515 0.3468042 0.3456368 0.3446037 0.3436007 0.3388158 0.3343248 0.3274955 0.3230715
0.1898163 0.1922590 0.1951632 0.1949191 0.1961084 3.4028235E+38 3.4028235E+38 3.4028235E+38 0.2286473 0.2275205 0.2269637 0.2281775 0.2301609 0.2311673 0.2334467 0.2365174 0.2390481 0.2415924 0.2437231 0.2472996 0.2512802 0.2557631 0.2610818 0.2642846 0.2694994 0.2755147 0.2800103 0.2848593 0.2917446 0.2970419 0.3008366 0.3078626 0.3137009 0.3196891 0.3241120 0.3283749 0.3323081 0.3375769 0.3404939 0.3412493 0.3424109 0.3438026 0.3447850 0.3471291 0.3471280 0.3468253 0.3461186 0.3466333 0.3454481 0.3440104 0.3428978 0.3402360 0.3315173 0.3292746 0.3239596
0.1963621 0.1992213 0.2006548 0.1979978 3.4028235E+38 3.4028235E+38 3.4028235E+38 0.2314495 0.2313921 0.2318813 0.2314762 0.2320896 0.2355308 0.2371937 0.2397759 0.2422063 0.2447303 0.2462239 0.2497869 0.2540486 0.2577766 0.2604252 0.2656482 0.2700474 0.2734285 0.2779148 0.2829306 0.2881761 0.2949459 0.2998496 0.3033187 0.3087590 0.3153084 0.3217214 0.3245806 0.3305198 0.3332360 0.3377718 0.3401669 0.3418057 0.3418180 0.3429893 0.3450444 0.3451224 0.3461489 0.3458646 0.3452239 0.3451574 0.3445778 0.3427234 0.3420357 0.3395445 0.3368960 0.3298362 0.3242112
0.2023832 0.2047029 0.2082696 0.2137846 0.2224590 0.2244636 0.2309283 0.2323966 0.2351591 0.2338981 0.2352259 0.2379514 0.2400626 0.2425415 0.2447612 0.2470175 0.2481606 0.2511822 0.2554552 0.2589598 0.2626374 0.2647665 0.2686469 0.2741155 0.2781315 0.2809059 0.2862280 0.2927703 0.2976173 0.3023785 0.3067319 0.3101244 0.3169445 0.3203212 0.3252477 0.3310930 0.3329947 0.3358501 0.3391674 0.3408526 0.3410075 0.3425079 0.3448831 0.3446487 0.3458752 0.3455340 0.3442550 0.3446945 0.3435814 0.3418364 0.3409223 0.3383170 0.3347259 0.3301625 0.3235524
0.2069091 0.2102474 0.2151065 0.2196702 0.2250202 0.2294489 0.2327750 0.2352952 0.2362898 0.2377200 0.2403474 0.2424656 0.2443045 0.2470699 0.2494094 0.2505960 0.2532288 0.2554326 0.2586154 0.2633135 0.2672971 0.2706141 0.2723435 0.2763034 0.2799258 0.2839480 0.2888159 0.2951965 0.2999230 0.3045059 0.3084165 0.3114375 0.3158813 0.3212150 0.3258556 0.3308203 0.3331962 0.3350341 0.3381801 0.3388191 0.3402897 0.3417213 0.3433223 0.3436680 0.3454728 0.3448660 0.3433301 0.3430446 0.3423210 0.3410106 0.3392455 0.3363435 0.3328779 0.3271254 0.3233607
0.2118964 0.2163044 0.2199545 0.2239530 0.2282694 0.2322224 0.2354056 0.2380417 0.2388004 0.2423976 0.2443830 0.2464999 0.2485803 0.2516737 0.2538242 0.2550960 0.2577237 0.2612398 0.2627521 0.2676056 0.2706451 0.2742129 0.2771352 0.2799388 0.2835545 0.2887158 0.2911393 0.2955079 0.3015544 0.3057336 0.3094959 0.3114904 0.3171279 0.3234685 0.3260250 0.3304259 0.3331104 0.3345880 0.3366923 0.3381734 0.3402558 0.3410277 0.3421055 0.3433654 0.3437802 0.3436523 0.3425779 0.3424439 0.3420930 0.3400999 0.3374850 0.3347678 0.3311261 0.3273969 0.3214391
0.2164065 0.2207547 0.2243643 0.2279322 0.2315270 0.2351666 0.2382890 0.2396420 0.2421004 0.2457865 0.2479467 0.2503371 0.2536591 0.2560017 0.2560351 0.2586964 0.2614442 0.2635905 0.2663442 0.2695100 0.2741787 0.2771859 0.2785686 0.2821027 0.2857612 0.2909335 0.2945579 0.2968040 0.3022875 0.3061491 0.3081525 0.3133600 0.3198361 0.3238511 0.3258817 0.3289791 0.3327481 0.3341503 0.3363266 0.3384249 0.3398517 0.3405815 0.3422201 0.3428367 0.3422282 0.3423848 0.3422234 0.3416337 0.3412167 0.3389099 0.3365979 0.3334994 0.3298547 0.3244911 0.3181779
