LUCAS_GEMMES_COP27/includes/subsidence/Scenario_M1/tmp/TOT_SUBSIDENCE_2060_SINCE_2018_MKD_ONLY.ASC
NCOLS                318
NROWS                364
XLLCORNER      400000.00
YLLCORNER      907000.00
CELLSIZE         1000.00
NODATA_VALUE    0.3402823E+39
[rows 168 to 191 of 364, columns 165 to 219 of 318]
0.2715265 0.2712274 0.2712356 0.2717118 0.2727288 0.2729353 0.2749786 0.2775517 0.2800924 0.2840652 0.2885786 0.2938015 0.3001904 0.3079381 0.3171901 0.3291423 0.3421191 0.3500194 0.3501953 0.3505609 0.3513573 0.3507164 0.3502013 0.3501067 0.3494553 0.3490485 0.3484679 0.3484530 0.3479262 0.3467013 0.3429677 0.3441617 0.3446877 0.3438885 0.3428607 0.3419536 0.3413129 0.3398342 0.3390005 0.3398976 0.3427638 0.3434699 0.3442021 0.3440688 0.3442886 0.3440326 0.3406418 0.3406906 0.3406840 0.3400155 0.3383744 0.3359516 0.3365481 0.3364719 0.3343953
0.2723553 0.2725897 0.2731753 0.2742024 0.2749304 0.2751766 0.2775547 0.2801839 0.2833830 0.2874222 0.2923765 0.2981111 0.3049324 0.3129475 0.3231543 0.3355426 0.3499251 0.3530189 0.3520046 0.3526090 0.3521364 0.3516376 0.3515226 0.3516971 0.3516505 0.3512563 0.3511647 0.3510457 0.3502022 0.3486369 0.3471017 0.3442831 0.3422121 0.3440213 0.3427904 0.3407141 0.3400190 0.3406032 0.3399085 0.3400854 0.3424052 0.3451972 0.3448075 0.3447502 0.3467310 0.3463571 0.3447931 0.3466775 0.3470826 0.3459669 0.3453734 0.3442888 0.3436763 0.3428385 0.3422650
0.2739260 0.2742739 0.2748789 0.2751025 0.2756521 0.2775468 0.2798554 0.2824304 0.2861837 0.2904995 0.2955390 0.3016767 0.3090018 0.3180386 0.3296879 0.3448978 0.3527329 0.3528822 0.3528615 0.3533059 0.3530108 0.3526062 0.3522763 0.3523707 0.3528277 0.3528478 0.3527349 0.3535061 0.3519843 0.3503619 0.3488492 0.3475766 0.3457466 0.3425620 0.3410283 0.3400118 0.3403765 0.3394705 0.3401005 0.3402092 0.3427840 0.3468741 0.3469698 0.3467246 0.3483191 0.3481641 0.3494293 0.3509502 0.3514080 0.3504673 0.3500960 0.3494662 0.3494607 0.3483296 0.3480675
0.2752076 0.2759902 0.2770919 0.2761794 0.2773286 0.2798839 0.2818494 0.2844628 0.2886970 0.2933678 0.2985287 0.3047513 0.3128435 0.3223283 0.3336853 0.3498380 0.3542415 0.3527686 0.3524448 0.3535832 0.3540681 0.3534302 0.3532151 0.3531419 0.3529209 0.3534888 0.3536689 0.3533236 0.3524069 0.3515262 0.3499474 0.3478394 0.3447129 0.3425363 0.3415352 0.3418859 0.3390154 0.3383577 0.3393990 0.3397892 0.3418045 0.3460624 0.3483150 0.3490541 0.3491437 0.3504763 0.3525664 0.3537410 0.3537103 0.3534541 0.3539386 0.3535989 0.3534939 0.3532188 0.3536925
0.2752926 0.2762556 0.2779154 0.2783817 0.2792560 0.2808613 0.2831885 0.2865112 0.2906916 0.2956426 0.3012705 0.3077006 0.3153541 0.3258495 0.3366818 0.3479772 0.3505788 0.3530108 0.3534493 0.3535540 0.3542238 0.3544897 0.3546009 0.3545343 0.3538536 0.3538623 0.3536243 0.3519966 0.3512612 0.3512209 0.3496566 0.3482978 0.3454046 0.3422164 0.3440300 0.3439440 0.3397110 0.3389845 0.3377753 0.3390467 0.3400528 0.3428443 0.3456135 0.3475649 0.3491608 0.3517129 0.3533543 0.3556972 0.3561278 0.3564085 0.3571342 0.3566734 0.3574705 0.3584539 0.3589751
0.2754015 0.2766481 0.2774383 0.2786699 0.2802969 0.2821005 0.2847712 0.2881512 0.2925223 0.2974311 0.3033047 0.3110260 0.3182979 0.3286756 0.3417151 0.3486641 0.3514906 0.3527228 0.3539800 0.3539578 0.3548578 0.3550219 0.3555130 0.3554935 0.3547902 0.3540069 0.3527927 0.3515479 0.3511482 0.3503347 0.3486200 0.3476964 0.3459768 0.3446274 0.3440003 0.3434456 0.3389667 0.3386943 0.3371808 0.3371925 0.3386471 0.3409140 0.3445817 0.3463866 0.3496895 0.3521921 0.3540159 0.3562766 0.3583147 0.3589262 0.3585024 0.3595572 0.3612175 0.3618701 0.3628091
0.2756732 0.2763870 0.2772862 0.2784295 0.2803697 0.2825230 0.2855709 0.2894415 0.2938794 0.2989538 0.3057174 0.3127292 0.3208936 0.3307201 0.3393422 0.3537490 0.3526030 0.3527343 0.3541525 0.3545128 0.3551463 0.3548231 0.3545519 0.3543074 0.3531387 0.3531711 0.3521220 0.3507979 0.3499694 0.3488482 0.3481943 0.3461813 0.3447394 0.3442479 0.3433161 0.3416191 0.3397137 0.3386598 0.3369708 0.3360960 0.3370125 0.3397163 0.3436173 0.3448300 0.3473352 0.3519820 0.3546491 0.3570770 0.3592728 0.3597549 0.3617141 0.3632240 0.3639801 0.3638607 0.3642097
0.2749371 0.2754296 0.2764248 0.2779826 0.2800422 0.2820519 0.2856061 0.2896721 0.2940143 0.2989726 0.3056540 0.3136675 0.3222057 0.3329694 0.3390663 0.3463202 0.3528487 0.3527824 0.3543650 0.3539622 0.3535379 0.3543893 0.3540817 0.3532701 0.3528059 0.3518443 0.3506806 0.3494663 0.3481184 0.3476118 0.3464521 0.3448367 0.3433405 0.3431366 0.3423101 0.3415310 0.3401183 0.3394430 0.3370365 0.3352521 0.3355598 0.3367946 0.3412614 0.3448089 0.3459128 0.3513527 0.3544288 0.3566108 0.3596692 0.3604738 0.3612901 0.3636614 0.3660009 0.3674162 0.3642523
0.2735338 0.2735601 0.2746930 0.2765257 0.2786402 0.2807926 0.2845136 0.2882114 0.2928767 0.2986556 0.3058148 0.3136482 0.3233507 0.3299364 0.3361686 0.3423092 0.3474050 0.3525097 0.3524823 0.3523369 0.3515154 0.3532751 0.3523140 0.3512880 0.3493986 0.3487928 0.3490787 0.3474095 0.3469897 0.3463807 0.3453394 0.3424464 0.3416081 0.3416874 0.3411445 0.3405798 0.3398398 0.3384235 0.3379188 0.3341871 0.3352361 0.3350562 0.3372099 0.3433056 0.3445649 0.3475116 0.3528507 0.3521536 0.3577294 0.3599523 0.3591424 0.3652524 0.3671344 0.3652626 0.3688965
0.2707504 0.2712699 0.2728107 0.2743729 0.2764736 0.2792791 0.2825909 0.2867622 0.2916728 0.2976720 0.3046895 0.3123077 0.3201796 0.3259850 0.3313890 0.3370267 0.3435591 0.3462742 0.3494556 0.3487183 0.3491882 0.3494656 0.3495746 0.3475171 0.3462979 0.3466029 0.3460819 0.3443958 0.3441754 0.3433715 0.3421049 0.3401729 0.3405591 0.3405042 0.3405761 0.3397036 0.3386969 0.3379243 0.3366241 0.3327937 0.3335200 0.3346389 0.3375518 0.3411130 0.3427019 0.3450872 0.3477088 0.3540953 0.3596768 0.3612143 0.3641430 0.3674024 0.3691631 0.3677949 0.3677358
0.2674183 0.2680760 0.2690066 0.2711717 0.2735237 0.2764180 0.2797455 0.2839290 0.2885707 0.2938548 0.3013820 0.3102318 0.3173641 0.3215105 0.3265661 0.3324823 0.3383992 0.3406568 0.3437367 0.3471985 0.3461380 0.3459750 0.3451530 0.3435985 0.3439782 0.3437935 0.3431002 0.3413017 0.3416982 0.3408808 0.3388827 0.3384703 0.3387262 0.3394786 0.3392576 0.3386219 0.3376379 0.3367247 0.3359830 0.3317436 0.3313788 0.3321374 0.3342017 0.3359945 0.3375219 0.3421367 0.3464698 0.3520274 0.3582671 0.3610960 0.3645002 0.3667810 0.3691498 0.3711556 0.3751605
0.2643085 0.2643335 0.2652822 0.2671713 0.2690364 0.2717721 0.2751753 0.2792711 0.2845531 0.2895387 0.2965077 0.3034558 0.3100723 0.3157878 0.3207747 0.3267821 0.3315204 0.3341733 0.3384332 0.3447410 0.3408219 0.3405264 0.3397706 0.3402110 0.3403288 0.3402734 0.3395944 0.3379385 0.3388357 0.3369103 0.3364743 0.3359293 0.3363769 0.3358809 0.3362972 0.3361870 0.3354501 0.3348770 0.3321997 0.3313975 0.3309567 0.3321716 0.3310157 0.3337313 0.3353321 0.3398729 0.3439480 0.3503714 0.3552041 0.3603552 0.3635322 0.3647411 0.3665431 0.3687910 0.3747378
0.2595330 0.2597519 0.2609261 0.2625804 0.2640027 0.2658323 0.2689216 0.2735186 0.2786536 0.2839243 0.2917158 0.2984713 0.3032364 0.3085383 0.3145548 0.3210462 0.3246320 0.3282980 0.3313714 0.3339965 0.3368656 0.3363622 0.3354142 0.3356435 0.3368338 0.3367698 0.3348862 0.3348262 0.3352179 0.3324904 0.3328815 0.3341413 0.3337626 0.3329813 0.3328466 0.3327785 0.3328300 0.3322102 0.3323236 0.3308008 0.3316479 0.3287159 0.3288913 0.3312948 0.3327857 0.3367767 0.3421177 0.3471448 0.3519148 0.3594452 0.3607844 0.3671061 0.3708680 0.3688796 0.3756240
0.2543924 0.2542507 0.2552443 0.2564386 0.2581304 0.2591780 0.2623140 0.2662520 0.2708830 0.2762529 0.2832350 0.2903406 0.2974669 0.3019682 0.3085523 0.3136321 0.3175479 0.3217343 0.3241106 0.3275131 0.3302247 0.3334374 0.3328740 0.3317929 0.3337394 0.3334492 0.3320132 0.3328423 0.3304466 0.3296643 0.3296783 0.3313394 0.3308931 0.3304357 0.3289599 0.3287902 0.3300293 0.3306456 0.3309076 0.3307938 0.3298528 0.3279460 0.3282021 0.3282519 0.3310341 0.3365310 0.3418231 0.3466150 0.3526363 0.3569257 0.3592728 0.3674014 0.3702833 0.3695047 0.3757569
0.2494429 0.2484163 0.2480072 0.2493068 0.2503234 0.2522059 0.2542998 0.2580799 0.2626942 0.2676440 0.2755632 0.2825267 0.2903528 0.2945958 0.3022570 0.3071698 0.3105071 0.3144400 0.3173647 0.3218137 0.3240759 0.3267675 0.3294070 0.3293182 0.3289967 0.3307976 0.3286661 0.3281383 0.3272890 0.3282746 0.3265421 0.3291749 0.3259689 0.3255593 0.3256667 0.3270739 0.3285689 0.3280045 0.3284771 0.3288610 0.3292050 0.3290795 0.3294648 0.3279723 0.3321791 0.3355158 0.3396611 0.3449576 0.3501208 0.3550516 0.3575776 0.3653480 0.3702410 0.3733949 0.3755571
0.2438024 0.2431295 0.2415291 0.2410764 0.2417031 0.2438032 0.2445701 0.2485870 0.2535336 0.2614854 0.2689673 0.2745074 0.2820140 0.2886869 0.2945683 0.2993125 0.3028499 0.3096980 0.3131528 0.3164502 0.3200935 0.3218555 0.3273975 0.3277142 0.3266453 0.3260718 0.3250737 0.3252530 0.3256221 0.3248859 0.3226276 0.3222918 0.3215060 0.3230616 0.3231877 0.3229325 0.3239807 0.3246577 0.3254205 0.3254745 0.3267222 0.3286712 0.3296441 0.3308486 0.3315519 0.3302428 0.3365822 0.3410714 0.3463911 0.3505521 0.3547871 0.3615583 0.3694037 0.3744579 0.3777916
0.2375807 0.2365353 0.2350640 0.2331783 0.2331069 0.2346035 0.2348686 0.2353965 0.2423684 0.2518083 0.2600489 0.2678020 0.2751620 0.2827788 0.2888074 0.2941578 0.2991079 0.3045713 0.3089471 0.3120714 0.3155710 0.3189955 0.3207465 0.3253036 0.3266435 0.3233802 0.3228845 0.3211510 0.3220697 0.3191908 0.3183256 0.3193949 0.3186837 0.3185375 0.3191338 0.3193313 0.3193393 0.3195218 0.3206763 0.3222401 0.3257974 0.3277209 0.3294500 0.3309633 0.3317560 0.3310024 0.3350577 0.3381383 0.3426790 0.3501161 0.3543297 0.3585726 0.3680626 0.3743142 0.3796537
0.2293839 0.2269711 0.2249949 0.2238327 0.2238297 0.2235620 0.2248735 0.2293037 0.2385336 0.2471500 0.2560569 0.2637042 0.2689519 0.2755839 0.2820008 0.2875324 0.2927616 0.2979513 0.3029369 0.3060679 0.3099334 0.3139216 0.3186854 0.3196309 0.3223394 0.3218465 0.3196277 0.3202158 0.3190244 0.3155308 0.3160324 0.3146792 0.3136669 0.3114964 0.3118992 0.3124486 0.3137163 0.3171249 0.3181292 0.3201299 0.3230272 0.3256511 0.3280715 0.3307817 0.3325414 0.3331851 0.3327209 0.3343700 0.3411057 0.3470491 0.3535062 0.3579999 0.3672602 0.3731673 0.3770629
0.2214660 0.2202167 0.2164430 0.2145285 0.2147553 0.2127666 0.2134754 0.2219916 0.2329424 0.2417123 0.2513483 0.2576103 0.2644566 0.2712036 0.2794921 0.2847860 0.2904475 0.2958885 0.3008669 0.3047336 0.3083529 0.3100933 0.3131640 0.3151618 0.3157374 0.3168028 0.3183934 0.3185419 0.3160778 0.3114987 0.3119906 0.3082845 0.3069196 0.3054322 0.3073418 0.3083141 0.3093894 0.3113463 0.3139957 0.3169087 0.3204038 0.3234145 0.3269893 0.3301432 0.3324591 0.3331642 0.3299743 0.3335212 0.3399983 0.3442895 0.3509116 0.3581432 0.3651081 0.3709992 0.3760322
0.2154926 0.2107870 0.2079193 0.2073278 0.2049941 0.2003886 0.2044838 0.2166918 0.2283219 0.2349592 0.2427058 0.2522411 0.2622395 0.2670180 0.2733765 0.2811869 0.2866771 0.2922219 0.2971258 0.3013510 0.3047085 0.3084040 0.3098480 0.3110623 0.3118573 0.3136132 0.3139386 0.3129153 0.3109238 0.3097211 0.3089468 0.3069231 0.3073449 0.3061103 0.3050664 0.3038063 0.3017243 0.3036271 0.3077151 0.3119114 0.3163341 0.3204679 0.3252434 0.3292370 0.3328460 0.3350419 0.3340760 0.3350977 0.3392096 0.3428635 0.3477668 0.3551266 0.3622990 0.3689490 0.3737653
0.2087379 0.2022921 0.2011541 0.1977103 0.1955453 0.1933937 0.2022503 0.2121471 0.2227774 0.2316328 0.2419729 0.2508126 0.2585293 0.2652760 0.2692767 0.2754674 0.2833861 0.2887424 0.2930654 0.2945693 0.2988439 0.3025585 0.3057216 0.3103843 0.3096700 0.3110608 0.3113335 0.3128691 0.3121588 0.3079695 0.3054208 0.3041171 0.3035048 0.3026869 0.3035840 0.3018198 0.3000772 0.2993282 0.3011744 0.3057038 0.3110617 0.3172956 0.3232191 0.3286634 0.3337097 0.3372577 0.3394247 0.3403327 0.3399927 0.3427019 0.3472464 0.3520724 0.3584692 0.3653800 0.3718196
0.1976781 0.1927221 0.1918368 0.1883126 0.1804426 0.1861081 0.1993317 0.2090875 0.2192809 0.2288428 0.2402390 0.2481029 0.2560765 0.2626462 0.2680855 0.2721162 0.2801716 0.2830033 0.2874931 0.2915701 0.2986043 0.2993420 0.3047630 0.3075312 0.3073474 0.3117066 0.3093832 0.3087493 0.3089353 0.3088793 0.3097544 0.3077574 0.3067005 0.3008045 0.2996691 0.2985442 0.2974152 0.2961498 0.2984487 0.2975799 0.3058650 0.3133682 0.3209119 0.3278960 0.3337065 0.3367022 0.3415479 0.3448641 0.3448158 0.3437048 0.3470485 0.3511557 0.3541739 0.3612106 0.3685265
0.1890752 0.1867474 0.1825983 0.1764522 0.1741766 0.1889022 0.1967559 0.2070689 0.2193332 0.2261476 0.2349936 0.2453108 0.2528761 0.2607626 0.2636178 0.2696680 0.2749324 0.2800882 0.2880004 0.2924758 0.2936502 0.2972187 0.3025027 0.3025139 0.3052098 0.3100992 0.3109908 0.3081370 0.3124303 0.3099073 0.3124502 0.3105103 0.3095055 0.3079019 0.3034334 0.3014126 0.3030006 0.2994957 0.2995474 0.2953266 0.2982765 0.3055097 0.3160905 0.3277957 0.3345236 0.3392274 0.3448808 0.3494452 0.3499994 0.3494501 0.3479771 0.3509563 0.3531946 0.3562236 0.3635274
0.1839798 0.1784275 0.1701289 0.1650585 0.1733170 0.1878714 0.1954440 0.2088318 0.2182539 0.2275562 0.2333257 0.2409804 0.2479078 0.2554859 0.2620398 0.2710187 0.2730738 0.2813860 0.2857229 0.2906140 0.2917111 0.2987939 0.3007672 0.3009176 0.3070002 0.3088848 0.3102965 0.3080792 0.3094794 0.3104998 0.3139423 0.3133806 0.3130695 0.3126440 0.3088527 0.3113778 0.3112078 0.3120020 0.3106890 0.3113304 0.3142534 0.3158957 0.3174134 0.3245865 0.3363743 0.3454901 0.3508276 0.3549743 0.3556300 0.3554763 0.3504864 0.3508693 0.3530289 0.3553435 0.3574062
