LUCAS_GEMMES_COP27/includes/subsidence/Scenario_M1/tmp/TOT_SUBSIDENCE_2040_SINCE_2018_MKD_ONLY.ASC
NCOLS                318
NROWS                364
XLLCORNER      400000.00
YLLCORNER      907000.00
CELLSIZE         1000.00
NODATA_VALUE    0.3402823E+39
[rows 240 to 263 of 364, columns 110 to 164 of 318]
0.3532293 0.3553652 0.3547337 0.3536256 0.3537778 0.3544781 0.3562029 0.3570496 0.3574775 0.3585200 0.3591735 0.3586685 0.3578770 0.3584189 0.3605382 0.3577261 0.3595268 0.3583263 0.3580306 0.3613014 0.3591704 0.3590270 0.3607779 0.3644891 0.3634869 0.3646349 0.3648831 0.3651390 0.3639644 0.3627914 0.3634546 0.3650832 0.3652135 0.3640232 0.3630126 0.3575840 0.3550785 0.3549742 0.3519765 0.3500672 0.3475931 0.3456165 0.3418393 0.3363305 0.3338962 0.3329628 0.3296740 0.3250235 0.3209242 0.3164929 0.3096651 0.3096803 0.3054362 0.3018191 0.2977776
0.3491467 0.3595558 0.3592068 0.3578666 0.3576545 0.3574056 0.3588292 0.3611519 0.3599626 0.3603270 0.3619746 0.3623227 0.3614946 0.3616731 0.3612159 0.3616487 0.3629560 0.3613223 0.3599027 0.3617814 0.3633986 0.3633591 0.3629835 0.3648568 0.3678326 0.3678447 0.3673726 0.3674962 0.3692369 0.3719551 0.3690680 0.3687190 0.3684424 0.3679851 0.3672371 0.3649374 0.3589502 0.3594209 0.3564656 0.3532654 0.3506887 0.3479977 0.3454518 0.3437714 0.3370394 0.3357411 0.3322016 0.3291175 0.3260013 0.3208208 0.3134296 0.3099989 0.3095433 0.3057643 0.3018277
0.3494422 0.3617760 0.3604956 0.3608226 0.3620046 0.3614155 0.3614440 0.3625311 0.3631498 0.3644943 0.3650310 0.3651034 0.3649149 0.3661678 0.3653612 0.3652929 0.3674697 0.3661890 0.3634285 0.3637842 0.3652846 0.3676404 0.3678404 0.3685632 0.3711801 0.3694874 0.3676994 0.3693540 0.3737641 0.3745764 0.3720961 0.3723589 0.3708766 0.3697473 0.3677440 0.3666148 0.3623230 0.3607084 0.3593422 0.3566923 0.3547969 0.3530861 0.3493678 0.3464282 0.3406401 0.3373569 0.3359200 0.3335099 0.3287637 0.3251229 0.3210919 0.3140376 0.3101090 0.3108507 0.3059256
0.3493862 0.3637283 0.3638481 0.3643152 0.3629939 0.3631866 0.3654271 0.3658388 0.3661337 0.3666309 0.3671801 0.3667246 0.3668470 0.3694501 0.3698462 0.3683408 0.3685876 0.3694974 0.3670066 0.3659312 0.3668457 0.3705985 0.3713402 0.3743376 0.3734612 0.3746810 0.3725818 0.3748021 0.3760778 0.3751331 0.3741412 0.3734865 0.3725804 0.3726040 0.3696163 0.3699759 0.3678549 0.3629352 0.3624157 0.3602129 0.3580919 0.3556625 0.3533300 0.3504131 0.3447699 0.3408588 0.3369657 0.3365161 0.3322511 0.3300138 0.3251577 0.3210872 0.3141494 0.3102162 0.3103849
0.3487402 0.3594516 0.3674452 0.3668385 0.3656639 0.3647841 0.3663878 0.3684015 0.3692240 0.3686100 0.3684012 0.3680016 0.3707156 0.3721576 0.3726964 0.3717451 0.3712868 0.3706966 0.3700625 0.3710945 0.3730503 0.3743294 0.3722100 0.3744385 0.3755063 0.3784571 0.3747085 0.3759374 0.3785027 0.3775770 0.3768547 0.3758355 0.3751173 0.3756189 0.3711329 0.3710903 0.3706987 0.3664171 0.3645307 0.3633841 0.3609528 0.3593405 0.3540687 0.3507197 0.3471458 0.3477204 0.3423782 0.3385167 0.3363603 0.3314689 0.3268010 0.3249462 0.3221100 0.3145733 0.3139193
0.3472195 0.3585268 0.3659385 0.3663384 0.3681158 0.3689629 0.3685893 0.3687851 0.3700283 0.3718312 0.3719633 0.3703792 0.3727219 0.3737203 0.3744125 0.3730858 0.3712134 0.3711668 0.3721200 0.3751273 0.3775446 0.3783317 0.3772935 0.3788029 0.3795366 0.3790971 0.3789949 0.3789212 0.3793442 0.3782957 0.3795329 0.3786744 0.3779607 0.3775795 0.3735234 0.3763659 0.3730496 0.3706263 0.3663980 0.3652292 0.3634858 0.3611971 0.3572599 0.3515972 0.3518899 0.3504593 0.3458683 0.3397845 0.3385772 0.3321247 0.3269477 0.3267839 0.3234029 0.3152060 0.3111350
0.3454796 0.3552902 0.3660448 0.3652533 0.3678308 0.3693103 0.3698876 0.3691827 0.3706081 0.3722085 0.3747198 0.3741195 0.3739713 0.3742611 0.3743342 0.3745760 0.3710196 0.3716763 0.3774939 0.3783995 0.3800624 0.3810036 0.3823249 0.3833571 0.3828436 0.3837294 0.3847158 0.3853487 0.3834247 0.3802688 0.3801207 0.3797148 0.3794291 0.3783531 0.3776237 0.3798988 0.3759659 0.3736202 0.3693787 0.3640853 0.3660429 0.3651877 0.3609126 0.3575000 0.3548293 0.3510471 0.3481788 0.3425128 0.3377009 0.3326954 0.3281091 0.3285309 0.3248083 0.3200819 0.3125796
0.3437929 0.3533053 0.3601036 0.3661246 0.3672224 0.3686713 0.3696620 0.3701869 0.3728552 0.3730540 0.3738809 0.3742922 0.3748858 0.3755092 0.3734246 0.3718635 0.3728740 0.3748367 0.3785582 0.3807620 0.3812639 0.3827198 0.3855897 0.3852558 0.3861170 0.3870455 0.3862135 0.3853752 0.3833122 0.3823457 0.3796405 0.3786351 0.3792109 0.3780521 0.3781244 0.3789402 0.3773033 0.3754956 0.3704988 0.3637053 0.3676390 0.3670175 0.3627322 0.3596723 0.3561557 0.3512908 0.3476413 0.3450464 0.3414302 0.3368075 0.3327484 0.3289554 0.3234121 0.3209811 0.3154187
0.3421026 0.3514358 0.3595478 0.3660976 0.3682751 0.3700654 0.3714620 0.3719537 0.3729125 0.3738438 0.3754698 0.3758304 0.3759797 0.3765081 0.3725429 0.3719118 0.3735230 0.3762173 0.3792175 0.3805698 0.3823732 0.3824516 0.3837549 0.3866327 0.3885418 0.3908298 0.3869519 0.3851900 0.3840173 0.3839334 0.3836820 0.3818560 0.3800607 0.3799169 0.3803828 0.3779761 0.3775322 0.3768145 0.3716440 0.3649775 0.3641929 0.3669691 0.3635838 0.3598661 0.3572082 0.3528456 0.3484440 0.3420469 0.3398670 0.3350205 0.3313690 0.3293868 0.3276402 0.3232476 0.3192733
0.3398347 0.3486547 0.3581915 0.3677736 0.3675869 0.3707618 0.3717229 0.3733948 0.3739524 0.3755581 0.3763491 0.3764633 0.3764186 0.3753290 0.3755178 0.3762317 0.3775254 0.3777430 0.3807468 0.3837614 0.3851015 0.3861584 0.3852719 0.3863574 0.3896234 0.3901709 0.3873254 0.3860458 0.3856021 0.3866554 0.3854710 0.3852081 0.3838495 0.3815721 0.3783071 0.3767193 0.3770400 0.3773213 0.3744127 0.3701172 0.3670440 0.3683929 0.3612330 0.3543262 0.3532048 0.3533398 0.3490910 0.3426942 0.3422094 0.3396487 0.3352953 0.3291705 0.3278063 0.3228824 0.3206625
0.3376688 0.3456915 0.3555959 0.3633496 0.3685739 0.3704627 0.3729202 0.3753459 0.3759102 0.3762362 0.3770800 0.3773027 0.3754879 0.3770239 0.3787982 0.3801724 0.3816293 0.3823783 0.3842024 0.3856589 0.3873911 0.3882651 0.3884196 0.3881847 0.3887633 0.3888985 0.3910637 0.3883628 0.3861241 0.3862699 0.3866814 0.3878740 0.3849865 0.3816826 0.3766112 0.3748088 0.3759709 0.3778995 0.3739125 0.3684824 0.3663993 0.3644708 0.3577368 0.3534559 0.3512937 0.3520702 0.3489699 0.3449125 0.3418331 0.3423387 0.3370638 0.3319634 0.3280624 0.3217114 0.3167265
0.3380819 0.3470290 0.3551912 0.3630021 0.3692448 0.3729695 0.3760828 0.3774863 0.3773888 0.3774031 0.3784545 0.3768322 0.3771198 0.3784186 0.3802364 0.3820024 0.3843432 0.3870033 0.3897717 0.3901537 0.3898108 0.3898139 0.3894349 0.3882328 0.3881619 0.3923451 0.3922357 0.3901109 0.3874247 0.3873486 0.3880731 0.3872589 0.3839327 0.3803838 0.3776878 0.3746178 0.3734321 0.3720868 0.3698403 0.3677858 0.3674142 0.3653751 0.3630784 0.3563142 0.3502797 0.3513155 0.3489848 0.3452635 0.3379869 0.3340784 0.3297112 0.3227536 0.3205582 0.3139810 0.3083137
0.3362441 0.3461058 0.3545631 0.3638038 0.3720679 0.3745800 0.3791770 0.3800174 0.3801552 0.3782691 0.3805402 0.3822840 0.3838280 0.3819585 0.3818065 0.3848584 0.3868556 0.3882737 0.3913540 0.3908489 0.3902890 0.3922959 0.3910531 0.3905720 0.3899527 0.3915381 0.3916288 0.3906406 0.3893956 0.3901117 0.3883556 0.3870191 0.3818899 0.3807210 0.3769265 0.3770285 0.3748922 0.3731782 0.3720531 0.3697886 0.3636931 0.3601204 0.3562513 0.3494863 0.3446600 0.3452624 0.3417360 0.3366782 0.3315467 0.3267251 0.3223663 0.3149945 0.3097162 0.3071231 0.3014498
0.3351497 0.3446840 0.3553264 0.3656479 0.3733152 0.3802646 0.3851732 0.3846462 0.3825598 0.3834186 0.3843838 0.3848678 0.3867486 0.3853568 0.3860690 0.3889399 0.3900359 0.3897133 0.3918062 0.3916397 0.3910750 0.3926332 0.3925585 0.3929473 0.3934279 0.3922924 0.3907130 0.3906098 0.3882147 0.3880076 0.3855196 0.3854958 0.3794504 0.3780494 0.3728625 0.3734722 0.3703903 0.3679299 0.3665582 0.3624236 0.3583308 0.3549011 0.3497114 0.3432807 0.3397356 0.3384734 0.3335458 0.3286341 0.3238692 0.3193975 0.3143407 0.3094775 0.3023143 0.2995728 0.2939157
0.3340898 0.3440915 0.3547963 0.3655296 0.3754520 0.3861823 0.3968936 0.3919398 0.3891253 0.3872454 0.3867415 0.3875425 0.3882431 0.3874229 0.3895095 0.3918043 0.3919220 0.3906826 0.3938912 0.3925740 0.3912835 0.3921174 0.3922532 0.3937037 0.3922345 0.3905140 0.3873166 0.3846217 0.3815413 0.3797518 0.3774354 0.3766814 0.3742565 0.3722148 0.3679596 0.3662220 0.3627169 0.3617368 0.3582174 0.3548894 0.3517244 0.3478394 0.3427856 0.3370252 0.3346637 0.3306310 0.3256998 0.3205927 0.3157898 0.3120413 0.3069842 0.3024941 0.2957209 0.2923450 0.2853910
0.3331726 0.3436088 0.3538945 0.3654769 0.3789966 0.3919351 0.4021739 0.4000762 0.3939750 0.3912848 0.3895720 0.3888051 0.3890752 0.3898601 0.3921480 0.3933377 0.3899093 0.3895600 0.3904058 0.3893686 0.3876319 0.3866089 0.3838492 0.3848532 0.3849836 0.3845171 0.3826312 0.3809836 0.3793695 0.3772664 0.3749186 0.3706636 0.3662639 0.3651883 0.3629259 0.3581502 0.3550799 0.3538317 0.3503773 0.3472040 0.3436121 0.3392197 0.3312993 0.3280969 0.3266417 0.3226304 0.3180959 0.3127626 0.3080286 0.3037716 0.2988838 0.2944353 0.2876045 0.2821383 0.2780294
0.3320965 0.3432575 0.3536896 0.3663499 0.3812002 0.4006479 0.4169906 0.3948823 0.3997325 0.3943182 0.3916869 0.3901786 0.3906261 0.3909994 0.3910616 0.3913536 0.3898044 0.3874583 0.3851981 0.3865152 0.3834566 0.3800898 0.3819460 0.3825330 0.3792799 0.3779760 0.3757060 0.3766098 0.3740231 0.3722470 0.3686738 0.3638022 0.3598206 0.3588917 0.3559494 0.3509518 0.3494438 0.3457215 0.3425279 0.3401518 0.3358390 0.3313927 0.3243593 0.3217745 0.3190204 0.3152139 0.3101984 0.3053223 0.3004752 0.2961731 0.2914220 0.2870074 0.2818467 0.2736321 0.2651478
0.3300720 0.3416398 0.3530861 0.3658270 0.3791555 0.3936205 0.4032056 0.3992774 0.3951338 0.3919470 0.3900626 0.3880967 0.3877786 0.3903728 0.3895028 0.3877528 0.3873076 0.3860714 0.3830773 0.3810649 0.3786157 0.3772084 0.3796027 0.3803017 0.3775189 0.3749126 0.3718630 0.3692569 0.3678338 0.3644907 0.3595620 0.3558229 0.3525865 0.3502927 0.3471964 0.3435332 0.3434276 0.3389484 0.3349596 0.3318740 0.3280530 0.3225448 0.3187920 0.3156038 0.3110031 0.3066690 0.3022562 0.2975497 0.2928061 0.2884702 0.2833099 0.2760862 0.2680347 0.2586528 0.2510453
0.3274329 0.3362551 0.3513597 0.3641393 0.3767661 0.3889379 0.3918958 0.3910400 0.3897235 0.3877306 0.3863452 0.3854391 0.3841084 0.3833996 0.3820695 0.3820918 0.3827063 0.3824499 0.3795336 0.3778931 0.3767309 0.3723732 0.3707651 0.3701836 0.3711043 0.3697597 0.3676063 0.3634216 0.3612415 0.3554460 0.3512425 0.3482532 0.3452813 0.3427355 0.3409497 0.3359894 0.3350538 0.3312089 0.3264135 0.3231326 0.3191072 0.3146562 0.3119371 0.3076143 0.3024498 0.2979500 0.2939535 0.2895867 0.2848200 0.2780808 0.2699088 0.2615793 0.2534008 0.2447112 0.2363855
0.3251339 0.3369597 0.3495475 0.3607868 0.3739811 0.3829294 0.3839139 0.3830765 0.3831198 0.3809843 0.3801126 0.3809397 0.3807115 0.3793246 0.3772369 0.3760268 0.3763386 0.3753192 0.3738832 0.3726515 0.3719061 0.3699377 0.3687759 0.3658367 0.3644860 0.3625063 0.3607396 0.3565997 0.3535824 0.3481629 0.3445816 0.3414491 0.3387425 0.3348709 0.3312123 0.3266655 0.3261601 0.3230024 0.3169548 0.3122094 0.3104391 0.3079606 0.3029281 0.2981573 0.2934758 0.2890552 0.2847487 0.2785446 0.2713766 0.2641169 0.2562031 0.2480709 0.2377473 0.2329696 0.2289736
0.3226546 0.3342271 0.3460437 0.3577305 0.3704147 0.3766789 0.3786518 0.3775098 0.3779705 0.3752199 0.3747402 0.3764767 0.3761485 0.3752927 0.3729903 0.3723509 0.3722048 0.3708407 0.3698393 0.3673900 0.3661139 0.3641465 0.3631811 0.3607038 0.3574394 0.3541964 0.3528755 0.3497677 0.3459994 0.3414337 0.3378055 0.3349210 0.3328096 0.3289776 0.3237981 0.3191127 0.3164589 0.3154653 0.3084068 0.3040035 0.3031234 0.2993360 0.2941471 0.2901435 0.2852630 0.2783160 0.2716834 0.2657729 0.2578214 0.2507844 0.2434520 0.2348675 0.2320174 0.2279834 0.2226987
0.3189111 0.3328262 0.3443732 0.3557194 0.3677437 0.3740696 0.3730357 0.3718138 0.3723366 0.3706657 0.3690071 0.3703347 0.3703788 0.3694924 0.3687605 0.3679155 0.3663259 0.3643863 0.3623753 0.3619338 0.3605740 0.3576773 0.3565660 0.3543838 0.3506889 0.3471872 0.3453877 0.3405801 0.3375950 0.3344505 0.3309377 0.3276011 0.3248440 0.3213356 0.3155559 0.3123596 0.3102466 0.3071314 0.3012165 0.2961141 0.2951907 0.2907371 0.2855610 0.2795827 0.2727484 0.2653908 0.2584301 0.2516713 0.2445260 0.2353350 0.2318639 0.2285694 0.2253271 3.4028235E+38 3.4028235E+38
0.3158522 0.3295767 0.3412326 0.3534946 0.3624629 0.3642848 0.3657833 0.3648441 0.3649355 0.3644515 0.3634605 0.3639272 0.3641220 0.3631451 0.3628028 0.3620696 0.3600275 0.3572626 0.3559338 0.3571069 0.3550867 0.3511449 0.3499760 0.3478737 0.3442400 0.3411300 0.3380328 0.3339452 0.3305933 0.3284304 0.3246490 0.3217541 0.3185028 0.3140780 0.3084677 0.3058907 0.3023333 0.2979512 0.2935601 0.2883568 0.2859781 0.2796716 0.2726152 0.2662050 0.2607780 0.2536454 0.2454183 0.2396377 0.2315993 0.2291132 3.4028235E+38 3.4028235E+38 3.4028235E+38 3.4028235E+38 3.4028235E+38
0.3120270 0.3242825 0.3364615 0.3483843 0.3531103 0.3557116 0.3572343 0.3569956 0.3564100 0.3561018 0.3577337 0.3586313 0.3579986 0.3567756 0.3559477 0.3558736 0.3544626 0.3517021 0.3521096 0.3508045 0.3487440 0.3443640 0.3433595 0.3410415 0.3375039 0.3345172 0.3316028 0.3287518 0.3244271 0.3225295 0.3192355 0.3160343 0.3121391 0.3075736 0.3011044 0.2990805 0.2949580 0.2900820 0.2845426 0.2785763 0.2738211 0.2669373 0.2602393 0.2541858 0.2474312 0.2382449 0.2312972 0.2287850 0.2255454 3.4028235E+38 3.4028235E+38 3.4028235E+38 3.4028235E+38 3.4028235E+38 3.4028235E+38
