LUCAS_GEMMES_COP27/includes/subsidence/Scenario_M1/tmp/TOT_SUBSIDENCE_2020_SINCE_2018_MKD_ONLY.ASC
NCOLS                318
NROWS                364
XLLCORNER      400000.00
YLLCORNER      907000.00
CELLSIZE         1000.00
NODATA_VALUE    0.3402823E+39
[rows 132 to 153 of 364, columns 200 to 249 of 318]
1.1386916E-02 1.1630431E-02 1.1716813E-02 1.1622906E-02 1.1695728E-02 1.2113035E-02 1.2247249E-02 1.2296215E-02 1.2316719E-02 1.2283623E-02 1.2303382E-02 1.2279779E-02 1.2136966E-02 1.2201220E-02 1.2285620E-02 1.2380928E-02 1.2485415E-02 1.2591779E-02 1.2702674E-02 1.2808084E-02 1.2910381E-02 1.3019964E-02 1.3140798E-02 1.3275594E-02 1.3549834E-02 1.3761163E-02 1.3924122E-02 1.4110550E-02 1.4266998E-02 1.4391825E-02 1.4615476E-02 1.4824823E-02 1.5024826E-02 1.5241101E-02 1.5478522E-02 1.5735507E-02 1.6035795E-02 1.6318649E-02 1.6596347E-02 1.6990945E-02 1.7489389E-02 1.8063441E-02 1.8736005E-02 1.9534111E-02 1.9988894E-02 2.0973414E-02 2.2194207E-02 2.4222255E-02 2.7630061E-02 2.5905460E-02
1.1514455E-02 1.1601135E-02 1.1614621E-02 1.1673823E-02 1.2098521E-02 1.2246862E-02 1.2322143E-02 1.2398288E-02 1.2376040E-02 1.2321576E-02 1.2321427E-02 1.2368903E-02 1.2322605E-02 1.2368575E-02 1.2309402E-02 1.2434795E-02 1.2540713E-02 1.2646049E-02 1.2743294E-02 1.2842864E-02 1.2952507E-02 1.3071567E-02 1.3189554E-02 1.3413832E-02 1.3633773E-02 1.3830215E-02 1.3998210E-02 1.4170766E-02 1.4341637E-02 1.4429525E-02 1.4639318E-02 1.4916092E-02 1.5124455E-02 1.5342161E-02 1.5582919E-02 1.5859365E-02 1.6135663E-02 1.6351432E-02 1.6772836E-02 1.7260626E-02 1.7832994E-02 1.8392354E-02 1.8948659E-02 1.9623280E-02 2.0346895E-02 2.1383077E-02 2.2343457E-02 2.4351120E-02 2.7018428E-02 2.5656730E-02
1.1458322E-02 1.1622429E-02 1.1682317E-02 1.1955366E-02 1.2108132E-02 1.2210190E-02 1.2273118E-02 1.2298703E-02 1.2334645E-02 1.2387171E-02 1.2396872E-02 1.2386233E-02 1.2407273E-02 1.2427405E-02 1.2453154E-02 1.2536839E-02 1.2667224E-02 1.2711167E-02 1.2811884E-02 1.2907669E-02 1.3028473E-02 1.3190240E-02 1.3263807E-02 1.3513550E-02 1.3733640E-02 1.3924748E-02 1.4092356E-02 1.4263332E-02 1.4440939E-02 1.4597192E-02 1.4802262E-02 1.5038237E-02 1.5257061E-02 1.5469357E-02 1.5720293E-02 1.5986696E-02 1.6267493E-02 1.6495883E-02 1.6840950E-02 1.7281383E-02 1.8030986E-02 1.8621445E-02 1.9086853E-02 1.9871026E-02 2.0580828E-02 2.1506071E-02 2.2668332E-02 2.4198949E-02 2.5543481E-02 2.5328785E-02
1.1800617E-02 1.2048423E-02 1.1966154E-02 1.1749625E-02 1.2112036E-02 1.2274742E-02 1.2384772E-02 1.2359932E-02 1.2367412E-02 1.2396291E-02 1.2430727E-02 1.2447566E-02 1.2431487E-02 1.2482136E-02 1.2554184E-02 1.2628600E-02 1.2735218E-02 1.2860790E-02 1.2978196E-02 1.3094187E-02 1.3229117E-02 1.3384119E-02 1.3505191E-02 1.3660178E-02 1.3860717E-02 1.4036357E-02 1.4204323E-02 1.4374584E-02 1.4555842E-02 1.4725968E-02 1.4933556E-02 1.5152946E-02 1.5390262E-02 1.5616924E-02 1.5866518E-02 1.6162664E-02 1.6394824E-02 1.6522333E-02 1.6762704E-02 1.7127663E-02 1.7721713E-02 1.8203110E-02 1.9099504E-02 2.0119920E-02 2.0619407E-02 2.1485090E-02 2.2574365E-02 2.4027497E-02 2.5977999E-02 2.5336385E-02
1.1886835E-02 1.2114674E-02 1.2069777E-02 1.1945605E-02 1.1953056E-02 1.2373760E-02 1.2289435E-02 1.2053177E-02 1.2099788E-02 1.2216002E-02 1.2280166E-02 1.2324929E-02 1.2411118E-02 1.2419298E-02 1.2554318E-02 1.2652844E-02 1.2792349E-02 1.2922838E-02 1.3060212E-02 1.3215512E-02 1.3377860E-02 1.3556719E-02 1.3655260E-02 1.3806850E-02 1.3991356E-02 1.4157519E-02 1.4328361E-02 1.4509484E-02 1.4667183E-02 1.4819384E-02 1.4987811E-02 1.5248656E-02 1.5568241E-02 1.5788347E-02 1.6047731E-02 1.6308114E-02 1.6524643E-02 1.6678542E-02 1.6692668E-02 1.7000705E-02 1.7340764E-02 1.7824620E-02 1.8743500E-02 1.9572034E-02 2.0339832E-02 2.1188289E-02 2.2183657E-02 2.3234427E-02 2.4332881E-02 2.4514139E-02
1.1925623E-02 1.2214154E-02 1.2266800E-02 1.2187883E-02 1.2406811E-02 1.2391135E-02 1.2384698E-02 1.2330666E-02 1.2393922E-02 1.2542203E-02 1.2577981E-02 1.2562618E-02 1.2446284E-02 1.2508169E-02 1.2641698E-02 1.2736738E-02 1.2840882E-02 1.2953728E-02 1.3086662E-02 1.3351336E-02 1.3536781E-02 1.3697132E-02 1.3825864E-02 1.3959005E-02 1.4147222E-02 1.4296755E-02 1.4406830E-02 1.4577165E-02 1.4814422E-02 1.4998004E-02 1.5170008E-02 1.5391529E-02 1.5701115E-02 1.5999526E-02 1.6273394E-02 1.6547218E-02 1.6806126E-02 1.6971827E-02 1.6953260E-02 1.7304048E-02 1.7656729E-02 1.8066466E-02 1.8577129E-02 1.9077167E-02 1.9964412E-02 2.0743236E-02 2.1690130E-02 2.2580713E-02 2.3490250E-02 2.3899257E-02
1.1931181E-02 1.2237430E-02 1.2448505E-02 1.2561172E-02 1.2619182E-02 1.2478709E-02 1.2640029E-02 1.2638628E-02 1.2608424E-02 1.2660697E-02 1.2772977E-02 1.2787908E-02 1.2788847E-02 1.2798563E-02 1.2764826E-02 1.2855634E-02 1.2955889E-02 1.3075441E-02 1.3301671E-02 1.3497666E-02 1.3659388E-02 1.3815522E-02 1.3962939E-02 1.4102235E-02 1.4299169E-02 1.4439777E-02 1.4534459E-02 1.4687926E-02 1.5003383E-02 1.5211940E-02 1.5433222E-02 1.5682906E-02 1.5952364E-02 1.6240090E-02 1.6539156E-02 1.6846836E-02 1.7162561E-02 1.7436877E-02 1.7630264E-02 1.7898291E-02 1.8004850E-02 1.8400401E-02 1.8812165E-02 1.9222230E-02 1.9673154E-02 2.0144477E-02 2.1146759E-02 2.1990597E-02 2.2767127E-02 2.3651242E-02
1.1952564E-02 1.2234256E-02 1.2488961E-02 1.2639374E-02 1.2683913E-02 1.2567148E-02 1.2711689E-02 1.2810081E-02 1.2855455E-02 1.2804851E-02 1.2933329E-02 1.2973726E-02 1.3004065E-02 1.3037711E-02 1.3075903E-02 1.3114572E-02 1.3241440E-02 1.3359606E-02 1.3508052E-02 1.3650611E-02 1.3797015E-02 1.3942555E-02 1.4094800E-02 1.4278248E-02 1.4453828E-02 1.4599591E-02 1.4661476E-02 1.4893621E-02 1.5200853E-02 1.5419587E-02 1.5660226E-02 1.5916228E-02 1.6206339E-02 1.6518012E-02 1.6837105E-02 1.7180383E-02 1.7537162E-02 1.7890558E-02 1.8197387E-02 1.8483534E-02 1.8676519E-02 1.9111365E-02 1.9394547E-02 1.9488364E-02 1.9854963E-02 2.0219401E-02 2.0659238E-02 2.1419704E-02 2.2024453E-02 2.2268325E-02
1.2039348E-02 1.2296826E-02 1.2530595E-02 1.2676731E-02 1.2716472E-02 1.2702927E-02 1.2883320E-02 1.2942180E-02 1.2982801E-02 1.2852341E-02 1.2909189E-02 1.3143539E-02 1.3191864E-02 1.3241008E-02 1.3248578E-02 1.3332769E-02 1.3473049E-02 1.3576329E-02 1.3691559E-02 1.3821065E-02 1.3943031E-02 1.4087901E-02 1.4238924E-02 1.4430791E-02 1.4614299E-02 1.4694199E-02 1.4835790E-02 1.5136167E-02 1.5402377E-02 1.5636653E-02 1.5881121E-02 1.6157955E-02 1.6472504E-02 1.6801968E-02 1.7148793E-02 1.7470524E-02 1.7908096E-02 1.8320650E-02 1.8724933E-02 1.9086733E-02 1.9376233E-02 1.9734785E-02 2.0027354E-02 2.0219088E-02 2.0437360E-02 2.0407572E-02 2.0640612E-02 2.0813242E-02 2.1237835E-02 2.1188498E-02
1.2175098E-02 1.2400746E-02 1.2600318E-02 1.2732044E-02 1.2688339E-02 1.2776017E-02 1.3019517E-02 1.3071924E-02 1.3115466E-02 1.3157144E-02 1.3136283E-02 1.3299748E-02 1.3358980E-02 1.3426259E-02 1.3437018E-02 1.3523310E-02 1.3615385E-02 1.3716042E-02 1.3821214E-02 1.3963237E-02 1.4069915E-02 1.4226884E-02 1.4397770E-02 1.4577284E-02 1.4740601E-02 1.4958516E-02 1.5141338E-02 1.5380919E-02 1.5629277E-02 1.5868992E-02 1.6116828E-02 1.6395777E-02 1.6712591E-02 1.6977668E-02 1.7302752E-02 1.7705679E-02 1.8151164E-02 1.8673778E-02 1.9289255E-02 1.9616306E-02 1.9939393E-02 2.0197093E-02 2.0629346E-02 2.0813286E-02 2.0882115E-02 2.0757034E-02 2.0556167E-02 2.0674959E-02 2.0823032E-02 2.1127060E-02
1.2245506E-02 1.2440875E-02 1.2684628E-02 1.2811795E-02 1.2762859E-02 1.2956932E-02 1.3168380E-02 1.3239965E-02 1.3252795E-02 1.3350800E-02 1.3207912E-02 1.3267040E-02 1.3429642E-02 1.3519287E-02 1.3601229E-02 1.3686016E-02 1.3837308E-02 1.3929084E-02 1.3973147E-02 1.4054433E-02 1.4104009E-02 1.4339820E-02 1.4533088E-02 1.4699742E-02 1.4921725E-02 1.5199080E-02 1.5399456E-02 1.5585020E-02 1.5833840E-02 1.6080722E-02 1.6334802E-02 1.6614094E-02 1.6895562E-02 1.7146468E-02 1.7538860E-02 1.7967850E-02 1.8423215E-02 1.8965587E-02 1.9589350E-02 2.0080060E-02 2.0381436E-02 2.0774394E-02 2.1125898E-02 2.1095887E-02 2.1101370E-02 2.1047056E-02 2.0897582E-02 2.0600915E-02 2.0647749E-02 2.0774826E-02
1.2420237E-02 1.2573451E-02 1.2723401E-02 1.2888789E-02 1.2952149E-02 1.3074800E-02 1.3311803E-02 1.3332203E-02 1.3235033E-02 1.3411969E-02 1.3412893E-02 1.3441786E-02 1.3568923E-02 1.3732836E-02 1.3815448E-02 1.3907909E-02 1.4010698E-02 1.4106080E-02 1.4189899E-02 1.4245555E-02 1.4250740E-02 1.4462784E-02 1.4678866E-02 1.4847979E-02 1.5004501E-02 1.5306711E-02 1.5514508E-02 1.5712783E-02 1.6043589E-02 1.6316727E-02 1.6536459E-02 1.6800553E-02 1.7059639E-02 1.7408624E-02 1.7821670E-02 1.8292367E-02 1.8802658E-02 1.9380853E-02 1.9889340E-02 2.0326093E-02 2.0611003E-02 2.0909935E-02 2.1137834E-02 2.1238402E-02 2.1253526E-02 2.1214649E-02 2.1095365E-02 2.0700246E-02 2.0396024E-02 2.0571783E-02
1.2562796E-02 1.2658447E-02 1.2802765E-02 1.3041481E-02 1.3244495E-02 1.3262615E-02 1.3361782E-02 1.3509557E-02 1.3460472E-02 1.3424441E-02 1.3514504E-02 1.3608471E-02 1.3682932E-02 1.3762742E-02 1.3937324E-02 1.4058724E-02 1.4170617E-02 1.4288262E-02 1.4378935E-02 1.4428481E-02 1.4436588E-02 1.4558196E-02 1.4827043E-02 1.5091762E-02 1.5221402E-02 1.5436277E-02 1.5677750E-02 1.5907809E-02 1.6162589E-02 1.6469061E-02 1.6726285E-02 1.6936004E-02 1.7085552E-02 1.7580241E-02 1.8057719E-02 1.8607005E-02 1.9140869E-02 1.9630775E-02 2.0043358E-02 2.0439744E-02 2.0777777E-02 2.1083832E-02 2.1243960E-02 2.1277785E-02 2.1333322E-02 2.1291748E-02 2.1179184E-02 2.0962536E-02 2.0743251E-02 2.0518914E-02
1.2736231E-02 1.2837619E-02 1.3037100E-02 1.3239995E-02 1.3398200E-02 1.3489589E-02 1.3510928E-02 1.3584152E-02 1.3638511E-02 1.3669431E-02 1.3759837E-02 1.3765454E-02 1.3833538E-02 1.3829052E-02 1.4051571E-02 1.4198095E-02 1.4331132E-02 1.4448628E-02 1.4542237E-02 1.4654860E-02 1.4713421E-02 1.4756024E-02 1.4928952E-02 1.5257031E-02 1.5520379E-02 1.5772164E-02 1.6014382E-02 1.6233966E-02 1.6414911E-02 1.6669229E-02 1.6922906E-02 1.7096743E-02 1.7246023E-02 1.7719164E-02 1.8196583E-02 1.8686131E-02 1.9290522E-02 1.9723311E-02 2.0181090E-02 2.0616740E-02 2.0925879E-02 2.1295369E-02 2.1327525E-02 2.1338522E-02 2.1344244E-02 2.1303475E-02 2.1209747E-02 2.1061599E-02 2.0788878E-02 2.0421878E-02
1.2931690E-02 1.3088077E-02 1.3278663E-02 1.3415247E-02 1.3545215E-02 1.3654798E-02 1.3732508E-02 1.3744384E-02 1.3811454E-02 1.3908401E-02 1.3924345E-02 1.3919309E-02 1.3844043E-02 1.3964921E-02 1.4181554E-02 1.4334574E-02 1.4487132E-02 1.4610723E-02 1.4714047E-02 1.4861733E-02 1.4968961E-02 1.5067652E-02 1.5074357E-02 1.5376180E-02 1.5735716E-02 1.5986219E-02 1.6250476E-02 1.6512334E-02 1.6736269E-02 1.6946703E-02 1.7175347E-02 1.7196730E-02 1.7471939E-02 1.7729759E-02 1.8086284E-02 1.8527567E-02 1.9263655E-02 1.9793242E-02 2.0295933E-02 2.0880699E-02 2.1017119E-02 2.1164849E-02 2.1241695E-02 2.1290988E-02 2.1292523E-02 2.1258533E-02 2.1159425E-02 2.0974740E-02 2.0714045E-02 2.0275012E-02
1.3113320E-02 1.3291463E-02 1.3442963E-02 1.3564676E-02 1.3678357E-02 1.3836712E-02 1.3936430E-02 1.3946161E-02 1.4060766E-02 1.4112145E-02 1.4122352E-02 1.4112040E-02 1.4037594E-02 1.4089376E-02 1.4305517E-02 1.4476806E-02 1.4638856E-02 1.4794499E-02 1.4917269E-02 1.5054464E-02 1.5210107E-02 1.5334025E-02 1.5400454E-02 1.5603542E-02 1.5959144E-02 1.6214013E-02 1.6449615E-02 1.6696215E-02 1.6967967E-02 1.7152533E-02 1.7361179E-02 1.7400056E-02 1.7670393E-02 1.7900661E-02 1.8348321E-02 1.8811837E-02 1.9419521E-02 1.9896060E-02 2.0309970E-02 2.0676240E-02 2.0813629E-02 2.0833343E-02 2.1103173E-02 2.1184713E-02 2.1166056E-02 2.1121591E-02 2.0866469E-02 2.0779014E-02 2.0687014E-02 2.0402238E-02
1.3360366E-02 1.3554707E-02 1.3695732E-02 1.3826415E-02 1.3907582E-02 1.4006212E-02 1.4115006E-02 1.4178917E-02 1.4278665E-02 1.4334753E-02 1.4343023E-02 1.4324144E-02 1.4261171E-02 1.4298677E-02 1.4387041E-02 1.4606744E-02 1.4797330E-02 1.4958024E-02 1.5120819E-02 1.5269011E-02 1.5420869E-02 1.5580073E-02 1.5760034E-02 1.5943408E-02 1.6180977E-02 1.6406491E-02 1.6669795E-02 1.6893595E-02 1.7116070E-02 1.7354697E-02 1.7547145E-02 1.7700672E-02 1.7914429E-02 1.8083468E-02 1.8441081E-02 1.8928498E-02 1.9603536E-02 1.9960642E-02 2.0296335E-02 2.0580113E-02 2.0732224E-02 2.0770013E-02 2.0941079E-02 2.0992070E-02 2.0968556E-02 2.0927355E-02 2.0829931E-02 2.0741940E-02 2.0578668E-02 2.0352870E-02
1.3637289E-02 1.3818547E-02 1.3957202E-02 1.4096111E-02 1.4215365E-02 1.4294207E-02 1.4359429E-02 1.4468506E-02 1.4518544E-02 1.4565334E-02 1.4604837E-02 1.4520675E-02 1.4530391E-02 1.4619470E-02 1.4651999E-02 1.4717102E-02 1.4942303E-02 1.5121192E-02 1.5298173E-02 1.5481398E-02 1.5543699E-02 1.5708581E-02 1.6009286E-02 1.6182080E-02 1.6401991E-02 1.6642362E-02 1.6814560E-02 1.7050594E-02 1.7239884E-02 1.7499983E-02 1.7663404E-02 1.7803818E-02 1.8099904E-02 1.8425047E-02 1.8761516E-02 1.9215226E-02 1.9592106E-02 1.9918740E-02 2.0234734E-02 2.0478338E-02 2.0661831E-02 2.0768836E-02 2.0782113E-02 2.0759478E-02 2.0697370E-02 2.0620868E-02 2.0522237E-02 2.0485103E-02 2.0416185E-02 2.0283282E-02
1.3901487E-02 1.4097258E-02 1.4250085E-02 1.4392197E-02 1.4524817E-02 1.4570951E-02 1.4647856E-02 1.4746472E-02 1.4787570E-02 1.4799342E-02 1.4839888E-02 1.4807090E-02 1.4861941E-02 1.4913782E-02 1.4973059E-02 1.5023872E-02 1.5083104E-02 1.5231773E-02 1.5429005E-02 1.5620708E-02 1.5749693E-02 1.5988797E-02 1.6220391E-02 1.6382918E-02 1.6524523E-02 1.6708240E-02 1.6887754E-02 1.7138541E-02 1.7369330E-02 1.7579794E-02 1.7702475E-02 1.7891943E-02 1.8230930E-02 1.8622503E-02 1.8964261E-02 1.9307494E-02 1.9607693E-02 1.9900218E-02 2.0149127E-02 2.0334467E-02 2.0475030E-02 2.0566300E-02 2.0533383E-02 2.0454243E-02 2.0344540E-02 2.0238400E-02 2.0031810E-02 2.0165563E-02 2.0209387E-02 2.0160928E-02
1.4194384E-02 1.4327928E-02 1.4494509E-02 1.4696673E-02 1.4831454E-02 1.4901772E-02 1.5017271E-02 1.5067488E-02 1.5116513E-02 1.5104279E-02 1.5076637E-02 1.5113279E-02 1.5205905E-02 1.5237361E-02 1.5271634E-02 1.5272096E-02 1.5459135E-02 1.5474975E-02 1.5381455E-02 1.5716046E-02 1.5864402E-02 1.6120926E-02 1.6300008E-02 1.6439185E-02 1.6574606E-02 1.6730443E-02 1.6919255E-02 1.7188266E-02 1.7438054E-02 1.7647147E-02 1.7859176E-02 1.8082619E-02 1.8409893E-02 1.8723577E-02 1.9028544E-02 1.9288912E-02 1.9591853E-02 1.9863918E-02 2.0080760E-02 2.0189419E-02 2.0113826E-02 2.0275146E-02 2.0263001E-02 2.0104051E-02 1.9885153E-02 1.9852579E-02 1.9799590E-02 1.9797891E-02 1.9901454E-02 1.9968167E-02
1.4558136E-02 1.4732733E-02 1.4840811E-02 1.5025064E-02 1.5187234E-02 1.5270203E-02 1.5360638E-02 1.5437424E-02 1.5471265E-02 1.5468359E-02 1.5446723E-02 1.5500858E-02 1.5535891E-02 1.5564278E-02 1.5539631E-02 1.5431434E-02 1.5429825E-02 1.5410617E-02 1.5292943E-02 1.5952095E-02 1.5820354E-02 1.6063809E-02 1.6295925E-02 1.6404182E-02 1.6553596E-02 1.6712517E-02 1.6904578E-02 1.7123848E-02 1.7399862E-02 1.7640084E-02 1.7924368E-02 1.8186986E-02 1.8453792E-02 1.8685907E-02 1.8944025E-02 1.9139841E-02 1.9481167E-02 1.9790068E-02 1.9960910E-02 2.0025015E-02 1.9954145E-02 2.0046741E-02 1.9948930E-02 1.9737452E-02 1.9707605E-02 1.9797996E-02 1.9775704E-02 1.9538149E-02 1.9526944E-02 1.9735724E-02
1.5110642E-02 1.5209883E-02 1.5390158E-02 1.5489727E-02 1.5622824E-02 1.5726969E-02 1.5790641E-02 1.5838221E-02 1.5870690E-02 1.5871987E-02 1.5921175E-02 1.5945077E-02 1.5913710E-02 1.5948534E-02 1.5900120E-02 1.5842780E-02 1.5795127E-02 1.5773833E-02 1.5724301E-02 1.5706614E-02 1.5931234E-02 1.6059056E-02 1.6219243E-02 1.6440883E-02 1.6651660E-02 1.6845599E-02 1.7034248E-02 1.7158940E-02 1.7282933E-02 1.7516777E-02 1.7908856E-02 1.8157974E-02 1.8398240E-02 1.8543527E-02 1.8808261E-02 1.9127890E-02 1.9473255E-02 1.9705445E-02 1.9858435E-02 1.9935906E-02 1.9900218E-02 1.9810289E-02 1.9618869E-02 1.9593537E-02 1.9694462E-02 1.9753128E-02 1.9740835E-02 1.9646212E-02 1.9511148E-02 1.9481704E-02
