LUCAS_GEMMES_COP27/includes/subsidence/Scenario_M1/tmp/TOT_SUBSIDENCE_2100_SINCE_2018_MKD_ONLY.ASC
NCOLS                318
NROWS                364
XLLCORNER      400000.00
YLLCORNER      907000.00
CELLSIZE         1000.00
NODATA_VALUE    0.3402823E+39
[rows 240 to 263 of 364, columns 55 to 109 of 318]
3.4028235E+38 3.4028235E+38 3.4028235E+38 3.4028235E+38 3.4028235E+38 3.4028235E+38 3.4028235E+38 3.4028235E+38 3.4028235E+38 3.4028235E+38 3.4028235E+38 3.4028235E+38 3.4028235E+38 3.4028235E+38 3.4028235E+38 3.4028235E+38 3.4028235E+38 3.4028235E+38 3.4028235E+38 3.4028235E+38 3.4028235E+38 3.4028235E+38 3.4028235E+38 3.4028235E+38 3.4028235E+38 3.4028235E+38 0.3226033 0.3297027 0.3343582 0.3407592 0.3487698 0.3546736 0.3606811 0.3665830 0.3730336 0.3786568 0.3840439 0.3889738 0.3938801 0.3995972 0.4046057 0.4242500 0.4464404 0.4709288 0.4947465 0.5197991 0.5439274 0.5702810 0.5985022 0.6229869 0.6489669 0.6746697 0.7023540 0.7263654 0.7501728
3.4028235E+38 3.4028235E+38 3.4028235E+38 3.4028235E+38 3.4028235E+38 3.4028235E+38 3.4028235E+38 3.4028235E+38 3.4028235E+38 3.4028235E+38 3.4028235E+38 3.4028235E+38 3.4028235E+38 3.4028235E+38 3.4028235E+38 3.4028235E+38 3.4028235E+38 3.4028235E+38 3.4028235E+38 3.4028235E+38 3.4028235E+38 3.4028235E+38 3.4028235E+38 3.4028235E+38 3.4028235E+38 3.4028235E+38 0.3224037 0.3294345 0.3358186 0.3420947 0.3488810 0.3551496 0.3609609 0.3666854 0.3729459 0.3788080 0.3840717 0.3886422 0.3941105 0.4004547 0.4055348 0.4254444 0.4471067 0.4711260 0.4944798 0.5196157 0.5455630 0.5721288 0.5986928 0.6252576 0.6519064 0.6768569 0.7012985 0.7246338 0.7489209
3.4028235E+38 3.4028235E+38 3.4028235E+38 3.4028235E+38 3.4028235E+38 3.4028235E+38 3.4028235E+38 3.4028235E+38 3.4028235E+38 3.4028235E+38 3.4028235E+38 3.4028235E+38 3.4028235E+38 3.4028235E+38 3.4028235E+38 3.4028235E+38 3.4028235E+38 3.4028235E+38 3.4028235E+38 3.4028235E+38 3.4028235E+38 3.4028235E+38 3.4028235E+38 3.4028235E+38 3.4028235E+38 3.4028235E+38 0.3248731 0.3317147 0.3373273 0.3449419 0.3516100 0.3580984 0.3629968 0.3678820 0.3747962 0.3811810 0.3867049 0.3918920 0.3977329 0.4039191 0.4094372 0.4294158 0.4502960 0.4734598 0.4973148 0.5223843 0.5495561 0.5745312 0.6010145 0.6275762 0.6520571 0.6768087 0.7005945 0.7228490 0.7458628
3.4028235E+38 3.4028235E+38 3.4028235E+38 3.4028235E+38 3.4028235E+38 3.4028235E+38 3.4028235E+38 3.4028235E+38 3.4028235E+38 3.4028235E+38 3.4028235E+38 3.4028235E+38 3.4028235E+38 3.4028235E+38 3.4028235E+38 3.4028235E+38 3.4028235E+38 3.4028235E+38 3.4028235E+38 3.4028235E+38 3.4028235E+38 3.4028235E+38 3.4028235E+38 3.4028235E+38 3.4028235E+38 3.4028235E+38 0.3258526 0.3327101 0.3382560 0.3462514 0.3529763 0.3598700 0.3652139 0.3702455 0.3764374 0.3825483 0.3886376 0.3944898 0.4002749 0.4059969 0.4120101 0.4307472 0.4511394 0.4738696 0.4981835 0.5235500 0.5512826 0.5764157 0.6027979 0.6283589 0.6524895 0.6781297 0.7013923 0.7223011 0.7443965
3.4028235E+38 3.4028235E+38 3.4028235E+38 3.4028235E+38 3.4028235E+38 3.4028235E+38 3.4028235E+38 3.4028235E+38 3.4028235E+38 3.4028235E+38 3.4028235E+38 3.4028235E+38 3.4028235E+38 3.4028235E+38 3.4028235E+38 3.4028235E+38 3.4028235E+38 3.4028235E+38 3.4028235E+38 3.4028235E+38 3.4028235E+38 3.4028235E+38 3.4028235E+38 3.4028235E+38 3.4028235E+38 3.4028235E+38 0.3266044 0.3333075 0.3387408 0.3470358 0.3541065 0.3604273 0.3665739 0.3724452 0.3787244 0.3844194 0.3913972 0.3971360 0.4022636 0.4078463 0.4136087 0.4303802 0.4496443 0.4727723 0.4984984 0.5252354 0.5528983 0.5796592 0.6043383 0.6279564 0.6537765 0.6783612 0.7015780 0.7232327 0.7447332
3.4028235E+38 3.4028235E+38 3.4028235E+38 3.4028235E+38 3.4028235E+38 3.4028235E+38 3.4028235E+38 3.4028235E+38 3.4028235E+38 3.4028235E+38 3.4028235E+38 3.4028235E+38 3.4028235E+38 3.4028235E+38 3.4028235E+38 3.4028235E+38 3.4028235E+38 3.4028235E+38 3.4028235E+38 3.4028235E+38 3.4028235E+38 3.4028235E+38 3.4028235E+38 3.4028235E+38 3.4028235E+38 3.4028235E+38 0.3277106 0.3343520 0.3397369 0.3464524 0.3532540 0.3596424 0.3663217 0.3728144 0.3796846 0.3858692 0.3915827 0.3974895 0.4029709 0.4084635 0.4156170 0.4196082 0.4466635 0.4704443 0.4971754 0.5241627 0.5512114 0.5790408 0.6054983 0.6292911 0.6545173 0.6780252 0.7004788 0.7201885 0.7414212
3.4028235E+38 3.4028235E+38 3.4028235E+38 3.4028235E+38 3.4028235E+38 3.4028235E+38 3.4028235E+38 3.4028235E+38 3.4028235E+38 3.4028235E+38 3.4028235E+38 3.4028235E+38 3.4028235E+38 3.4028235E+38 3.4028235E+38 3.4028235E+38 3.4028235E+38 3.4028235E+38 3.4028235E+38 3.4028235E+38 3.4028235E+38 3.4028235E+38 3.4028235E+38 3.4028235E+38 3.4028235E+38 3.4028235E+38 0.3291035 0.3352721 0.3406445 0.3485479 0.3543666 0.3609443 0.3668520 0.3733766 0.3802510 0.3876388 0.3938455 0.3998668 0.4056873 0.4114861 0.4171038 0.4225674 0.4469917 0.4716291 0.4982975 0.5257886 0.5534836 0.5821530 0.6089591 0.6297426 0.6524291 0.6769428 0.6981825 0.7194971 0.7406161
3.4028235E+38 3.4028235E+38 3.4028235E+38 3.4028235E+38 3.4028235E+38 3.4028235E+38 3.4028235E+38 3.4028235E+38 3.4028235E+38 3.4028235E+38 3.4028235E+38 3.4028235E+38 3.4028235E+38 3.4028235E+38 3.4028235E+38 3.4028235E+38 3.4028235E+38 3.4028235E+38 3.4028235E+38 3.4028235E+38 3.4028235E+38 3.4028235E+38 3.4028235E+38 3.4028235E+38 3.4028235E+38 3.4028235E+38 0.3293396 0.3359810 0.3413270 0.3490943 0.3550026 0.3616106 0.3681668 0.3741648 0.3809865 0.3878906 0.3945768 0.4013100 0.4074963 0.4130648 0.4181813 0.4234326 0.4470794 0.4711165 0.4971708 0.5256906 0.5540383 0.5839868 0.6136293 0.6295945 0.6502068 0.6736988 0.6964453 0.7183368 0.7369448
3.4028235E+38 3.4028235E+38 3.4028235E+38 3.4028235E+38 3.4028235E+38 3.4028235E+38 3.4028235E+38 3.4028235E+38 3.4028235E+38 3.4028235E+38 3.4028235E+38 3.4028235E+38 3.4028235E+38 3.4028235E+38 3.4028235E+38 3.4028235E+38 3.4028235E+38 3.4028235E+38 3.4028235E+38 3.4028235E+38 3.4028235E+38 3.4028235E+38 3.4028235E+38 3.4028235E+38 3.4028235E+38 3.4028235E+38 0.3286938 0.3355346 0.3421444 0.3496308 0.3556059 0.3625783 0.3704062 0.3763634 0.3821778 0.3876086 0.3956390 0.4022583 0.4082258 0.4138944 0.4190328 0.4247410 0.4483061 0.4721733 0.4979560 0.5254909 0.5546685 0.5820096 0.6063583 0.6277889 0.6495398 0.6719064 0.6920496 0.7136974 0.7321422
3.4028235E+38 3.4028235E+38 3.4028235E+38 3.4028235E+38 3.4028235E+38 3.4028235E+38 3.4028235E+38 3.4028235E+38 3.4028235E+38 3.4028235E+38 3.4028235E+38 3.4028235E+38 3.4028235E+38 3.4028235E+38 3.4028235E+38 3.4028235E+38 3.4028235E+38 3.4028235E+38 3.4028235E+38 3.4028235E+38 3.4028235E+38 3.4028235E+38 3.4028235E+38 3.4028235E+38 3.4028235E+38 0.3228077 0.3298622 0.3358952 0.3427301 0.3496067 0.3559852 0.3633301 0.3701448 0.3758664 0.3818507 0.3882672 0.3951665 0.4013055 0.4072339 0.4129035 0.4182478 0.4242367 0.4475226 0.4709764 0.4956307 0.5234289 0.5512497 0.5785841 0.6045340 0.6285814 0.6499826 0.6719174 0.6895139 0.7092785 0.7304318
3.4028235E+38 3.4028235E+38 3.4028235E+38 3.4028235E+38 3.4028235E+38 3.4028235E+38 3.4028235E+38 3.4028235E+38 3.4028235E+38 3.4028235E+38 3.4028235E+38 3.4028235E+38 3.4028235E+38 3.4028235E+38 3.4028235E+38 3.4028235E+38 3.4028235E+38 3.4028235E+38 3.4028235E+38 3.4028235E+38 3.4028235E+38 3.4028235E+38 3.4028235E+38 3.4028235E+38 3.4028235E+38 0.3230271 0.3300394 0.3361093 0.3429736 0.3507428 0.3577015 0.3643748 0.3710752 0.3774328 0.3836149 0.3886685 0.3964465 0.4021933 0.4082062 0.4142106 0.4205725 0.4258061 0.4486172 0.4717426 0.4956612 0.5235488 0.5505278 0.5777513 0.6014218 0.6247348 0.6451226 0.6678419 0.6860654 0.7068152 0.7299342
3.4028235E+38 3.4028235E+38 3.4028235E+38 3.4028235E+38 3.4028235E+38 3.4028235E+38 3.4028235E+38 3.4028235E+38 3.4028235E+38 3.4028235E+38 3.4028235E+38 3.4028235E+38 3.4028235E+38 3.4028235E+38 3.4028235E+38 3.4028235E+38 3.4028235E+38 3.4028235E+38 3.4028235E+38 3.4028235E+38 3.4028235E+38 3.4028235E+38 3.4028235E+38 3.4028235E+38 3.4028235E+38 0.3229958 0.3301143 0.3366694 0.3430329 0.3507931 0.3578281 0.3649132 0.3709463 0.3773844 0.3837511 0.3888688 0.3963294 0.4021511 0.4081959 0.4142356 0.4202533 0.4257087 0.4480242 0.4710401 0.4944623 0.5218847 0.5487938 0.5756413 0.5984832 0.6212599 0.6416425 0.6642498 0.6843046 0.7055919 0.7266243
3.4028235E+38 3.4028235E+38 3.4028235E+38 3.4028235E+38 3.4028235E+38 3.4028235E+38 3.4028235E+38 3.4028235E+38 3.4028235E+38 3.4028235E+38 3.4028235E+38 3.4028235E+38 3.4028235E+38 3.4028235E+38 3.4028235E+38 3.4028235E+38 3.4028235E+38 3.4028235E+38 3.4028235E+38 3.4028235E+38 3.4028235E+38 3.4028235E+38 3.4028235E+38 3.4028235E+38 3.4028235E+38 0.3226918 0.3297018 0.3361201 0.3425987 0.3506044 0.3577321 0.3653236 0.3706632 0.3770598 0.3834990 0.3889963 0.3961293 0.4020241 0.4080835 0.4138783 0.4193314 0.4247120 0.4473315 0.4702505 0.4936741 0.5200513 0.5471444 0.5733888 0.5956063 0.6187310 0.6393257 0.6618178 0.6817073 0.7021411 0.7238598
3.4028235E+38 3.4028235E+38 3.4028235E+38 3.4028235E+38 3.4028235E+38 3.4028235E+38 3.4028235E+38 3.4028235E+38 3.4028235E+38 3.4028235E+38 3.4028235E+38 3.4028235E+38 3.4028235E+38 3.4028235E+38 3.4028235E+38 3.4028235E+38 3.4028235E+38 3.4028235E+38 3.4028235E+38 3.4028235E+38 3.4028235E+38 3.4028235E+38 3.4028235E+38 3.4028235E+38 3.4028235E+38 0.3222601 0.3292448 0.3352435 0.3420659 0.3500839 0.3569882 0.3638113 0.3699032 0.3763232 0.3828542 0.3878962 0.3953462 0.4016105 0.4077214 0.4134196 0.4187698 0.4239668 0.4462948 0.4692761 0.4919310 0.5173752 0.5428655 0.5690225 0.5919631 0.6149931 0.6364195 0.6571938 0.6775001 0.6988788 0.7214637
3.4028235E+38 3.4028235E+38 3.4028235E+38 3.4028235E+38 3.4028235E+38 3.4028235E+38 3.4028235E+38 3.4028235E+38 3.4028235E+38 3.4028235E+38 3.4028235E+38 3.4028235E+38 3.4028235E+38 3.4028235E+38 3.4028235E+38 3.4028235E+38 3.4028235E+38 3.4028235E+38 3.4028235E+38 3.4028235E+38 3.4028235E+38 3.4028235E+38 3.4028235E+38 3.4028235E+38 3.4028235E+38 0.3216550 0.3286005 0.3342751 0.3408908 0.3473250 0.3547490 0.3614745 0.3677064 0.3742961 0.3807611 0.3868241 0.3933103 0.3997799 0.4058858 0.4117190 0.4168985 0.4219897 0.4435167 0.4659765 0.4888527 0.5131556 0.5399621 0.5673923 0.5904760 0.6129949 0.6326993 0.6560835 0.6776104 0.6993285 0.7192386
3.4028235E+38 3.4028235E+38 3.4028235E+38 3.4028235E+38 3.4028235E+38 3.4028235E+38 3.4028235E+38 3.4028235E+38 3.4028235E+38 3.4028235E+38 3.4028235E+38 3.4028235E+38 3.4028235E+38 3.4028235E+38 3.4028235E+38 3.4028235E+38 3.4028235E+38 3.4028235E+38 3.4028235E+38 3.4028235E+38 3.4028235E+38 3.4028235E+38 3.4028235E+38 3.4028235E+38 0.3140267 0.3208697 0.3277328 0.3335790 0.3412429 0.3467888 0.3544645 0.3614566 0.3678538 0.3743559 0.3807523 0.3860053 0.3935197 0.3997619 0.4051983 0.4109868 0.4166341 0.4219508 0.4430112 0.4649979 0.4863698 0.5103112 0.5375576 0.5634310 0.5849116 0.6070672 0.6289784 0.6515249 0.6733926 0.6949844 0.7148714
3.4028235E+38 3.4028235E+38 3.4028235E+38 3.4028235E+38 3.4028235E+38 3.4028235E+38 3.4028235E+38 3.4028235E+38 3.4028235E+38 3.4028235E+38 3.4028235E+38 3.4028235E+38 3.4028235E+38 3.4028235E+38 3.4028235E+38 3.4028235E+38 3.4028235E+38 3.4028235E+38 3.4028235E+38 3.4028235E+38 3.4028235E+38 3.4028235E+38 3.4028235E+38 3.4028235E+38 0.3133503 0.3202209 0.3270493 0.3327971 0.3396055 0.3468898 0.3539224 0.3603230 0.3667523 0.3731136 0.3794444 0.3849275 0.3917407 0.3976090 0.4035643 0.4090713 0.4150081 0.4203111 0.4396582 0.4616103 0.4842053 0.5079356 0.5346313 0.5603756 0.5817544 0.6043292 0.6267262 0.6495752 0.6716206 0.6936058 0.7147770
3.4028235E+38 3.4028235E+38 3.4028235E+38 3.4028235E+38 3.4028235E+38 3.4028235E+38 3.4028235E+38 3.4028235E+38 3.4028235E+38 3.4028235E+38 3.4028235E+38 3.4028235E+38 3.4028235E+38 3.4028235E+38 3.4028235E+38 3.4028235E+38 3.4028235E+38 3.4028235E+38 3.4028235E+38 3.4028235E+38 3.4028235E+38 3.4028235E+38 3.4028235E+38 3.4028235E+38 0.3115623 0.3183377 0.3251628 0.3318560 0.3385042 0.3451202 0.3515785 0.3580142 0.3643173 0.3704650 0.3770787 0.3832818 0.3899632 0.3957878 0.4013676 0.4068676 0.4111177 0.4165364 0.4368130 0.4582420 0.4805544 0.5041959 0.5305210 0.5569863 0.5792220 0.6010301 0.6230696 0.6456127 0.6694639 0.6914958 0.7134693
3.4028235E+38 3.4028235E+38 3.4028235E+38 3.4028235E+38 3.4028235E+38 3.4028235E+38 3.4028235E+38 3.4028235E+38 3.4028235E+38 3.4028235E+38 3.4028235E+38 3.4028235E+38 3.4028235E+38 3.4028235E+38 3.4028235E+38 3.4028235E+38 3.4028235E+38 3.4028235E+38 3.4028235E+38 3.4028235E+38 3.4028235E+38 3.4028235E+38 3.4028235E+38 3.4028235E+38 0.3115918 0.3179916 0.3250102 0.3315972 0.3371614 0.3437792 0.3513643 0.3578133 0.3639742 0.3701483 0.3751256 0.3812797 0.3880085 0.3940113 0.3999573 0.4035223 0.4083908 0.4141102 0.4337811 0.4539418 0.4766883 0.4994356 0.5266749 0.5540466 0.5768418 0.5970274 0.6197806 0.6410632 0.6655560 0.6878832 0.7094302
3.4028235E+38 3.4028235E+38 3.4028235E+38 3.4028235E+38 3.4028235E+38 3.4028235E+38 3.4028235E+38 3.4028235E+38 3.4028235E+38 3.4028235E+38 3.4028235E+38 3.4028235E+38 3.4028235E+38 3.4028235E+38 3.4028235E+38 3.4028235E+38 3.4028235E+38 3.4028235E+38 3.4028235E+38 3.4028235E+38 3.4028235E+38 3.4028235E+38 3.4028235E+38 3.4028235E+38 0.3101295 0.3161280 0.3239200 0.3304971 0.3369659 0.3425951 0.3500063 0.3563282 0.3625293 0.3684652 0.3746973 0.3794382 0.3860849 0.3908510 0.3969417 0.4014315 0.4058672 0.4112235 0.4314571 0.4514460 0.4735855 0.4954150 0.5212802 0.5489156 0.5710573 0.5915825 0.6145475 0.6362683 0.6615000 0.6848658 0.7068391
3.4028235E+38 3.4028235E+38 3.4028235E+38 3.4028235E+38 3.4028235E+38 3.4028235E+38 3.4028235E+38 3.4028235E+38 3.4028235E+38 3.4028235E+38 3.4028235E+38 3.4028235E+38 3.4028235E+38 3.4028235E+38 3.4028235E+38 3.4028235E+38 3.4028235E+38 3.4028235E+38 3.4028235E+38 3.4028235E+38 3.4028235E+38 3.4028235E+38 3.4028235E+38 3.4028235E+38 0.3095630 0.3157648 0.3225912 0.3282223 0.3333851 0.3409522 0.3475363 0.3534921 0.3608934 0.3670959 0.3730193 0.3775753 0.3827446 0.3882515 0.3948096 0.3993287 0.4038447 0.4084688 0.4260594 0.4462091 0.4684364 0.4920677 0.5166842 0.5436054 0.5652857 0.5882064 0.6121206 0.6314518 0.6548735 0.6794627 0.7021813
3.4028235E+38 3.4028235E+38 3.4028235E+38 3.4028235E+38 3.4028235E+38 3.4028235E+38 3.4028235E+38 3.4028235E+38 3.4028235E+38 3.4028235E+38 3.4028235E+38 3.4028235E+38 3.4028235E+38 3.4028235E+38 3.4028235E+38 3.4028235E+38 3.4028235E+38 3.4028235E+38 3.4028235E+38 3.4028235E+38 3.4028235E+38 3.4028235E+38 3.4028235E+38 3.4028235E+38 0.3076180 0.3139512 0.3204375 0.3268605 0.3335120 0.3392159 0.3457951 0.3518845 0.3579236 0.3638703 0.3693225 0.3749337 0.3804119 0.3858510 0.3923716 0.3970428 0.4016511 0.4067211 0.4102373 0.4389164 0.4627229 0.4878802 0.5134336 0.5406159 0.5628536 0.5865834 0.6049247 0.6247861 0.6506463 0.6745741 0.6972049
3.4028235E+38 3.4028235E+38 3.4028235E+38 3.4028235E+38 3.4028235E+38 3.4028235E+38 3.4028235E+38 3.4028235E+38 3.4028235E+38 3.4028235E+38 3.4028235E+38 3.4028235E+38 3.4028235E+38 3.4028235E+38 3.4028235E+38 3.4028235E+38 3.4028235E+38 3.4028235E+38 3.4028235E+38 3.4028235E+38 3.4028235E+38 3.4028235E+38 3.4028235E+38 3.4028235E+38 0.3072626 0.3137659 0.3192058 0.3253863 0.3317829 0.3377410 0.3433103 0.3499933 0.3560950 0.3631921 0.3693204 0.3735748 0.3786706 0.3839266 0.3895496 0.3944903 0.3992555 0.4037236 0.4078673 0.4331096 0.4576239 0.4844301 0.5088252 0.5371749 0.5576422 0.5798746 0.6031539 0.6242129 0.6455079 0.6681081 0.6922747
3.4028235E+38 3.4028235E+38 3.4028235E+38 3.4028235E+38 3.4028235E+38 3.4028235E+38 3.4028235E+38 3.4028235E+38 3.4028235E+38 3.4028235E+38 3.4028235E+38 3.4028235E+38 3.4028235E+38 3.4028235E+38 3.4028235E+38 3.4028235E+38 3.4028235E+38 3.4028235E+38 3.4028235E+38 3.4028235E+38 3.4028235E+38 3.4028235E+38 3.4028235E+38 3.4028235E+38 0.3049198 0.3113869 0.3176332 0.3246928 0.3309598 0.3362561 0.3423950 0.3493485 0.3539617 0.3596922 0.3653525 0.3707713 0.3760762 0.3814678 0.3869887 0.3918687 0.3965876 0.4014342 0.4042678 0.4283337 0.4537574 0.4781125 0.5041825 0.5320374 0.5537128 0.5741462 0.5974111 0.6193236 0.6423551 0.6631402 0.6872938
