LUCAS_GEMMES_COP27/includes/subsidence/Scenario_M1/tmp/TOT_SUBSIDENCE_2040_SINCE_2018_MKD_ONLY.ASC
NCOLS                318
NROWS                364
XLLCORNER      400000.00
YLLCORNER      907000.00
CELLSIZE         1000.00
NODATA_VALUE    0.3402823E+39
[rows 264 to 287 of 364, columns 55 to 109 of 318]
3.4028235E+38 3.4028235E+38 3.4028235E+38 3.4028235E+38 3.4028235E+38 3.4028235E+38 3.4028235E+38 3.4028235E+38 3.4028235E+38 3.4028235E+38 3.4028235E+38 3.4028235E+38 3.4028235E+38 3.4028235E+38 3.4028235E+38 3.4028235E+38 3.4028235E+38 3.4028235E+38 3.4028235E+38 3.4028235E+38 3.4028235E+38 3.4028235E+38 3.4028235E+38 3.4028235E+38 0.1059169 0.1090420 0.1120349 0.1153477 0.1187280 0.1218401 0.1255082 0.1295772 0.1323314 0.1355537 0.1387696 0.1421470 0.1456647 0.1493220 0.1532242 0.1566681 0.1599011 0.1634012 0.1657897 0.1761973 0.1874553 0.1990708 0.2091176 0.2220665 0.2327270 0.2428371 0.2537792 0.2644370 0.2753729 0.2857109 0.2969250
3.4028235E+38 3.4028235E+38 3.4028235E+38 3.4028235E+38 3.4028235E+38 3.4028235E+38 3.4028235E+38 3.4028235E+38 3.4028235E+38 3.4028235E+38 3.4028235E+38 3.4028235E+38 3.4028235E+38 3.4028235E+38 3.4028235E+38 3.4028235E+38 3.4028235E+38 3.4028235E+38 3.4028235E+38 3.4028235E+38 3.4028235E+38 3.4028235E+38 3.4028235E+38 3.4028235E+38 0.1046605 0.1078220 0.1109558 0.1143643 0.1177106 0.1213311 0.1242003 0.1278101 0.1305508 0.1335599 0.1366911 0.1400073 0.1434917 0.1470007 0.1507458 0.1545802 0.1578148 0.1607118 0.1634121 0.1734754 0.1842123 0.1949011 0.2056752 0.2183459 0.2290062 0.2391683 0.2491089 0.2602953 0.2714440 0.2824478 0.2937321
3.4028235E+38 3.4028235E+38 3.4028235E+38 3.4028235E+38 3.4028235E+38 3.4028235E+38 3.4028235E+38 3.4028235E+38 3.4028235E+38 3.4028235E+38 3.4028235E+38 3.4028235E+38 3.4028235E+38 3.4028235E+38 3.4028235E+38 3.4028235E+38 3.4028235E+38 3.4028235E+38 3.4028235E+38 3.4028235E+38 3.4028235E+38 3.4028235E+38 3.4028235E+38 3.4028235E+38 0.1039815 0.1070820 0.1100478 0.1130543 0.1163313 0.1193458 0.1224475 0.1255723 0.1288554 0.1315396 0.1346828 0.1379253 0.1413231 0.1447856 0.1485544 0.1520965 0.1560132 0.1585829 0.1609536 0.1707793 0.1810796 0.1918041 0.2033690 0.2148407 0.2253441 0.2348239 0.2443689 0.2558020 0.2672435 0.2780862 0.2893293
3.4028235E+38 3.4028235E+38 3.4028235E+38 3.4028235E+38 3.4028235E+38 3.4028235E+38 3.4028235E+38 3.4028235E+38 3.4028235E+38 3.4028235E+38 3.4028235E+38 3.4028235E+38 3.4028235E+38 3.4028235E+38 3.4028235E+38 3.4028235E+38 3.4028235E+38 3.4028235E+38 3.4028235E+38 3.4028235E+38 3.4028235E+38 3.4028235E+38 3.4028235E+38 3.4028235E+38 0.1027995 0.1058393 0.1088312 0.1117906 0.1150473 0.1177742 0.1207008 0.1236280 0.1268810 0.1295233 0.1325458 0.1359041 0.1390191 0.1424926 0.1461669 0.1503435 0.1559876 0.1565949 0.1582409 0.1681509 0.1775778 0.1888774 0.1994962 0.2106870 0.2208982 0.2308203 0.2413237 0.2507178 0.2627065 0.2739893 0.2853162
3.4028235E+38 3.4028235E+38 3.4028235E+38 3.4028235E+38 3.4028235E+38 3.4028235E+38 3.4028235E+38 3.4028235E+38 3.4028235E+38 3.4028235E+38 3.4028235E+38 3.4028235E+38 3.4028235E+38 3.4028235E+38 3.4028235E+38 3.4028235E+38 3.4028235E+38 3.4028235E+38 3.4028235E+38 3.4028235E+38 3.4028235E+38 3.4028235E+38 3.4028235E+38 3.4028235E+38 0.1021711 0.1051087 0.1080371 0.1106244 0.1133403 0.1163104 0.1191866 0.1217540 0.1251038 0.1274480 0.1303374 0.1331230 0.1365824 0.1399239 0.1433113 0.1477002 0.1506640 0.1522284 0.1543387 0.1639206 0.1740757 0.1844936 0.1952910 0.2060158 0.2156225 0.2258005 0.2363564 0.2466617 0.2579313 0.2688224 0.2802317
3.4028235E+38 3.4028235E+38 3.4028235E+38 3.4028235E+38 3.4028235E+38 3.4028235E+38 3.4028235E+38 3.4028235E+38 3.4028235E+38 3.4028235E+38 3.4028235E+38 3.4028235E+38 3.4028235E+38 3.4028235E+38 3.4028235E+38 3.4028235E+38 3.4028235E+38 3.4028235E+38 3.4028235E+38 3.4028235E+38 3.4028235E+38 3.4028235E+38 3.4028235E+38 3.4028235E+38 0.1010098 0.1039508 0.1067443 0.1095297 0.1124215 0.1147713 0.1172971 0.1197258 0.1227988 0.1253434 0.1281260 0.1307981 0.1339845 0.1371950 0.1405690 0.1437519 0.1461617 0.1476157 0.1509310 0.1605980 0.1706334 0.1805153 0.1913591 0.2019786 0.2118401 0.2218982 0.2317384 0.2417465 0.2535018 0.2642345 0.2752538
3.4028235E+38 3.4028235E+38 3.4028235E+38 3.4028235E+38 3.4028235E+38 3.4028235E+38 3.4028235E+38 3.4028235E+38 3.4028235E+38 3.4028235E+38 3.4028235E+38 3.4028235E+38 3.4028235E+38 3.4028235E+38 3.4028235E+38 3.4028235E+38 3.4028235E+38 3.4028235E+38 3.4028235E+38 3.4028235E+38 3.4028235E+38 3.4028235E+38 3.4028235E+38 3.4028235E+38 0.1000977 0.1036800 0.1065941 0.1087636 0.1110484 0.1135896 0.1154821 0.1177863 0.1208927 0.1235881 0.1258069 0.1284069 0.1315300 0.1341578 0.1371268 0.1401057 0.1427001 0.1451313 0.1475628 0.1568357 0.1664350 0.1767909 0.1877819 0.1981366 0.2075321 0.2168810 0.2268955 0.2377557 0.2483441 0.2588101 0.2672943
3.4028235E+38 3.4028235E+38 3.4028235E+38 3.4028235E+38 3.4028235E+38 3.4028235E+38 3.4028235E+38 3.4028235E+38 3.4028235E+38 3.4028235E+38 3.4028235E+38 3.4028235E+38 3.4028235E+38 3.4028235E+38 3.4028235E+38 3.4028235E+38 3.4028235E+38 3.4028235E+38 3.4028235E+38 3.4028235E+38 3.4028235E+38 3.4028235E+38 3.4028235E+38 3.4028235E+38 9.9373564E-02 0.1033472 0.1063511 0.1087826 0.1105931 0.1118218 0.1137544 0.1159557 0.1186361 0.1208557 0.1235660 0.1261245 0.1289774 0.1317557 0.1340000 0.1363880 0.1387579 0.1412375 0.1440069 0.1530849 0.1625724 0.1727335 0.1831538 0.1933022 0.2021493 0.2117548 0.2221153 0.2323289 0.2430083 0.2531982 0.2632552
3.4028235E+38 3.4028235E+38 3.4028235E+38 3.4028235E+38 3.4028235E+38 3.4028235E+38 3.4028235E+38 3.4028235E+38 3.4028235E+38 3.4028235E+38 3.4028235E+38 3.4028235E+38 3.4028235E+38 3.4028235E+38 3.4028235E+38 3.4028235E+38 3.4028235E+38 3.4028235E+38 3.4028235E+38 3.4028235E+38 3.4028235E+38 3.4028235E+38 3.4028235E+38 3.4028235E+38 3.4028235E+38 0.1008908 0.1034658 0.1058119 0.1077843 0.1097901 0.1116461 0.1140817 0.1163025 0.1184751 0.1212512 0.1234702 0.1259759 0.1286960 0.1313967 0.1338293 0.1357002 0.1377427 0.1403445 0.1494378 0.1587309 0.1685117 0.1790310 0.1885942 0.1975609 0.2071855 0.2172104 0.2271222 0.2369159 0.2475719 0.2584311
3.4028235E+38 3.4028235E+38 3.4028235E+38 3.4028235E+38 3.4028235E+38 3.4028235E+38 3.4028235E+38 3.4028235E+38 3.4028235E+38 3.4028235E+38 3.4028235E+38 3.4028235E+38 3.4028235E+38 3.4028235E+38 3.4028235E+38 3.4028235E+38 3.4028235E+38 3.4028235E+38 3.4028235E+38 3.4028235E+38 3.4028235E+38 3.4028235E+38 3.4028235E+38 3.4028235E+38 9.6220300E-02 9.8862708E-02 0.1013967 0.1033170 0.1056484 0.1078485 0.1095540 0.1118357 0.1140507 0.1159271 0.1186203 0.1209541 0.1231490 0.1255314 0.1284344 0.1303883 0.1323847 0.1350178 0.1368864 0.1461433 0.1553662 0.1646305 0.1746516 0.1842924 0.1935563 0.2025005 0.2117480 0.2214174 0.2313027 0.2416416 0.2537361
3.4028235E+38 3.4028235E+38 3.4028235E+38 3.4028235E+38 3.4028235E+38 3.4028235E+38 3.4028235E+38 3.4028235E+38 3.4028235E+38 3.4028235E+38 3.4028235E+38 3.4028235E+38 3.4028235E+38 3.4028235E+38 3.4028235E+38 3.4028235E+38 3.4028235E+38 3.4028235E+38 3.4028235E+38 3.4028235E+38 3.4028235E+38 3.4028235E+38 3.4028235E+38 3.4028235E+38 9.4587952E-02 9.7010605E-02 9.9331506E-02 0.1014887 0.1032815 0.1052942 0.1074712 0.1096907 0.1118267 0.1136159 0.1161617 0.1183362 0.1204772 0.1227407 0.1251749 0.1270292 0.1289961 0.1312909 0.1338005 0.1422463 0.1512835 0.1608397 0.1703588 0.1791640 0.1878288 0.1977400 0.2065831 0.2163556 0.2259965 0.2353186 0.2457204
3.4028235E+38 3.4028235E+38 3.4028235E+38 3.4028235E+38 3.4028235E+38 3.4028235E+38 3.4028235E+38 3.4028235E+38 3.4028235E+38 3.4028235E+38 3.4028235E+38 3.4028235E+38 3.4028235E+38 3.4028235E+38 3.4028235E+38 3.4028235E+38 3.4028235E+38 3.4028235E+38 3.4028235E+38 3.4028235E+38 3.4028235E+38 3.4028235E+38 3.4028235E+38 3.4028235E+38 9.3056142E-02 9.5166259E-02 9.7439997E-02 9.9643052E-02 0.1017090 0.1037067 0.1054922 0.1077625 0.1097766 0.1114155 0.1139346 0.1152678 0.1179502 0.1199100 0.1217612 0.1240900 0.1260785 0.1280037 0.1303186 0.1382791 0.1469472 0.1566242 0.1663473 0.1745729 0.1835920 0.1928305 0.2016698 0.2109500 0.2199606 0.2289497 0.2376228
3.4028235E+38 3.4028235E+38 3.4028235E+38 3.4028235E+38 3.4028235E+38 3.4028235E+38 3.4028235E+38 3.4028235E+38 3.4028235E+38 3.4028235E+38 3.4028235E+38 3.4028235E+38 3.4028235E+38 3.4028235E+38 3.4028235E+38 3.4028235E+38 3.4028235E+38 3.4028235E+38 3.4028235E+38 3.4028235E+38 3.4028235E+38 3.4028235E+38 3.4028235E+38 3.4028235E+38 9.1624811E-02 9.3709730E-02 9.5802814E-02 9.7854435E-02 9.9848799E-02 0.1018145 0.1034819 0.1056674 0.1075987 0.1092726 0.1115264 0.1134893 0.1154356 0.1164929 0.1182581 0.1204460 0.1231113 0.1247126 0.1266521 0.1335981 0.1417602 0.1514934 0.1620452 0.1712821 0.1793182 0.1874407 0.1961013 0.2052810 0.2144916 0.2248095 0.2314221
3.4028235E+38 3.4028235E+38 3.4028235E+38 3.4028235E+38 3.4028235E+38 3.4028235E+38 3.4028235E+38 3.4028235E+38 3.4028235E+38 3.4028235E+38 3.4028235E+38 3.4028235E+38 3.4028235E+38 3.4028235E+38 3.4028235E+38 3.4028235E+38 3.4028235E+38 3.4028235E+38 3.4028235E+38 3.4028235E+38 3.4028235E+38 3.4028235E+38 3.4028235E+38 3.4028235E+38 9.0279192E-02 9.2277370E-02 9.4242267E-02 9.6166432E-02 9.7475365E-02 0.1000717 0.1012783 0.1037969 0.1053654 0.1072002 0.1093282 0.1111708 0.1130113 0.1145451 0.1159338 0.1184902 0.1200481 0.1218039 0.1235448 0.1259293 0.1376263 0.1474703 0.1579683 0.1663560 0.1744082 0.1826422 0.1912751 0.1996865 0.2082813 0.2174972 0.2212718
3.4028235E+38 3.4028235E+38 3.4028235E+38 3.4028235E+38 3.4028235E+38 3.4028235E+38 3.4028235E+38 3.4028235E+38 3.4028235E+38 3.4028235E+38 3.4028235E+38 3.4028235E+38 3.4028235E+38 3.4028235E+38 3.4028235E+38 3.4028235E+38 3.4028235E+38 3.4028235E+38 3.4028235E+38 3.4028235E+38 3.4028235E+38 3.4028235E+38 3.4028235E+38 3.4028235E+38 8.8761583E-02 9.0913899E-02 9.2208304E-02 9.3975857E-02 9.6231647E-02 9.8340482E-02 0.1000900 0.1018560 0.1036998 0.1051475 0.1072009 0.1089435 0.1104207 0.1121447 0.1141333 0.1158622 0.1173288 0.1192907 0.1210963 0.1234649 0.1335783 0.1435806 0.1541217 0.1620745 0.1701574 0.1778477 0.1861364 0.1946698 0.2035528 0.2094188 0.2122329
3.4028235E+38 3.4028235E+38 3.4028235E+38 3.4028235E+38 3.4028235E+38 3.4028235E+38 3.4028235E+38 3.4028235E+38 3.4028235E+38 3.4028235E+38 3.4028235E+38 3.4028235E+38 3.4028235E+38 3.4028235E+38 3.4028235E+38 3.4028235E+38 3.4028235E+38 3.4028235E+38 3.4028235E+38 3.4028235E+38 3.4028235E+38 3.4028235E+38 3.4028235E+38 3.4028235E+38 8.7560579E-02 8.9058064E-02 9.1456406E-02 9.3216062E-02 9.4811961E-02 9.6720591E-02 9.8507203E-02 0.1001765 0.1017749 0.1031718 0.1048833 0.1067689 0.1081766 0.1100460 0.1117001 0.1133254 0.1147110 0.1166207 0.1182503 0.1202682 0.1301640 0.1400323 0.1505311 0.1579589 0.1656657 0.1730442 0.1807155 0.1892159 0.1980609 0.2004764 0.2033736
3.4028235E+38 3.4028235E+38 3.4028235E+38 3.4028235E+38 3.4028235E+38 3.4028235E+38 3.4028235E+38 3.4028235E+38 3.4028235E+38 3.4028235E+38 3.4028235E+38 3.4028235E+38 3.4028235E+38 3.4028235E+38 3.4028235E+38 3.4028235E+38 3.4028235E+38 3.4028235E+38 3.4028235E+38 3.4028235E+38 3.4028235E+38 3.4028235E+38 3.4028235E+38 3.4028235E+38 8.6648077E-02 8.8441066E-02 9.0200044E-02 9.1882817E-02 9.3393870E-02 9.5107369E-02 9.6718252E-02 9.8517753E-02 9.9769473E-02 0.1013027 0.1029222 0.1045410 0.1060289 0.1077974 0.1093558 0.1106321 0.1121550 0.1139520 0.1155586 0.1171136 0.1269070 0.1369200 0.1470628 0.1539192 0.1614981 0.1690094 0.1768434 0.1839060 0.1903136 0.1925266 0.1945803
3.4028235E+38 3.4028235E+38 3.4028235E+38 3.4028235E+38 3.4028235E+38 3.4028235E+38 3.4028235E+38 3.4028235E+38 3.4028235E+38 3.4028235E+38 3.4028235E+38 3.4028235E+38 3.4028235E+38 3.4028235E+38 3.4028235E+38 3.4028235E+38 3.4028235E+38 3.4028235E+38 3.4028235E+38 3.4028235E+38 3.4028235E+38 3.4028235E+38 3.4028235E+38 3.4028235E+38 8.5564561E-02 8.7308556E-02 8.9039728E-02 9.0656154E-02 9.2305958E-02 9.3884349E-02 9.5276780E-02 9.6785545E-02 9.8247841E-02 9.9951930E-02 0.1013474 0.1026130 0.1042092 0.1056965 0.1071098 0.1082938 0.1098887 0.1112877 0.1128210 0.1143061 0.1239497 0.1340152 0.1438756 0.1498352 0.1573380 0.1647987 0.1735923 0.1794753 0.1829617 0.1844311 0.1859961
3.4028235E+38 3.4028235E+38 3.4028235E+38 3.4028235E+38 3.4028235E+38 3.4028235E+38 3.4028235E+38 3.4028235E+38 3.4028235E+38 3.4028235E+38 3.4028235E+38 3.4028235E+38 3.4028235E+38 3.4028235E+38 3.4028235E+38 3.4028235E+38 3.4028235E+38 3.4028235E+38 3.4028235E+38 3.4028235E+38 3.4028235E+38 3.4028235E+38 3.4028235E+38 3.4028235E+38 8.4609218E-02 8.6260498E-02 8.7982021E-02 8.9599825E-02 9.1180943E-02 9.2575654E-02 9.3990333E-02 9.5370494E-02 9.6950807E-02 9.8198637E-02 9.9664569E-02 0.1007513 0.1020861 0.1036001 0.1046534 0.1060398 0.1074683 0.1087419 0.1101355 0.1115427 0.1212015 0.1320521 0.1402557 0.1459398 0.1529128 0.1596529 0.1665409 0.1731474 0.1743075 0.1763629 0.1779155
3.4028235E+38 3.4028235E+38 3.4028235E+38 3.4028235E+38 3.4028235E+38 3.4028235E+38 3.4028235E+38 3.4028235E+38 3.4028235E+38 3.4028235E+38 3.4028235E+38 3.4028235E+38 3.4028235E+38 3.4028235E+38 3.4028235E+38 3.4028235E+38 3.4028235E+38 3.4028235E+38 3.4028235E+38 3.4028235E+38 3.4028235E+38 3.4028235E+38 3.4028235E+38 8.2161002E-02 8.3782569E-02 8.5366301E-02 8.7023117E-02 8.8645712E-02 9.0126395E-02 9.1570951E-02 9.2932776E-02 9.4109073E-02 9.5448457E-02 9.6664332E-02 9.7935155E-02 9.9245682E-02 0.1002277 0.1013644 0.1026198 0.1040397 0.1051940 0.1063399 0.1075092 0.1087075 0.1180034 0.1277890 0.1365450 0.1420017 0.1482332 0.1545529 0.1605057 0.1657064 0.1669312 0.1685018 0.1699619
3.4028235E+38 3.4028235E+38 3.4028235E+38 3.4028235E+38 3.4028235E+38 3.4028235E+38 3.4028235E+38 3.4028235E+38 3.4028235E+38 3.4028235E+38 3.4028235E+38 3.4028235E+38 3.4028235E+38 3.4028235E+38 3.4028235E+38 3.4028235E+38 3.4028235E+38 3.4028235E+38 3.4028235E+38 3.4028235E+38 3.4028235E+38 3.4028235E+38 3.4028235E+38 8.1181802E-02 8.2788579E-02 8.4343612E-02 8.5884750E-02 8.7448485E-02 8.8976860E-02 9.0515770E-02 9.1869488E-02 9.2947491E-02 9.4187520E-02 9.4871841E-02 9.6037716E-02 9.7606935E-02 9.8732561E-02 9.9580549E-02 0.1007477 0.1020054 0.1029653 0.1037581 0.1047622 0.1057635 0.1148269 0.1240703 0.1322032 0.1377508 0.1436594 0.1495394 0.1557718 0.1591571 0.1598976 0.1611389 0.1620463
3.4028235E+38 3.4028235E+38 3.4028235E+38 3.4028235E+38 3.4028235E+38 3.4028235E+38 3.4028235E+38 3.4028235E+38 3.4028235E+38 3.4028235E+38 3.4028235E+38 3.4028235E+38 3.4028235E+38 3.4028235E+38 3.4028235E+38 3.4028235E+38 3.4028235E+38 3.4028235E+38 3.4028235E+38 3.4028235E+38 3.4028235E+38 3.4028235E+38 3.4028235E+38 8.0696315E-02 8.2229331E-02 8.3726339E-02 8.5210182E-02 8.6664923E-02 8.7941207E-02 8.9500196E-02 9.1383018E-02 9.1874339E-02 9.2703387E-02 9.3670733E-02 9.4689637E-02 9.5992453E-02 9.6827894E-02 9.7858958E-02 9.8971322E-02 9.9615805E-02 0.1003681 0.1011987 0.1020427 0.1032264 0.1121199 0.1206849 0.1284313 0.1337901 0.1393434 0.1446708 0.1503073 0.1515499 0.1528433 0.1538687 0.1549683
3.4028235E+38 3.4028235E+38 3.4028235E+38 3.4028235E+38 3.4028235E+38 3.4028235E+38 3.4028235E+38 3.4028235E+38 3.4028235E+38 3.4028235E+38 3.4028235E+38 3.4028235E+38 3.4028235E+38 3.4028235E+38 3.4028235E+38 3.4028235E+38 3.4028235E+38 3.4028235E+38 3.4028235E+38 3.4028235E+38 3.4028235E+38 3.4028235E+38 3.4028235E+38 8.0120981E-02 8.1601910E-02 8.3019972E-02 8.4438249E-02 8.5748740E-02 8.7112375E-02 8.8494048E-02 8.9572586E-02 9.0641074E-02 9.1457911E-02 9.2396796E-02 9.3268998E-02 9.4239101E-02 9.5183641E-02 9.6342936E-02 9.7176671E-02 9.7742766E-02 9.8472685E-02 9.9125668E-02 9.9787235E-02 0.1007603 0.1095737 0.1185270 0.1251744 0.1302110 0.1353620 0.1400037 0.1442285 0.1453377 0.1464736 0.1472978 0.1479189
3.4028235E+38 3.4028235E+38 3.4028235E+38 3.4028235E+38 3.4028235E+38 3.4028235E+38 3.4028235E+38 3.4028235E+38 3.4028235E+38 3.4028235E+38 3.4028235E+38 3.4028235E+38 3.4028235E+38 3.4028235E+38 3.4028235E+38 3.4028235E+38 3.4028235E+38 3.4028235E+38 3.4028235E+38 3.4028235E+38 3.4028235E+38 3.4028235E+38 3.4028235E+38 7.9502620E-02 8.0915906E-02 8.2212768E-02 8.3472103E-02 8.4692568E-02 8.5933864E-02 8.7202989E-02 8.8258922E-02 8.9390993E-02 9.0301685E-02 9.1190010E-02 9.2132017E-02 9.2800498E-02 9.3811937E-02 9.4271332E-02 9.5032625E-02 9.5799707E-02 9.6729189E-02 9.7320870E-02 9.7587027E-02 9.8095290E-02 0.1068041 0.1156755 0.1215226 0.1262442 0.1316797 0.1364930 0.1390404 0.1390946 0.1404509 0.1410852 0.1410650
