LUCAS_GEMMES_COP27/includes/subsidence/Scenario_M1/tmp/TOT_SUBSIDENCE_2090_SINCE_2018_MKD_ONLY.ASC
NCOLS                318
NROWS                364
XLLCORNER      400000.00
YLLCORNER      907000.00
CELLSIZE         1000.00
NODATA_VALUE    0.3402823E+39
[rows 120 to 143 of 364, columns 165 to 219 of 318]
0.2729824 0.2647934 0.2611650 0.2580978 0.2560660 0.2536736 0.2502778 0.2478269 0.2455512 0.2434168 0.2407405 0.2388525 0.2389116 0.2375389 0.2361327 0.2356398 0.2360934 0.2350885 0.2347809 0.2342269 0.2335431 0.2331636 0.2327901 0.2329518 0.2327976 0.2320618 0.2323415 0.2322780 0.2318600 0.2317038 0.2319123 0.2319325 0.2317041 0.2312224 0.2314613 0.2313393 0.2311982 0.2311721 0.2307279 0.2344713 0.2384923 0.2434264 0.2475191 0.2506403 0.2536257 0.2566086 0.2596097 0.2641583 0.2685999 0.2708032 0.2737393 0.2768056 0.2795606 0.2819377 0.2854914
0.2698464 0.2664748 0.2636081 0.2610121 0.2583022 0.2555188 0.2530367 0.2508157 0.2491314 0.2462548 0.2457143 0.2418180 0.2406479 0.2387002 0.2382682 0.2382868 0.2377713 0.2366087 0.2362930 0.2356097 0.2348855 0.2340733 0.2336784 0.2336429 0.2333481 0.2326223 0.2328391 0.2327090 0.2320275 0.2317468 0.2314781 0.2318272 0.2316129 0.2308335 0.2308372 0.2308347 0.2306343 0.2302073 0.2304991 0.2359146 0.2402636 0.2447164 0.2490406 0.2537733 0.2559432 0.2585175 0.2630439 0.2665730 0.2711373 0.2742044 0.2760361 0.2787165 0.2828794 0.2838103 0.2846477
0.2719398 0.2682743 0.2658094 0.2643423 0.2616161 0.2578028 0.2552674 0.2538269 0.2520832 0.2489418 0.2485358 0.2459544 0.2444927 0.2386540 0.2377096 0.2393371 0.2385629 0.2379824 0.2375223 0.2369133 0.2358938 0.2352531 0.2346943 0.2345991 0.2340343 0.2334212 0.2334252 0.2330731 0.2322646 0.2323055 0.2315935 0.2317549 0.2314154 0.2304921 0.2305251 0.2303191 0.2301281 0.2300575 0.2333714 0.2378120 0.2435040 0.2481436 0.2515466 0.2555016 0.2602161 0.2624290 0.2671427 0.2692293 0.2724906 0.2767633 0.2775638 0.2809966 0.2819265 0.2842160 0.2859952
0.2744448 0.2718179 0.2692942 0.2659307 0.2623038 0.2620120 0.2581036 0.2567382 0.2531902 0.2508747 0.2485955 0.2463148 0.2445702 0.2425842 0.2392280 0.2380019 0.2397130 0.2378599 0.2370634 0.2378981 0.2368876 0.2364896 0.2355833 0.2350568 0.2344053 0.2339678 0.2339360 0.2334657 0.2325728 0.2326009 0.2316750 0.2317368 0.2312637 0.2301975 0.2302050 0.2299174 0.2292065 0.2300598 0.2355004 0.2405709 0.2454210 0.2510690 0.2554753 0.2584245 0.2621915 0.2653164 0.2697238 0.2726177 0.2735947 0.2769006 0.2774407 0.2801877 0.2827937 0.2844167 0.2847731
0.2769529 0.2748953 0.2721806 0.2678367 0.2647217 0.2621880 0.2609987 0.2589906 0.2550734 0.2528000 0.2508897 0.2489309 0.2469414 0.2450769 0.2430228 0.2391792 0.2415642 0.2405111 0.2386055 0.2384807 0.2379568 0.2376402 0.2366806 0.2358237 0.2350488 0.2347785 0.2342359 0.2332501 0.2327270 0.2327868 0.2317921 0.2311612 0.2305122 0.2299101 0.2299632 0.2295697 0.2293436 0.2339331 0.2380624 0.2444398 0.2483256 0.2543195 0.2588463 0.2629348 0.2642211 0.2669367 0.2715474 0.2719346 0.2728604 0.2759178 0.2762851 0.2811348 0.2836381 0.2833195 0.2846930
0.2804171 0.2775072 0.2744048 0.2713593 0.2681309 0.2659886 0.2638510 0.2606856 0.2576019 0.2547981 0.2528378 0.2517386 0.2498286 0.2470154 0.2448963 0.2406707 0.2395700 0.2412262 0.2406362 0.2391132 0.2386682 0.2383676 0.2377136 0.2365451 0.2357035 0.2354864 0.2348072 0.2335081 0.2335804 0.2331399 0.2324774 0.2310908 0.2302912 0.2296813 0.2289502 0.2278986 0.2296226 0.2367443 0.2413146 0.2478250 0.2516313 0.2564998 0.2623338 0.2639246 0.2664018 0.2679020 0.2689246 0.2719704 0.2721787 0.2741126 0.2779817 0.2819208 0.2845397 0.2861570 0.2869366
0.2830457 0.2797524 0.2758975 0.2746388 0.2721563 0.2696176 0.2670687 0.2633871 0.2608752 0.2591656 0.2565386 0.2544133 0.2514037 0.2491034 0.2474933 0.2450319 0.2412628 0.2399535 0.2385173 0.2370103 0.2375118 0.2376269 0.2381947 0.2375827 0.2363721 0.2355930 0.2342753 0.2325287 0.2336948 0.2334210 0.2326725 0.2311897 0.2302739 0.2302898 0.2296344 0.2282563 0.2331795 0.2386760 0.2445951 0.2501287 0.2552269 0.2599834 0.2647939 0.2661836 0.2700088 0.2710712 0.2687562 0.2701713 0.2734444 0.2748809 0.2801480 0.2830034 0.2851113 0.2855255 0.2873855
0.2868724 0.2834609 0.2787472 0.2775391 0.2755442 0.2723990 0.2696114 0.2663916 0.2639897 0.2620162 0.2595941 0.2571036 0.2535239 0.2514605 0.2506358 0.2482938 0.2459632 0.2415056 0.2395463 0.2377783 0.2387998 0.2359249 0.2381195 0.2380123 0.2366475 0.2358769 0.2341963 0.2325695 0.2336550 0.2336920 0.2328959 0.2312445 0.2302696 0.2294189 0.2274852 0.2279923 0.2357893 0.2417572 0.2500843 0.2539792 0.2588248 0.2635822 0.2670243 0.2672760 0.2681797 0.2702228 0.2710533 0.2719968 0.2748006 0.2763566 0.2804801 0.2827304 0.2850299 0.2855635 0.2877060
0.2904600 0.2871904 0.2825602 0.2804791 0.2778727 0.2735238 0.2706974 0.2677675 0.2654921 0.2641985 0.2618913 0.2594798 0.2569750 0.2542897 0.2524294 0.2505697 0.2477151 0.2438597 0.2408801 0.2392278 0.2375722 0.2389489 0.2380694 0.2363930 0.2366205 0.2360184 0.2348531 0.2340061 0.2340786 0.2338764 0.2330476 0.2312529 0.2311642 0.2304456 0.2277536 0.2323039 0.2386547 0.2456524 0.2522647 0.2579258 0.2609629 0.2646833 0.2658648 0.2689471 0.2670942 0.2683032 0.2720998 0.2717960 0.2721784 0.2754516 0.2788065 0.2815109 0.2847484 0.2858030 0.2879260
0.2943753 0.2922429 0.2886730 0.2837036 0.2810439 0.2773544 0.2733462 0.2704834 0.2676537 0.2669139 0.2641147 0.2616188 0.2585266 0.2554142 0.2525480 0.2511989 0.2494994 0.2474012 0.2420937 0.2401293 0.2377083 0.2372475 0.2360888 0.2365278 0.2363624 0.2354708 0.2350201 0.2343228 0.2343944 0.2338486 0.2330606 0.2313047 0.2303852 0.2299787 0.2301675 0.2374847 0.2441838 0.2496573 0.2561507 0.2608633 0.2620430 0.2596398 0.2607403 0.2678882 0.2636735 0.2687198 0.2707109 0.2723146 0.2715925 0.2767295 0.2792823 0.2797486 0.2828646 0.2857997 0.2876955
0.2987932 0.2952282 0.2919168 0.2867745 0.2825773 0.2807627 0.2778872 0.2748573 0.2719206 0.2682027 0.2636753 0.2623407 0.2599184 0.2568690 0.2544115 0.2522158 0.2508996 0.2479211 0.2448349 0.2408021 0.2391514 0.2380047 0.2364401 0.2351076 0.2336547 0.2325558 0.2340733 0.2326545 0.2321599 0.2328210 0.2329565 0.2312832 0.2321675 0.2306701 0.2337407 0.2419588 0.2511091 0.2574544 0.2626044 0.2637387 0.2591656 0.2608396 0.2685784 0.2713569 0.2702204 0.2669649 0.2685911 0.2706938 0.2724707 0.2747045 0.2766967 0.2784359 0.2824611 0.2856441 0.2875867
0.3030537 0.2989905 0.2950618 0.2913583 0.2869720 0.2835435 0.2807884 0.2773524 0.2739049 0.2697331 0.2679386 0.2635526 0.2625399 0.2600331 0.2577691 0.2552633 0.2513816 0.2485059 0.2478830 0.2434718 0.2415780 0.2379466 0.2369559 0.2356348 0.2340756 0.2326288 0.2315263 0.2332239 0.2310637 0.2320320 0.2317625 0.2318425 0.2298555 0.2300849 0.2386143 0.2486066 0.2558247 0.2617569 0.2639856 0.2600825 0.2606480 0.2692131 0.2703657 0.2714256 0.2726039 0.2729871 0.2701538 0.2715550 0.2733957 0.2755406 0.2775844 0.2797361 0.2823367 0.2847655 0.2868944
0.3070548 0.3026132 0.2983878 0.2935086 0.2883489 0.2860967 0.2832398 0.2794730 0.2762048 0.2722343 0.2686517 0.2657500 0.2629418 0.2614893 0.2599150 0.2573393 0.2536504 0.2502058 0.2492566 0.2461700 0.2437048 0.2405863 0.2373781 0.2358575 0.2343210 0.2326682 0.2309516 0.2296506 0.2280829 0.2308064 0.2310427 0.2322442 0.2367888 0.2391183 0.2445572 0.2537994 0.2598293 0.2625352 0.2613162 0.2623963 0.2701661 0.2727602 0.2739384 0.2745168 0.2740549 0.2748040 0.2748650 0.2727917 0.2743703 0.2762350 0.2783673 0.2806873 0.2830883 0.2855049 0.2877314
0.3108367 0.3061515 0.3014770 0.2967694 0.2914404 0.2889962 0.2858545 0.2819333 0.2789390 0.2759430 0.2726533 0.2691867 0.2647342 0.2623101 0.2607425 0.2587900 0.2556688 0.2521607 0.2514538 0.2481305 0.2455129 0.2438817 0.2404819 0.2386523 0.2368255 0.2346913 0.2323700 0.2292867 0.2282288 0.2274877 0.2258020 0.2287207 0.2338695 0.2412298 0.2490986 0.2570050 0.2605845 0.2609965 0.2621095 0.2697967 0.2725932 0.2740818 0.2756709 0.2755503 0.2748188 0.2751861 0.2765043 0.2760847 0.2774445 0.2767955 0.2795288 0.2817251 0.2842038 0.2864130 0.2885773
0.3122294 0.3063292 0.3036971 0.2996639 0.2954777 0.2919579 0.2881851 0.2842982 0.2811407 0.2778738 0.2744758 0.2714937 0.2683285 0.2646156 0.2608654 0.2593997 0.2571938 0.2542232 0.2507828 0.2501822 0.2474816 0.2459934 0.2419860 0.2401111 0.2381636 0.2351593 0.2312176 0.2296965 0.2304959 0.2272931 0.2268471 0.2278756 0.2322952 0.2437699 0.2557579 0.2566291 0.2603459 0.2619406 0.2671127 0.2699398 0.2718695 0.2731509 0.2738378 0.2747179 0.2760220 0.2766050 0.2767390 0.2776218 0.2784505 0.2793990 0.2813764 0.2841711 0.2854695 0.2878072 0.2899280
0.3163184 0.3101209 0.3067727 0.3026136 0.2982702 0.2942028 0.2899686 0.2866741 0.2835918 0.2798334 0.2764353 0.2733418 0.2705374 0.2673324 0.2641854 0.2612002 0.2585925 0.2558423 0.2527579 0.2498756 0.2468342 0.2448900 0.2426340 0.2423071 0.2404167 0.2360690 0.2345520 0.2327670 0.2324643 0.2316026 0.2301203 0.2299732 0.2337934 0.2415579 0.2545319 0.2625289 0.2684500 0.2669650 0.2631710 0.2699188 0.2729568 0.2751505 0.2750365 0.2754396 0.2762854 0.2772114 0.2780621 0.2781709 0.2795473 0.2813366 0.2831346 0.2855199 0.2882357 0.2908654 0.2933615
0.3183443 0.3133222 0.3090333 0.3046753 0.3004000 0.2959601 0.2920798 0.2889664 0.2856519 0.2817854 0.2785652 0.2756579 0.2720580 0.2686684 0.2656859 0.2627732 0.2599038 0.2572025 0.2547521 0.2514796 0.2486065 0.2464263 0.2440987 0.2431947 0.2385278 0.2369664 0.2361028 0.2351193 0.2340673 0.2327560 0.2312121 0.2305372 0.2386333 0.2469623 0.2558114 0.2638004 0.2690265 0.2695379 0.2670990 0.2668668 0.2746432 0.2733910 0.2694585 0.2706456 0.2730544 0.2745306 0.2759300 0.2779168 0.2785735 0.2814333 0.2836240 0.2867231 0.2895094 0.2924131 0.2956209
0.3196106 0.3151973 0.3106746 0.3063200 0.3021579 0.2979152 0.2947943 0.2914091 0.2873355 0.2838793 0.2803918 0.2772244 0.2735441 0.2705566 0.2676055 0.2641985 0.2612418 0.2587757 0.2558562 0.2531183 0.2504928 0.2478053 0.2457284 0.2434565 0.2409005 0.2389074 0.2378929 0.2366353 0.2352395 0.2335577 0.2312721 0.2314103 0.2411672 0.2491087 0.2569118 0.2641402 0.2704110 0.2721476 0.2717179 0.2751072 0.2748551 0.2750543 0.2743779 0.2758496 0.2790243 0.2800149 0.2802416 0.2786077 0.2802559 0.2831607 0.2853507 0.2877784 0.2903105 0.2931693 0.2982870
0.3189166 0.3160653 0.3117761 0.3074960 0.3034077 0.2996639 0.2966833 0.2936050 0.2893395 0.2854351 0.2827140 0.2788432 0.2754892 0.2723749 0.2691790 0.2657140 0.2628778 0.2598974 0.2564957 0.2537787 0.2516228 0.2485575 0.2458329 0.2429505 0.2411947 0.2407004 0.2396336 0.2381680 0.2364229 0.2342473 0.2322722 0.2372484 0.2431864 0.2511021 0.2580350 0.2641014 0.2705628 0.2752205 0.2777966 0.2788312 0.2764014 0.2797758 0.2800168 0.2796656 0.2809488 0.2835224 0.2842603 0.2847829 0.2854905 0.2854503 0.2876375 0.2899827 0.2926570 0.2971694 0.3011014
0.3192909 0.3148725 0.3119921 0.3081836 0.3050503 0.3021933 0.2982137 0.2947732 0.2913168 0.2874373 0.2844096 0.2807751 0.2776751 0.2742194 0.2709163 0.2672567 0.2642435 0.2608157 0.2576433 0.2548801 0.2523291 0.2496903 0.2463795 0.2446163 0.2427927 0.2430903 0.2415703 0.2399348 0.2378314 0.2356207 0.2347115 0.2405617 0.2462738 0.2533336 0.2589755 0.2645043 0.2704472 0.2757145 0.2790431 0.2802252 0.2780638 0.2809260 0.2830529 0.2842209 0.2835039 0.2863752 0.2875526 0.2886084 0.2897410 0.2909837 0.2921579 0.2950624 0.2977402 0.3009125 0.3039779
0.3190452 0.3148003 0.3109695 0.3088464 0.3059614 0.3032047 0.2996118 0.2962562 0.2931552 0.2895477 0.2861057 0.2829568 0.2797545 0.2762755 0.2722110 0.2686542 0.2655883 0.2623178 0.2590018 0.2559506 0.2521070 0.2502406 0.2484746 0.2476105 0.2453822 0.2453875 0.2441906 0.2420668 0.2395274 0.2370284 0.2361295 0.2438828 0.2493957 0.2551576 0.2610108 0.2662546 0.2716396 0.2764626 0.2796130 0.2806813 0.2805888 0.2840884 0.2854016 0.2864284 0.2842232 0.2856534 0.2905910 0.2919556 0.2933592 0.2939215 0.2960043 0.2992128 0.3016377 0.3042743 0.3071988
0.3179866 0.3140396 0.3102718 0.3088981 0.3063143 0.3036117 0.3004103 0.2976963 0.2946592 0.2911382 0.2880965 0.2849557 0.2817430 0.2781688 0.2725775 0.2695999 0.2670522 0.2634757 0.2585377 0.2567207 0.2542887 0.2538055 0.2527365 0.2514877 0.2500262 0.2484483 0.2468973 0.2447965 0.2423197 0.2402210 0.2430901 0.2477899 0.2532997 0.2581041 0.2631576 0.2689506 0.2736240 0.2778039 0.2806385 0.2800240 0.2818674 0.2865819 0.2875829 0.2887727 0.2898554 0.2897495 0.2933567 0.2949249 0.2966657 0.2972691 0.2993925 0.3016303 0.3040489 0.3065769 0.3099141
0.3158027 0.3124469 0.3097287 0.3075841 0.3063095 0.3041842 0.3018902 0.2992114 0.2964490 0.2935250 0.2900602 0.2871984 0.2842574 0.2800177 0.2760317 0.2727168 0.2689568 0.2642732 0.2611519 0.2594453 0.2593803 0.2581019 0.2566373 0.2552294 0.2537999 0.2519882 0.2499870 0.2479726 0.2456727 0.2442204 0.2475750 0.2523173 0.2567244 0.2614694 0.2660545 0.2704552 0.2745361 0.2795282 0.2822075 0.2814548 0.2853031 0.2893756 0.2906561 0.2910586 0.2931647 0.2909016 0.2924342 0.2959419 0.2980883 0.3001397 0.3022481 0.3057179 0.3080060 0.3093697 0.3116015
0.3147439 0.3109702 0.3089046 0.3052680 0.3064662 0.3052919 0.3033289 0.3009737 0.2982668 0.2957825 0.2925493 0.2899277 0.2859552 0.2822730 0.2787555 0.2749067 0.2705833 0.2674560 0.2663452 0.2653390 0.2638421 0.2624550 0.2610583 0.2597424 0.2578304 0.2559659 0.2538028 0.2517415 0.2473402 0.2468451 0.2524717 0.2569658 0.2607684 0.2656234 0.2700558 0.2742409 0.2772366 0.2804455 0.2837260 0.2850864 0.2874860 0.2920752 0.2925114 0.2906933 0.2941536 0.2945853 0.2954445 0.2983047 0.3019531 0.3040561 0.3063104 0.3088015 0.3111929 0.3134275 0.3152343
