LUCAS_GEMMES_COP27/includes/subsidence/Scenario_M1/tmp/TOT_SUBSIDENCE_2090_SINCE_2018_MKD_ONLY.ASC
NCOLS                318
NROWS                364
XLLCORNER      400000.00
YLLCORNER      907000.00
CELLSIZE         1000.00
NODATA_VALUE    0.3402823E+39
[rows 96 to 119 of 364, columns 110 to 164 of 318]
6.8618685E-02 6.9908261E-02 7.1518689E-02 7.3006868E-02 7.5358182E-02 7.6988198E-02 7.7815637E-02 7.9282403E-02 8.0924518E-02 8.3568111E-02 8.5394397E-02 8.7080941E-02 8.8897631E-02 9.1049671E-02 9.2425272E-02 9.3572251E-02 9.5351286E-02 9.7908199E-02 0.1000522 0.1028587 0.1039309 0.1058410 0.1082291 0.1112617 0.1141854 0.1169527 0.1203314 0.1234460 0.1274120 0.1309466 0.1353092 0.1408214 0.1470473 0.1586715 0.1640791 0.1630921 0.1673959 0.1717414 0.1757291 0.1792206 0.1829862 0.1863054 0.1889036 0.1918772 0.1943666 0.1967719 0.1988639 0.2005677 0.2024400 0.2043866 0.2059861 0.2072159 0.2086278 0.2094717 0.2105429
6.9853425E-02 7.1302123E-02 7.3695213E-02 7.4438602E-02 7.5952142E-02 7.8318402E-02 7.9185858E-02 8.0776751E-02 8.2536161E-02 8.5075468E-02 8.6890697E-02 8.8672116E-02 8.9937121E-02 9.2319071E-02 9.3683429E-02 9.5678851E-02 9.7444758E-02 9.9426225E-02 0.1014389 0.1028696 0.1055618 0.1080395 0.1099305 0.1131144 0.1158645 0.1189422 0.1222455 0.1258348 0.1300671 0.1338456 0.1386221 0.1438512 0.1501022 0.1564908 0.1612393 0.1647236 0.1684459 0.1721629 0.1760935 0.1804101 0.1843492 0.1879140 0.1915771 0.1940812 0.1965112 0.1986532 0.2010531 0.2025772 0.2044634 0.2061290 0.2074129 0.2086973 0.2098423 0.2101785 0.2113086
7.1983129E-02 7.2724856E-02 7.4363992E-02 7.6453090E-02 7.7376790E-02 7.8848459E-02 8.0474272E-02 8.3009511E-02 8.4022827E-02 8.5788943E-02 8.8302784E-02 8.9975469E-02 9.1598213E-02 9.8640703E-02 9.5746428E-02 9.7248361E-02 9.8915279E-02 9.9975668E-02 0.1018634 0.1042781 0.1073152 0.1097169 0.1117507 0.1147204 0.1177421 0.1212005 0.1246189 0.1283856 0.1362819 0.1364746 0.1411533 0.1464401 0.1524293 0.1582361 0.1631548 0.1668719 0.1701514 0.1740568 0.1779352 0.1822309 0.1861503 0.1894552 0.1926476 0.1956961 0.1983406 0.2011209 0.2028436 0.2044012 0.2060451 0.2076522 0.2090327 0.2100093 0.2110696 0.2116882 0.2129533
7.2729677E-02 7.4927986E-02 7.5751603E-02 7.7145629E-02 7.9522796E-02 8.0609374E-02 8.1904575E-02 8.4438667E-02 8.6203143E-02 8.7299496E-02 8.9066513E-02 9.0788908E-02 9.2797600E-02 9.5540658E-02 9.7192392E-02 9.8486491E-02 0.1004245 0.1020558 0.1040351 0.1064103 0.1087976 0.1108245 0.1133911 0.1165223 0.1195017 0.1225444 0.1260640 0.1300676 0.1342995 0.1386167 0.1436778 0.1487966 0.1536223 0.1581773 0.1624230 0.1667869 0.1718602 0.1756495 0.1803754 0.1844700 0.1882380 0.1922442 0.1959164 0.1985013 0.2010872 0.2031304 0.2049204 0.2069584 0.2077863 0.2092210 0.2104472 0.2114761 0.2127830 0.2133254 0.2141064
7.4401788E-02 7.5762734E-02 7.7901617E-02 7.8667268E-02 8.0376402E-02 8.2518294E-02 8.3234087E-02 8.5070401E-02 8.7569587E-02 8.9356646E-02 9.0509117E-02 9.2214443E-02 9.4097257E-02 9.6325785E-02 9.8541602E-02 0.1005363 0.1078151 0.1042874 0.1060615 0.1081776 0.1101908 0.1126708 0.1156031 0.1181751 0.1209332 0.1244127 0.1280473 0.1319550 0.1363938 0.1409553 0.1459726 0.1503979 0.1551381 0.1579154 0.1633398 0.1680633 0.1731608 0.1765117 0.1817204 0.1868331 0.1903774 0.1943053 0.1977313 0.2004632 0.2029475 0.2049228 0.2067708 0.2090163 0.2105763 0.2113735 0.2124167 0.2128374 0.2143898 0.2149837 0.2154891
7.6616466E-02 7.7354379E-02 7.8772232E-02 8.0305524E-02 8.1704706E-02 8.3185673E-02 8.5487433E-02 8.6484320E-02 8.8271782E-02 9.0071410E-02 9.1869771E-02 9.4202653E-02 9.5715538E-02 9.7880676E-02 9.9969395E-02 0.1017323 0.1036193 0.1054162 0.1073927 0.1093274 0.1116074 0.1142957 0.1170987 0.1200976 0.1223814 0.1262895 0.1300333 0.1340735 0.1376593 0.1425874 0.1515028 0.1521894 0.1547531 0.1592698 0.1631069 0.1684334 0.1783455 0.1782875 0.1834024 0.1881030 0.1924570 0.1967964 0.2000491 0.2026307 0.2050440 0.2069853 0.2089014 0.2099890 0.2117888 0.2129806 0.2137692 0.2150239 0.2159124 0.2165329 0.2173154
7.7540591E-02 7.8910872E-02 8.0418095E-02 8.1781760E-02 8.3865896E-02 8.4733106E-02 8.6416766E-02 8.8761233E-02 8.9861184E-02 9.1610670E-02 9.3625493E-02 9.5444374E-02 9.7686492E-02 9.9179313E-02 0.1010047 0.1028002 0.1046093 0.1065357 0.1087842 0.1106905 0.1129399 0.1153885 0.1183984 0.1211937 0.1238253 0.1279686 0.1316240 0.1355823 0.1398124 0.1439123 0.1490107 0.1514594 0.1602610 0.1606344 0.1649394 0.1703143 0.1757577 0.1807293 0.1851674 0.1903706 0.1948757 0.1996488 0.2027141 0.2053985 0.2075216 0.2097551 0.2110692 0.2128267 0.2138953 0.2151916 0.2162876 0.2170987 0.2177416 0.2181698 0.2187960
7.9033084E-02 8.0515437E-02 8.2412004E-02 8.3274260E-02 8.4818810E-02 8.7021179E-02 8.8015437E-02 8.9704394E-02 9.1373369E-02 9.2981152E-02 9.4722062E-02 9.7432472E-02 9.8361462E-02 0.1008460 0.1020329 0.1037023 0.1061440 0.1078584 0.1105265 0.1122501 0.1140613 0.1162222 0.1195152 0.1216800 0.1248555 0.1290805 0.1329803 0.1365904 0.1407730 0.1447006 0.1482354 0.1525731 0.1572785 0.1619361 0.1666787 0.1715878 0.1769857 0.1822755 0.1880314 0.1930718 0.1974020 0.2017823 0.2052504 0.2077147 0.2100387 0.2121167 0.2137811 0.2147576 0.2162990 0.2174312 0.2183447 0.2186366 0.2193205 0.2198018 0.2202377
8.0601647E-02 8.2042992E-02 8.3902173E-02 8.5438475E-02 8.6522646E-02 8.8034794E-02 8.9482874E-02 9.1111034E-02 9.2841819E-02 9.4991691E-02 9.6106693E-02 9.8396018E-02 0.1006427 0.1019359 0.1033725 0.1051855 0.1067303 0.1093051 0.1118010 0.1130885 0.1155264 0.1179736 0.1207826 0.1235351 0.1261770 0.1300461 0.1351418 0.1371588 0.1406161 0.1444462 0.1475792 0.1537254 0.1584126 0.1635270 0.1726585 0.1738327 0.1793599 0.1849646 0.1916363 0.1957523 0.2004512 0.2048748 0.2080494 0.2104443 0.2128966 0.2146377 0.2163961 0.2176702 0.2189259 0.2196907 0.2204863 0.2209174 0.2213234 0.2216859 0.2220703
8.2426608E-02 8.3590254E-02 8.4987156E-02 8.7066203E-02 8.8467970E-02 8.9548379E-02 9.0847492E-02 9.3021721E-02 9.4197795E-02 9.5911801E-02 9.7994298E-02 9.9313356E-02 0.1015622 0.1028832 0.1052368 0.1070039 0.1084051 0.1105312 0.1117218 0.1137922 0.1165774 0.1189195 0.1212845 0.1236584 0.1264586 0.1353211 0.1337873 0.1379283 0.1417745 0.1433845 0.1490780 0.1543927 0.1601022 0.1652248 0.1707050 0.1762180 0.1815932 0.1874472 0.1934851 0.1984619 0.2087944 0.2080905 0.2158838 0.2134069 0.2155550 0.2170866 0.2190032 0.2202217 0.2208598 0.2212545 0.2222223 0.2231416 0.2236847 0.2237807 0.2239163
8.4190153E-02 8.5690454E-02 8.6415611E-02 8.8386297E-02 9.0063192E-02 9.0914696E-02 9.2316203E-02 9.3871377E-02 9.6041970E-02 9.7252205E-02 9.9047050E-02 0.1007892 0.1024526 0.1040888 0.1064904 0.1083268 0.1096149 0.1114168 0.1127552 0.1154476 0.1176128 0.1197708 0.1215321 0.1238509 0.1275834 0.1305654 0.1343838 0.1384342 0.1405149 0.1457477 0.1510667 0.1567821 0.1623811 0.1673401 0.1730911 0.1790803 0.1842483 0.1905366 0.1962687 0.2016816 0.2068752 0.2111623 0.2144616 0.2161329 0.2179943 0.2196460 0.2210417 0.2222045 0.2230360 0.2235732 0.2246081 0.2256783 0.2258704 0.2257952 0.2258716
8.5692108E-02 8.7305158E-02 8.8594638E-02 8.9581579E-02 9.1108747E-02 9.2558503E-02 9.4585486E-02 9.5627308E-02 9.7155362E-02 9.9206693E-02 0.1004579 0.1021482 0.1043978 0.1056243 0.1073898 0.1095954 0.1105933 0.1122665 0.1139718 0.1159146 0.1184768 0.1205020 0.1220534 0.1243449 0.1275403 0.1304734 0.1322678 0.1368193 0.1417072 0.1472516 0.1527655 0.1583681 0.1642540 0.1702221 0.1759687 0.1816025 0.1872129 0.1936713 0.1990347 0.2052904 0.2097634 0.2158513 0.2181277 0.2196102 0.2211574 0.2223618 0.2234756 0.2245574 0.2259579 0.2264542 0.2272386 0.2280432 0.2281297 0.2284424 0.2281056
8.7097347E-02 8.8513590E-02 9.0360671E-02 9.0978339E-02 9.2693716E-02 9.4032489E-02 9.5858887E-02 9.7233452E-02 9.8409168E-02 0.1002462 0.1018521 0.1035400 0.1052351 0.1074919 0.1088688 0.1103894 0.1116948 0.1138690 0.1156010 0.1168803 0.1187645 0.1206471 0.1224960 0.1252618 0.1276308 0.1303047 0.1321454 0.1349665 0.1425804 0.1492017 0.1551199 0.1603575 0.1665831 0.1722280 0.1784838 0.1844844 0.1898431 0.1965933 0.2022764 0.2080335 0.2144813 0.2183061 0.2219092 0.2234931 0.2246590 0.2256603 0.2266740 0.2276163 0.2287902 0.2291885 0.2292154 0.2296112 0.2309064 0.2310240 0.2302363
8.8744566E-02 9.0085715E-02 9.1377608E-02 9.2843711E-02 9.4652057E-02 9.5772572E-02 9.7273767E-02 9.9089205E-02 0.1000618 0.1017350 0.1033164 0.1052716 0.1066248 0.1083178 0.1100383 0.1117615 0.1130496 0.1151893 0.1168135 0.1184013 0.1194031 0.1212045 0.1235708 0.1254403 0.1274271 0.1294965 0.1319635 0.1388404 0.1441667 0.1509200 0.1562692 0.1632665 0.1689805 0.1752158 0.1818809 0.1872580 0.1934348 0.1993650 0.2056191 0.2115465 0.2190937 0.2233613 0.2256269 0.2277430 0.2284940 0.2297392 0.2302294 0.2307926 0.2318789 0.2318967 0.2318846 0.2321918 0.2331426 0.2331405 0.2327129
9.0341657E-02 9.1584355E-02 9.2926912E-02 9.4678387E-02 9.6029855E-02 9.7655974E-02 9.8862097E-02 0.1002472 0.1016321 0.1032772 0.1047269 0.1063015 0.1083574 0.1095683 0.1111551 0.1131586 0.1144575 0.1158745 0.1177099 0.1188722 0.1202911 0.1219038 0.1235191 0.1255863 0.1273542 0.1284547 0.1349297 0.1396801 0.1470625 0.1533684 0.1597827 0.1657361 0.1719905 0.1782830 0.1842630 0.1906543 0.1969366 0.2030814 0.2091490 0.2153857 0.2211727 0.2273630 0.2310367 0.2320606 0.2330087 0.2338936 0.2341279 0.2341986 0.2345507 0.2350733 0.2351843 0.2353477 0.2353238 0.2354200 0.2354617
9.2386141E-02 9.3661636E-02 9.4919927E-02 9.6414663E-02 9.7852550E-02 9.9416360E-02 0.1010456 0.1019154 0.1034015 0.1051548 0.1068102 0.1076427 0.1092799 0.1108275 0.1123383 0.1141284 0.1162197 0.1171231 0.1186240 0.1198089 0.1215827 0.1228901 0.1238797 0.1252466 0.1268195 0.1325445 0.1378671 0.1431836 0.1497045 0.1564896 0.1626592 0.1689469 0.1751491 0.1812853 0.1872870 0.1937015 0.1999427 0.2061404 0.2120350 0.2182224 0.2246343 0.2320775 0.2360689 0.2364157 0.2378113 0.2382725 0.2380485 0.2384940 0.2381210 0.2385983 0.2385290 0.2382313 0.2398511 0.2381398 0.2377438
9.4134934E-02 9.5426790E-02 9.6582942E-02 9.8057695E-02 0.1000636 0.1013315 0.1024220 0.1036823 0.1050678 0.1065867 0.1082204 0.1097277 0.1107100 0.1120112 0.1137563 0.1152878 0.1168632 0.1184768 0.1197541 0.1214296 0.1225202 0.1234355 0.1247566 0.1254220 0.1273204 0.1345559 0.1411938 0.1469513 0.1531688 0.1644528 0.1659907 0.1722538 0.1784524 0.1845534 0.1905916 0.1965570 0.2031831 0.2089597 0.2150394 0.2216805 0.2271298 0.2341875 0.2387677 0.2406363 0.2416972 0.2423970 0.2419612 0.2421994 0.2426244 0.2425817 0.2422758 0.2422898 0.2416663 0.2415674 0.2422476
9.6600160E-02 9.7618610E-02 9.8804757E-02 0.1002671 0.1013012 0.1029989 0.1043375 0.1062368 0.1075542 0.1083062 0.1095556 0.1108361 0.1119547 0.1132252 0.1148269 0.1164287 0.1176437 0.1193467 0.1206620 0.1216784 0.1234898 0.1238202 0.1252661 0.1257284 0.1327554 0.1377603 0.1441706 0.1512375 0.1567668 0.1629874 0.1690059 0.1753462 0.1820791 0.1882762 0.1947644 0.2010779 0.2068415 0.2124428 0.2183727 0.2244481 0.2299777 0.2363513 0.2433748 0.2464833 0.2464663 0.2464212 0.2465541 0.2460475 0.2461368 0.2465813 0.2462950 0.2461467 0.2454788 0.2449639 0.2449800
9.9218428E-02 0.1001890 0.1013187 0.1020883 0.1036650 0.1049000 0.1065592 0.1084624 0.1097459 0.1108400 0.1112884 0.1124801 0.1136438 0.1149575 0.1158156 0.1173176 0.1186061 0.1200701 0.1215986 0.1232927 0.1237658 0.1247891 0.1255968 0.1312816 0.1368088 0.1422247 0.1486921 0.1552118 0.1607150 0.1667057 0.1723231 0.1794117 0.1858834 0.1924209 0.1994919 0.2053019 0.2102933 0.2160778 0.2209631 0.2268537 0.2330424 0.2393338 0.2459674 0.2495066 0.2500196 0.2501353 0.2506515 0.2509657 0.2504196 0.2503531 0.2502030 0.2500383 0.2493827 0.2489660 0.2491694
0.1013468 0.1022371 0.1030873 0.1045741 0.1057798 0.1073321 0.1090138 0.1105690 0.1118155 0.1125702 0.1133286 0.1141672 0.1151446 0.1165314 0.1170292 0.1184594 0.1195024 0.1210704 0.1230560 0.1245181 0.1255139 0.1261353 0.1315598 0.1362657 0.1415462 0.1471170 0.1537062 0.1588758 0.1655260 0.1707823 0.1753482 0.1823458 0.1899761 0.1977490 0.2034287 0.2108782 0.2147175 0.2191742 0.2239234 0.2296324 0.2355032 0.2419178 0.2478362 0.2535906 0.2535494 0.2545379 0.2543710 0.2548808 0.2536204 0.2538458 0.2537384 0.2535594 0.2530467 0.2527835 0.2536013
0.1035877 0.1044801 0.1054195 0.1065552 0.1079760 0.1099091 0.1121765 0.1137796 0.1152796 0.1156121 0.1154625 0.1159513 0.1167384 0.1174644 0.1184724 0.1194445 0.1208970 0.1224875 0.1235359 0.1250899 0.1295581 0.1328655 0.1364970 0.1415094 0.1470346 0.1518908 0.1578354 0.1634707 0.1700820 0.1759406 0.1809095 0.1876351 0.1934737 0.1987259 0.2042041 0.2105974 0.2157853 0.2274661 0.2332930 0.2322794 0.2381149 0.2438997 0.2496293 0.2559292 0.2578483 0.2582566 0.2589303 0.2580869 0.2574674 0.2573434 0.2575510 0.2580756 0.2572386 0.2571275 0.2568620
0.1057432 0.1064175 0.1072727 0.1084637 0.1099408 0.1118631 0.1142050 0.1158419 0.1171797 0.1171995 0.1170329 0.1180773 0.1190995 0.1198217 0.1205895 0.1215977 0.1219199 0.1228513 0.1270416 0.1305142 0.1340574 0.1378535 0.1414151 0.1467768 0.1518095 0.1574809 0.1624476 0.1686837 0.1741574 0.1799826 0.1860071 0.1919613 0.1971643 0.2028711 0.2077292 0.2139815 0.2192058 0.2247983 0.2298378 0.2356289 0.2412043 0.2471130 0.2524221 0.2576128 0.2619182 0.2620509 0.2627311 0.2620447 0.2621457 0.2617477 0.2612332 0.2613428 0.2614441 0.2615319 0.2611408
0.1081583 0.1086686 0.1096214 0.1108218 0.1124151 0.1141013 0.1162724 0.1180574 0.1187233 0.1192965 0.1194582 0.1197920 0.1197282 0.1211703 0.1219893 0.1226787 0.1225929 0.1279223 0.1315650 0.1346164 0.1391312 0.1431129 0.1466666 0.1521139 0.1566425 0.1621689 0.1670209 0.1724962 0.1783742 0.1840491 0.1898649 0.1953704 0.2010190 0.2069730 0.2124449 0.2173672 0.2226359 0.2279502 0.2333224 0.2391392 0.2448292 0.2494520 0.2543235 0.2591562 0.2648195 0.2658818 0.2656718 0.2658678 0.2655985 0.2657163 0.2651570 0.2656883 0.2665579 0.2662935 0.2668125
0.1106995 0.1111624 0.1118988 0.1132714 0.1144644 0.1158478 0.1173941 0.1184957 0.1201085 0.1207074 0.1209299 0.1214222 0.1223259 0.1224353 0.1230833 0.1262905 0.1286434 0.1315233 0.1359780 0.1398581 0.1441217 0.1482022 0.1521337 0.1566831 0.1621880 0.1674675 0.1720919 0.1771766 0.1828446 0.1886264 0.1943341 0.1999553 0.2055287 0.2112863 0.2166725 0.2217911 0.2269213 0.2320195 0.2374389 0.2438811 0.2496229 0.2534389 0.2577875 0.2623059 0.2662026 0.2694582 0.2692812 0.2694797 0.2692041 0.2692442 0.2695507 0.2704956 0.2712693 0.2731350 0.2706764
