LUCAS_GEMMES_COP27/includes/subsidence/Scenario_M1/tmp/TOT_SUBSIDENCE_2030_SINCE_2018_MKD_ONLY.ASC
NCOLS                318
NROWS                364
XLLCORNER      400000.00
YLLCORNER      907000.00
CELLSIZE         1000.00
NODATA_VALUE    0.3402823E+39
[rows 96 to 119 of 364, columns 159 to 211 of 318]
4.9699351E-02 5.0128818E-02 5.0469950E-02 5.0845191E-02 5.1050678E-02 5.1366642E-02 5.1905066E-02 5.2119732E-02 5.2374274E-02 5.2533776E-02 5.2586347E-02 5.2598700E-02 5.2860349E-02 5.2807227E-02 5.2963451E-02 5.3150207E-02 5.3301483E-02 5.3469419E-02 5.3675681E-02 5.3919286E-02 5.4410160E-02 5.5004552E-02 5.5433780E-02 5.6090891E-02 5.7043716E-02 5.8030650E-02 5.8499366E-02 5.8865309E-02 5.8907703E-02 5.9223846E-02 5.9906110E-02 6.0135901E-02 6.0281083E-02 6.0595289E-02 6.0481355E-02 6.0587168E-02 6.0740724E-02 6.0896903E-02 6.1006323E-02 6.1094522E-02 6.1129540E-02 6.1138883E-02 6.1129794E-02 6.1125994E-02 6.1144799E-02 6.1177403E-02 6.0796365E-02 6.0860351E-02 6.0526118E-02 6.0273051E-02 6.0263291E-02 6.0135618E-02 5.9837669E-02
5.0076053E-02 5.0424293E-02 5.0771147E-02 5.1079318E-02 5.1237464E-02 5.1537022E-02 5.1852942E-02 5.2058637E-02 5.2488491E-02 5.2633688E-02 5.2555725E-02 5.2712038E-02 5.2703932E-02 5.2759424E-02 5.2757025E-02 5.2927583E-02 5.3063661E-02 5.3241089E-02 5.3257957E-02 5.3381264E-02 5.3763330E-02 5.4379031E-02 5.4874614E-02 5.5428103E-02 5.6272417E-02 5.6957498E-02 5.7609767E-02 5.7957694E-02 5.8037683E-02 5.8380380E-02 5.9183136E-02 5.9647873E-02 5.9897438E-02 6.0131565E-02 5.9997678E-02 6.0229421E-02 6.0396627E-02 6.0519397E-02 6.0648084E-02 6.0755864E-02 6.0827598E-02 6.0907573E-02 6.0951471E-02 6.0834050E-02 6.0995102E-02 6.1110869E-02 6.0891226E-02 6.0634002E-02 6.0269892E-02 5.9949353E-02 5.9737369E-02 5.9601903E-02 5.9281558E-02
5.0423741E-02 5.0800681E-02 5.1048025E-02 5.1326528E-02 5.1578015E-02 5.1868618E-02 5.2057132E-02 5.2234650E-02 5.2416161E-02 5.2499115E-02 5.2634045E-02 5.2621111E-02 5.2780077E-02 5.2792028E-02 5.2650794E-02 5.2797660E-02 5.2900270E-02 5.3064525E-02 5.3001955E-02 5.3027675E-02 5.3259537E-02 5.3770676E-02 5.4338992E-02 5.4784015E-02 5.5621654E-02 5.6183636E-02 5.7068944E-02 5.7604551E-02 5.7819262E-02 5.8122918E-02 5.8841899E-02 5.9152231E-02 5.9116229E-02 5.9405535E-02 5.9654459E-02 5.9871718E-02 6.0042575E-02 6.0203344E-02 6.0346410E-02 6.0581803E-02 6.0491756E-02 6.0486853E-02 6.0567006E-02 6.0547084E-02 6.0697779E-02 6.0608357E-02 6.0497075E-02 6.0182229E-02 6.0037300E-02 5.9843808E-02 5.9832379E-02 5.9649140E-02 5.9228197E-02
5.0801799E-02 5.1092342E-02 5.1382393E-02 5.1686645E-02 5.1872402E-02 5.2151337E-02 5.2531108E-02 5.2421823E-02 5.2551046E-02 5.2861989E-02 5.2828193E-02 5.2812859E-02 5.2865729E-02 5.2802503E-02 5.2712426E-02 5.2750185E-02 5.2848250E-02 5.2849248E-02 5.2725375E-02 5.2783459E-02 5.2796945E-02 5.3099692E-02 5.3520516E-02 5.3979322E-02 5.4708958E-02 5.5431232E-02 5.6202292E-02 5.6803599E-02 5.7329148E-02 5.7790965E-02 5.8212981E-02 5.8727100E-02 5.8736697E-02 5.9059381E-02 5.9307352E-02 5.9601471E-02 5.9755847E-02 5.9932619E-02 6.0080394E-02 6.0203806E-02 6.0262889E-02 6.0219049E-02 6.0271844E-02 6.0334310E-02 6.0343608E-02 6.0180306E-02 6.0092807E-02 5.9964254E-02 5.9812278E-02 5.9653774E-02 5.9707746E-02 5.9631273E-02 5.9315607E-02
5.1336050E-02 5.1608622E-02 5.1704556E-02 5.2073330E-02 5.2203193E-02 5.2419946E-02 5.2815288E-02 5.2795127E-02 5.2852631E-02 5.3014562E-02 5.2915990E-02 5.2888155E-02 5.2893177E-02 5.2795768E-02 5.2794188E-02 5.2680254E-02 5.2666485E-02 5.2579954E-02 5.2587286E-02 5.2482143E-02 5.2358851E-02 5.2391961E-02 5.2876249E-02 5.2789122E-02 5.3815663E-02 5.4744437E-02 5.5469498E-02 5.6312636E-02 5.6997687E-02 5.7311505E-02 5.7660937E-02 5.8172137E-02 5.8340818E-02 5.8676362E-02 5.8951303E-02 5.9304848E-02 5.9579566E-02 5.9606090E-02 5.9796691E-02 6.0027897E-02 5.9996516E-02 5.9992120E-02 6.0026169E-02 6.0048774E-02 5.9966192E-02 5.9951022E-02 5.9866101E-02 5.9764251E-02 5.9662759E-02 5.9467137E-02 5.9434623E-02 5.9555694E-02 5.9122816E-02
5.1602229E-02 5.1854849E-02 5.2218735E-02 5.2453592E-02 5.2539080E-02 5.2762777E-02 5.2830443E-02 5.3110063E-02 5.2993804E-02 5.3136095E-02 5.3046316E-02 5.3042859E-02 5.2813798E-02 5.2887022E-02 5.2818209E-02 5.2616090E-02 5.2393392E-02 5.2286625E-02 5.2123815E-02 5.1952735E-02 5.1760435E-02 5.1644489E-02 5.1608384E-02 5.2118450E-02 5.3117499E-02 5.4211363E-02 5.5088297E-02 5.5845693E-02 5.6589037E-02 5.6901425E-02 5.7266772E-02 5.7783738E-02 5.8103994E-02 5.8489263E-02 5.8732599E-02 5.8989689E-02 5.9388608E-02 5.9487164E-02 5.9565037E-02 5.9729278E-02 5.9866056E-02 5.9925422E-02 5.9981346E-02 5.9979871E-02 5.9712023E-02 5.9662983E-02 5.9606671E-02 5.9574991E-02 5.9444398E-02 5.9357747E-02 5.9229240E-02 5.9278309E-02 5.8910728E-02
5.2030936E-02 5.2351162E-02 5.2578628E-02 5.2753419E-02 5.2871853E-02 5.3074151E-02 5.3247556E-02 5.3173363E-02 5.3229839E-02 5.3242281E-02 5.3173110E-02 5.3083509E-02 5.3023428E-02 5.2831575E-02 5.2767351E-02 5.2449882E-02 5.2223071E-02 5.2023128E-02 5.1754326E-02 5.1456228E-02 5.1123679E-02 5.0859973E-02 5.0774366E-02 5.1932380E-02 5.2919418E-02 5.4101437E-02 5.4915905E-02 5.5375248E-02 5.5955291E-02 5.6519270E-02 5.7080403E-02 5.7523564E-02 5.8038369E-02 5.8343425E-02 5.8552518E-02 5.8819562E-02 5.9147149E-02 5.9306324E-02 5.9403688E-02 5.9569091E-02 5.9615999E-02 5.9599653E-02 5.9656650E-02 5.9645236E-02 5.9581414E-02 5.9583813E-02 5.9520110E-02 5.9484273E-02 5.9238613E-02 5.9282586E-02 5.9213147E-02 5.9258714E-02 5.8806524E-02
5.2498892E-02 5.2758962E-02 5.2841425E-02 5.3045839E-02 5.3201884E-02 5.3350002E-02 5.3439021E-02 5.3420827E-02 5.3392738E-02 5.3441733E-02 5.3388461E-02 5.3213775E-02 5.3069368E-02 5.2990690E-02 5.2689239E-02 5.2360877E-02 5.2121118E-02 5.1795781E-02 5.1422954E-02 5.0994039E-02 5.0515845E-02 4.9715534E-02 5.0309673E-02 5.1629692E-02 5.2874133E-02 5.3848758E-02 5.4646239E-02 5.5058822E-02 5.5778369E-02 5.6467742E-02 5.6942910E-02 5.7199135E-02 5.7746634E-02 5.8277920E-02 5.8280289E-02 5.8625534E-02 5.8967844E-02 5.9054181E-02 5.9187934E-02 5.9313208E-02 5.9379399E-02 5.9426650E-02 5.9492126E-02 5.9477031E-02 5.9417605E-02 5.9431225E-02 5.9401482E-02 5.9375882E-02 5.9287757E-02 5.9268162E-02 5.9249163E-02 5.9273690E-02 5.9066355E-02
5.2980542E-02 5.3208902E-02 5.3335547E-02 5.3468451E-02 5.3595915E-02 5.3742066E-02 5.3801835E-02 5.3832322E-02 5.3768948E-02 5.3649247E-02 5.3639084E-02 5.3453058E-02 5.3368434E-02 5.3119615E-02 5.2701935E-02 5.2323326E-02 5.2023768E-02 5.1620409E-02 5.1164240E-02 5.0596803E-02 5.0006934E-02 4.9335785E-02 5.0599709E-02 5.1614478E-02 5.2673414E-02 5.3471059E-02 5.4374382E-02 5.4911301E-02 5.5545315E-02 5.6087375E-02 5.6555346E-02 5.6771994E-02 5.7015568E-02 5.7743639E-02 5.8103681E-02 5.8384463E-02 5.8710739E-02 5.8826670E-02 5.9008151E-02 5.9111685E-02 5.9236556E-02 5.9382662E-02 5.9486806E-02 5.9351116E-02 5.9270352E-02 5.9297174E-02 5.9299543E-02 5.9256792E-02 5.9267715E-02 5.9362039E-02 5.9315816E-02 5.9077948E-02 5.9407845E-02
5.3241313E-02 5.3533643E-02 5.3809464E-02 5.3986624E-02 5.4041222E-02 5.4113239E-02 5.4209113E-02 5.4249838E-02 5.4082423E-02 5.3979039E-02 5.3778037E-02 5.3542241E-02 5.3315803E-02 5.3316385E-02 5.2888349E-02 5.2340612E-02 5.2027151E-02 5.1528141E-02 5.1136300E-02 5.0478026E-02 4.9302757E-02 4.9345315E-02 5.0728545E-02 5.1676184E-02 5.2496776E-02 5.3317949E-02 5.4413259E-02 5.5064008E-02 5.5422559E-02 5.5984616E-02 5.6488723E-02 5.6871161E-02 5.7076335E-02 5.7607189E-02 5.7924941E-02 5.8254138E-02 5.8462918E-02 5.8650658E-02 5.8821991E-02 5.8973119E-02 5.8977008E-02 5.9147954E-02 5.9292182E-02 5.9173197E-02 5.9123620E-02 5.9198320E-02 5.9233412E-02 5.9215441E-02 5.9440881E-02 5.9275329E-02 5.9302270E-02 5.9451059E-02 6.0127348E-02
5.3714901E-02 5.4030597E-02 5.4365203E-02 5.4540157E-02 5.4560453E-02 5.4529995E-02 5.4472148E-02 5.4487810E-02 5.4349825E-02 5.4167837E-02 5.4107264E-02 5.3838000E-02 5.3436264E-02 5.3275049E-02 5.2909747E-02 5.2411258E-02 5.2039653E-02 5.1533833E-02 5.0985634E-02 5.0467886E-02 4.9718000E-02 5.0087892E-02 5.1092364E-02 5.1969811E-02 5.2447423E-02 5.3291395E-02 5.4392174E-02 5.4701388E-02 5.5209979E-02 5.5837572E-02 5.6149065E-02 5.6444973E-02 5.7035625E-02 5.7469219E-02 5.7745978E-02 5.8010966E-02 5.8287427E-02 5.8475032E-02 5.8714196E-02 5.8968022E-02 5.8956787E-02 5.8919102E-02 5.8965191E-02 5.8981612E-02 5.9097692E-02 5.9102237E-02 5.9111431E-02 5.9151918E-02 5.9103757E-02 5.9312463E-02 5.8994502E-02 5.9557423E-02 6.0338452E-02
5.4356411E-02 5.4592147E-02 5.4863647E-02 5.5024907E-02 5.5155173E-02 5.5006519E-02 5.4898188E-02 5.4832265E-02 5.4744557E-02 5.4601803E-02 5.4356307E-02 5.4137155E-02 5.3711653E-02 5.3394914E-02 5.2969500E-02 5.2530289E-02 5.1920846E-02 5.1399723E-02 5.1015839E-02 5.0331414E-02 5.0231412E-02 5.0950415E-02 5.1577732E-02 5.2381769E-02 5.2832872E-02 5.3507358E-02 5.4193079E-02 5.4549739E-02 5.4957673E-02 5.5708006E-02 5.5867732E-02 5.6117535E-02 5.6924835E-02 5.7439104E-02 5.7595313E-02 5.7899341E-02 5.8090195E-02 5.8302745E-02 5.8478177E-02 5.8618277E-02 5.8887839E-02 5.8852285E-02 5.8878452E-02 5.8937714E-02 5.8941096E-02 5.9019357E-02 5.9037641E-02 5.8924168E-02 5.9359029E-02 5.9252113E-02 5.9053287E-02 5.9817567E-02 6.0479730E-02
5.4933771E-02 5.4951265E-02 5.5088773E-02 5.5512697E-02 5.5664122E-02 5.5456594E-02 5.5498764E-02 5.5370972E-02 5.5150688E-02 5.5007711E-02 5.4943576E-02 5.4535583E-02 5.4101557E-02 5.3804249E-02 5.3262174E-02 5.2694768E-02 5.2137673E-02 5.1795647E-02 5.1127762E-02 5.0848074E-02 5.1190868E-02 5.1607892E-02 5.2086964E-02 5.2640155E-02 5.3142861E-02 5.3877398E-02 5.4420695E-02 5.5086628E-02 5.5517510E-02 5.5702969E-02 5.6164742E-02 5.6307852E-02 5.6838661E-02 5.7156652E-02 5.7488292E-02 5.7853729E-02 5.7957545E-02 5.8090433E-02 5.8240920E-02 5.8395296E-02 5.8567405E-02 5.8646709E-02 5.8760300E-02 5.8804825E-02 5.8783904E-02 5.8921695E-02 5.8965176E-02 5.8987826E-02 5.9030622E-02 5.8886722E-02 5.9378877E-02 6.0110599E-02 6.0870066E-02
5.5484727E-02 5.5498272E-02 5.5621043E-02 5.5941552E-02 5.6014493E-02 5.5957332E-02 5.5941284E-02 5.5880532E-02 5.5552870E-02 5.5503950E-02 5.5412486E-02 5.4931819E-02 5.4641038E-02 5.4112464E-02 5.3534165E-02 5.2982748E-02 5.2333325E-02 5.1986217E-02 5.1639959E-02 5.1791608E-02 5.1900461E-02 5.2165821E-02 5.2651644E-02 5.3085461E-02 5.3405285E-02 5.3924829E-02 5.4380968E-02 5.4993019E-02 5.5086732E-02 5.5402339E-02 5.6065217E-02 5.6413174E-02 5.6816712E-02 5.7124212E-02 5.7330921E-02 5.7591811E-02 5.8000088E-02 5.8077380E-02 5.8200166E-02 5.8349177E-02 5.8422193E-02 5.8544427E-02 5.8611199E-02 5.8635935E-02 5.8707491E-02 5.8806747E-02 5.8870539E-02 5.8953375E-02 5.9091255E-02 5.9254006E-02 5.9790149E-02 6.0498878E-02 6.0911149E-02
5.6167334E-02 5.6226373E-02 5.6310460E-02 5.6338012E-02 5.6419849E-02 5.6497246E-02 5.6377858E-02 5.6408778E-02 5.6049705E-02 5.5985406E-02 5.6041986E-02 5.5613101E-02 5.5026621E-02 5.4503620E-02 5.3974092E-02 5.3340197E-02 5.2908525E-02 5.2727491E-02 5.2530006E-02 5.2525207E-02 5.2603528E-02 5.2845612E-02 5.3193420E-02 5.3715259E-02 5.3915158E-02 5.4183155E-02 5.4663926E-02 5.4958791E-02 5.5073231E-02 5.5619776E-02 5.6086570E-02 5.6393772E-02 5.6774199E-02 5.7032630E-02 5.7301074E-02 5.7512477E-02 5.7818502E-02 5.7966113E-02 5.8126584E-02 5.8260009E-02 5.8325857E-02 5.8543280E-02 5.8523551E-02 5.8612138E-02 5.8626249E-02 5.8718592E-02 5.8876798E-02 5.8918059E-02 5.9089988E-02 5.9462607E-02 5.9949249E-02 6.0455129E-02 6.1148927E-02
5.6965321E-02 5.6957990E-02 5.6909084E-02 5.7272896E-02 5.6974098E-02 5.6924328E-02 5.7160005E-02 5.6962207E-02 5.6672573E-02 5.6679323E-02 5.6632921E-02 5.6173831E-02 5.5597171E-02 5.5164933E-02 5.4617181E-02 5.4278463E-02 5.3799659E-02 5.3452536E-02 5.3248435E-02 5.3150192E-02 5.3232238E-02 5.3425387E-02 5.3637952E-02 5.3989008E-02 5.4243743E-02 5.4491326E-02 5.4780304E-02 5.5104658E-02 5.5445239E-02 5.5809692E-02 5.6162730E-02 5.6414679E-02 5.6740895E-02 5.7015404E-02 5.7241470E-02 5.7468012E-02 5.7596773E-02 5.7845995E-02 5.7975009E-02 5.8136329E-02 5.8210805E-02 5.8359876E-02 5.8429942E-02 5.8450386E-02 5.8536872E-02 5.8652461E-02 5.8783174E-02 5.8837608E-02 5.9037954E-02 5.9561670E-02 6.0102567E-02 6.0636699E-02 6.1524436E-02
5.7854652E-02 5.7800233E-02 5.7854801E-02 5.7707638E-02 5.7733983E-02 5.7836398E-02 5.7922259E-02 5.7692617E-02 5.7426676E-02 5.7356119E-02 5.7118982E-02 5.6752995E-02 5.6314632E-02 5.5982634E-02 5.5317700E-02 5.4856315E-02 5.4394096E-02 5.4211065E-02 5.3947315E-02 5.3870410E-02 5.3865731E-02 5.4200903E-02 5.4258943E-02 5.4470718E-02 5.4577947E-02 5.4811165E-02 5.5020839E-02 5.5292130E-02 5.5552378E-02 5.5904269E-02 5.6162104E-02 5.6420952E-02 5.6775138E-02 5.6939408E-02 5.7180643E-02 5.7347357E-02 5.7511792E-02 5.7672217E-02 5.7874545E-02 5.8062568E-02 5.8091015E-02 5.8223471E-02 5.8209136E-02 5.8286473E-02 5.8415189E-02 5.8565170E-02 5.8678225E-02 5.8773085E-02 5.8898672E-02 5.9688017E-02 6.0397744E-02 6.1086506E-02 6.1655447E-02
5.8762640E-02 5.8708459E-02 5.8705464E-02 5.8555484E-02 5.8461353E-02 5.8528274E-02 5.8550164E-02 5.8540940E-02 5.8078229E-02 5.7880431E-02 5.7628229E-02 5.7230517E-02 5.6869805E-02 5.6463078E-02 5.6050301E-02 5.4906607E-02 5.4952413E-02 5.4885685E-02 5.4679811E-02 5.4446131E-02 5.4451779E-02 5.4600731E-02 5.4505944E-02 5.4660678E-02 5.4907203E-02 5.5202812E-02 5.5364206E-02 5.5499822E-02 5.5680081E-02 5.5999026E-02 5.6249619E-02 5.6426838E-02 5.6741759E-02 5.6953728E-02 5.7110265E-02 5.7102665E-02 5.7365254E-02 5.7585165E-02 5.7716146E-02 5.7930335E-02 5.7939515E-02 5.8027640E-02 5.8078766E-02 5.8225468E-02 5.8272794E-02 5.8432564E-02 5.8560550E-02 5.8612049E-02 5.8900997E-02 5.9853256E-02 6.0621113E-02 6.1431020E-02 6.2254339E-02
5.9605792E-02 5.9579223E-02 5.9563413E-02 5.9416845E-02 5.9353009E-02 5.9471592E-02 5.9351221E-02 5.9254318E-02 5.8924884E-02 5.8604866E-02 5.8342919E-02 5.7933018E-02 5.7442278E-02 5.7258978E-02 5.6749374E-02 5.5759594E-02 5.5488080E-02 5.5331573E-02 5.5105865E-02 5.5099264E-02 5.4943606E-02 5.4959208E-02 5.4994345E-02 5.5060849E-02 5.5258676E-02 5.5491984E-02 5.5617914E-02 5.5680439E-02 5.5829287E-02 5.6112394E-02 5.6277558E-02 5.6426406E-02 5.6708738E-02 5.6945339E-02 5.7076156E-02 5.7028636E-02 5.7412878E-02 5.7540208E-02 5.7611123E-02 5.7723090E-02 5.7813033E-02 5.7887420E-02 5.8039829E-02 5.8128119E-02 5.8146328E-02 5.8254331E-02 5.8367580E-02 5.8492497E-02 5.9250221E-02 6.0056433E-02 6.1149836E-02 6.1877161E-02 6.2669426E-02
6.0330287E-02 6.0324267E-02 6.0317904E-02 6.0212120E-02 6.0201466E-02 6.0503721E-02 6.0477287E-02 6.0157254E-02 5.9808597E-02 5.9972748E-02 5.9061021E-02 5.8437735E-02 5.8057114E-02 5.7766005E-02 5.7150364E-02 5.6362689E-02 5.5946156E-02 5.5755183E-02 5.5751488E-02 5.5682018E-02 5.5390522E-02 5.5154696E-02 5.5361167E-02 5.5461705E-02 5.5603623E-02 5.5638924E-02 5.5800647E-02 5.5894956E-02 5.5970564E-02 5.6175515E-02 5.6341484E-02 5.6517765E-02 5.6743190E-02 5.6909129E-02 5.7046846E-02 5.7266057E-02 5.7572842E-02 5.7547495E-02 5.7544500E-02 5.7574138E-02 5.7698548E-02 5.7842672E-02 5.7922557E-02 5.7949081E-02 5.7933763E-02 5.8059275E-02 5.8179542E-02 5.8430731E-02 5.9530899E-02 6.0314760E-02 6.1336845E-02 6.2212557E-02 6.2884018E-02
6.1059758E-02 6.1144456E-02 6.1328769E-02 6.1125830E-02 6.1137959E-02 6.1117083E-02 6.0998291E-02 6.0887396E-02 6.0846597E-02 6.0327858E-02 5.9601024E-02 5.9117168E-02 5.8754936E-02 5.8247030E-02 5.7604000E-02 5.6970924E-02 5.6456268E-02 5.6143075E-02 5.6162491E-02 5.6060642E-02 5.5818900E-02 5.5475563E-02 5.5680797E-02 5.5645540E-02 5.5809155E-02 5.5861905E-02 5.5955231E-02 5.6038871E-02 5.6133136E-02 5.6269139E-02 5.6452021E-02 5.6536108E-02 5.6777447E-02 5.6965008E-02 5.7039797E-02 5.7236880E-02 5.7295546E-02 5.7421148E-02 5.7369068E-02 5.7436273E-02 5.7581544E-02 5.7635903E-02 5.7695851E-02 5.7735592E-02 5.7756752E-02 5.7975993E-02 5.8112770E-02 5.8827579E-02 5.9826687E-02 6.0718432E-02 6.1510488E-02 6.2495783E-02 6.3157693E-02
6.2065005E-02 6.1921492E-02 6.1970949E-02 6.2024355E-02 6.2079743E-02 6.2018543E-02 6.2010691E-02 6.1683059E-02 6.1405048E-02 6.0765058E-02 6.0162812E-02 5.9717253E-02 5.9301704E-02 5.8766231E-02 5.8333859E-02 5.7822287E-02 5.6766868E-02 5.6664348E-02 5.6670770E-02 5.6799233E-02 5.6469798E-02 5.6238770E-02 5.6242421E-02 5.6132659E-02 5.6213528E-02 5.6171685E-02 5.6305766E-02 5.6367159E-02 5.6371525E-02 5.6560457E-02 5.6640297E-02 5.6623176E-02 5.6736365E-02 5.6953102E-02 5.7109505E-02 5.7214007E-02 5.7290882E-02 5.7285771E-02 5.7310581E-02 5.7325274E-02 5.7498753E-02 5.7521135E-02 5.7520345E-02 5.7657599E-02 5.7677120E-02 5.7839543E-02 5.8116004E-02 5.9103489E-02 6.0063705E-02 6.1111078E-02 6.1878130E-02 6.2758118E-02 6.3802809E-02
6.2916264E-02 6.2760055E-02 6.2927574E-02 6.3187554E-02 6.3157663E-02 6.3305616E-02 6.3058957E-02 6.2329948E-02 6.1711833E-02 6.1012611E-02 6.0611859E-02 6.0229346E-02 5.9737638E-02 5.9045702E-02 5.8675498E-02 5.8653340E-02 5.7963699E-02 5.7562962E-02 5.7624280E-02 5.7115763E-02 5.6939989E-02 5.6820825E-02 5.6701347E-02 5.6567818E-02 5.6698680E-02 5.6523934E-02 5.6419417E-02 5.6294188E-02 5.6494609E-02 5.6726635E-02 5.6778595E-02 5.6750178E-02 5.6814417E-02 5.6915626E-02 5.7107091E-02 5.7199538E-02 5.7177082E-02 5.7233080E-02 5.7340547E-02 5.7235122E-02 5.7406962E-02 5.7510555E-02 5.7447165E-02 5.7467282E-02 5.7528555E-02 5.7715788E-02 5.8609873E-02 5.9566543E-02 6.0430706E-02 6.1347425E-02 6.2477455E-02 6.3231856E-02 6.4133346E-02
6.3649565E-02 6.3737258E-02 6.4011008E-02 6.4250186E-02 6.4776748E-02 6.4259276E-02 6.3434526E-02 6.2844336E-02 6.2098905E-02 6.1349303E-02 6.1009765E-02 6.0554102E-02 5.9946403E-02 5.9401602E-02 5.9028238E-02 5.8904931E-02 5.8494389E-02 5.8188647E-02 5.7865396E-02 5.7472050E-02 5.7184905E-02 5.7028815E-02 5.7147235E-02 5.6962177E-02 5.6933373E-02 5.6924418E-02 5.6522697E-02 5.6571916E-02 5.6752652E-02 5.6946561E-02 5.6991205E-02 5.6889743E-02 5.7007477E-02 5.6987315E-02 5.7059437E-02 5.7118669E-02 5.7163626E-02 5.7279631E-02 5.7273358E-02 5.7167381E-02 5.7347029E-02 5.7409018E-02 5.7401314E-02 5.7419807E-02 5.7290643E-02 5.7557642E-02 5.8936581E-02 5.9993908E-02 6.1014622E-02 6.1810985E-02 6.2953040E-02 6.3674033E-02 6.4378083E-02
