LUCAS_GEMMES_COP27/includes/subsidence/Scenario_M1/tmp/TOT_SUBSIDENCE_2090_SINCE_2018_MKD_ONLY.ASC
NCOLS                318
NROWS                364
XLLCORNER      400000.00
YLLCORNER      907000.00
CELLSIZE         1000.00
NODATA_VALUE    0.3402823E+39
[rows 144 to 167 of 364, columns 110 to 164 of 318]
0.2217129 0.2249412 0.2283494 0.2320095 0.2351801 0.2381343 0.2399303 0.2428055 0.2471236 0.2494992 0.2517787 0.2541375 0.2564061 0.2573150 0.2593829 0.2635943 0.2660526 0.2673168 0.2699030 0.2727738 0.2755221 0.2784843 0.2813843 0.2859143 0.2875828 0.2908139 0.2957587 0.2976317 0.3010277 0.3046007 0.3101209 0.3165931 0.3206507 0.3236511 0.3265818 0.3283193 0.3320665 0.3335010 0.3357531 0.3380865 0.3388508 0.3402835 0.3411740 0.3415496 0.3418236 0.3423604 0.3414832 0.3407546 0.3397529 0.3379247 0.3352986 0.3317049 0.3274361 0.3222650 0.3154042
0.2256356 0.2289474 0.2320911 0.2352287 0.2381980 0.2398880 0.2431688 0.2474186 0.2509528 0.2526344 0.2553307 0.2576530 0.2597804 0.2605647 0.2645587 0.2671832 0.2697366 0.2722826 0.2731080 0.2756212 0.2782422 0.2809306 0.2851308 0.2880121 0.2910394 0.2917863 0.2946353 0.2996010 0.3012676 0.3068875 0.3116008 0.3174286 0.3212767 0.3238658 0.3265620 0.3282942 0.3309422 0.3334685 0.3358646 0.3384145 0.3389249 0.3405255 0.3405327 0.3410683 0.3421462 0.3422084 0.3410825 0.3404875 0.3390633 0.3369618 0.3340694 0.3305702 0.3265463 0.3210620 0.3152445
0.2293407 0.2322024 0.2356919 0.2385637 0.2415327 0.2433295 0.2477838 0.2508269 0.2536227 0.2561443 0.2586024 0.2608763 0.2615148 0.2637420 0.2662258 0.2704791 0.2730690 0.2755208 0.2779278 0.2785709 0.2807687 0.2834912 0.2858713 0.2901340 0.2924651 0.2946817 0.2951477 0.2984291 0.3040267 0.3100650 0.3126638 0.3165480 0.3218296 0.3245511 0.3276839 0.3288553 0.3313298 0.3353667 0.3364729 0.3382778 0.3395498 0.3405074 0.3406889 0.3412626 0.3417628 0.3413736 0.3408949 0.3400545 0.3382164 0.3362162 0.3337027 0.3304389 0.3261589 0.3205508 0.3138421
0.2328112 0.2358669 0.2387574 0.2418649 0.2432549 0.2462995 0.2507284 0.2537142 0.2565139 0.2592180 0.2613303 0.2620701 0.2643172 0.2681097 0.2692932 0.2717637 0.2758825 0.2783700 0.2805573 0.2810750 0.2849463 0.2853811 0.2873358 0.2894200 0.2929338 0.2949516 0.2963223 0.3017457 0.3057196 0.3113490 0.3149353 0.3170944 0.3225357 0.3241199 0.3270404 0.3300162 0.3325570 0.3357372 0.3365886 0.3380770 0.3403598 0.3406899 0.3410088 0.3419950 0.3422150 0.3415257 0.3411271 0.3399196 0.3384880 0.3365525 0.3336799 0.3302335 0.3260334 0.3205707 0.3134471
0.2361147 0.2391559 0.2422113 0.2435612 0.2460725 0.2503655 0.2542011 0.2570553 0.2596070 0.2623189 0.2629422 0.2649865 0.2689325 0.2713817 0.2740572 0.2745934 0.2768042 0.2808872 0.2812037 0.2835023 0.2873677 0.2892715 0.2888435 0.2903659 0.2914706 0.2940810 0.2999313 0.3054394 0.3073034 0.3112673 0.3166228 0.3190299 0.3222977 0.3251202 0.3286857 0.3303545 0.3331545 0.3362573 0.3372942 0.3388296 0.3406827 0.3409207 0.3418542 0.3423195 0.3425033 0.3418738 0.3412094 0.3402243 0.3393654 0.3371729 0.3342417 0.3307573 0.3265148 0.3213003 0.3141935
0.2392880 0.2419448 0.2435082 0.2465586 0.2499075 0.2507722 0.2562300 0.2603909 0.2626980 0.2651289 0.2658717 0.2694190 0.2714713 0.2742830 0.2769828 0.2791896 0.2792795 0.2816008 0.2836450 0.2874755 0.2893543 0.2909378 0.2902772 0.2908861 0.2928511 0.2979257 0.3036231 0.3077453 0.3107023 0.3130343 0.3166829 0.3200576 0.3234376 0.3273929 0.3296809 0.3321160 0.3339351 0.3361676 0.3379396 0.3393601 0.3405021 0.3419280 0.3430946 0.3432383 0.3427807 0.3425033 0.3421588 0.3412392 0.3402844 0.3375989 0.3351042 0.3319579 0.3279594 0.3229449 0.3161379
0.2420366 0.2434874 0.2465416 0.2508260 0.2515855 0.2528197 0.2594447 0.2628265 0.2653192 0.2660717 0.2683485 0.2717345 0.2739853 0.2764437 0.2791565 0.2816601 0.2814929 0.2839066 0.2858853 0.2877150 0.2910387 0.2924666 0.2936011 0.2927182 0.2969506 0.3003240 0.3044054 0.3099218 0.3131713 0.3162131 0.3179281 0.3210995 0.3247432 0.3286843 0.3309995 0.3335721 0.3351036 0.3371654 0.3388824 0.3396909 0.3414201 0.3434052 0.3443125 0.3440821 0.3440910 0.3436483 0.3431173 0.3426623 0.3417165 0.3394131 0.3368396 0.3340110 0.3305274 0.3261746 0.3192743
0.2446952 0.2462092 0.2506992 0.2537546 0.2556530 0.2594559 0.2627556 0.2652597 0.2662016 0.2685685 0.2709434 0.2742818 0.2766829 0.2793609 0.2816260 0.2818407 0.2840583 0.2881964 0.2898690 0.2896656 0.2911800 0.2942647 0.2934878 0.2948475 0.2998053 0.3032572 0.3067876 0.3118453 0.3149116 0.3167156 0.3197911 0.3241576 0.3264110 0.3302464 0.3327038 0.3342726 0.3360941 0.3390256 0.3407242 0.3416486 0.3429668 0.3440207 0.3447742 0.3454152 0.3462006 0.3447130 0.3444628 0.3438766 0.3431563 0.3414137 0.3393377 0.3368517 0.3337224 0.3289821 0.3236528
0.2456389 0.2485340 0.2536218 0.2566688 0.2588583 0.2622598 0.2653503 0.2659511 0.2677937 0.2729866 0.2735302 0.2754379 0.2781430 0.2823977 0.2823672 0.2839701 0.2884400 0.2904413 0.2919366 0.2934204 0.2931636 0.2943592 0.2955052 0.3017663 0.3043439 0.3061038 0.3093194 0.3125618 0.3157335 0.3187788 0.3230316 0.3262883 0.3282573 0.3309482 0.3334343 0.3357823 0.3372145 0.3392618 0.3410982 0.3426038 0.3441957 0.3453434 0.3460643 0.3463697 0.3466880 0.3463600 0.3463424 0.3460504 0.3443154 0.3427768 0.3418334 0.3399247 0.3369402 0.3336642 0.3300260
0.2486853 0.2528639 0.2564532 0.2594867 0.2620454 0.2645872 0.2667515 0.2675002 0.2719038 0.2753882 0.2767836 0.2801460 0.2807007 0.2828149 0.2840426 0.2879149 0.2905686 0.2924750 0.2943010 0.2954016 0.2949576 0.2962639 0.3003505 0.3029726 0.3075057 0.3104433 0.3119379 0.3149844 0.3181121 0.3222274 0.3251374 0.3281995 0.3308298 0.3325286 0.3350568 0.3381109 0.3395162 0.3407357 0.3424106 0.3438921 0.3455766 0.3472790 0.3479706 0.3477222 0.3477471 0.3477518 0.3475344 0.3472561 0.3461142 0.3451385 0.3444609 0.3429956 0.3405694 0.3387481 0.3369858
0.2530899 0.2561165 0.2591350 0.2620880 0.2648210 0.2674074 0.2679296 0.2700938 0.2751651 0.2779211 0.2804182 0.2827299 0.2829886 0.2850663 0.2863506 0.2901335 0.2924064 0.2945362 0.2960369 0.2954516 0.2969686 0.3009979 0.3052866 0.3063444 0.3091230 0.3133404 0.3148251 0.3177097 0.3205593 0.3234253 0.3272927 0.3290727 0.3316036 0.3341145 0.3372188 0.3394933 0.3413346 0.3424919 0.3440882 0.3461011 0.3477028 0.3489080 0.3496686 0.3500963 0.3502636 0.3497674 0.3492779 0.3489122 0.3485281 0.3476913 0.3467011 0.3456884 0.3444475 0.3436293 0.3433540
0.2559236 0.2589225 0.2620069 0.2648765 0.2675346 0.2685498 0.2710893 0.2753630 0.2779121 0.2798353 0.2825208 0.2850200 0.2853329 0.2892095 0.2889520 0.2906858 0.2929323 0.2965285 0.2962923 0.2976165 0.3033596 0.3039892 0.3067594 0.3112114 0.3122592 0.3151122 0.3181326 0.3204758 0.3232197 0.3259918 0.3288309 0.3314695 0.3348742 0.3367660 0.3390212 0.3412164 0.3426759 0.3444509 0.3461567 0.3478356 0.3494078 0.3500983 0.3510457 0.3519472 0.3520587 0.3521215 0.3519196 0.3514656 0.3512853 0.3506859 0.3494359 0.3486089 0.3479159 0.3475260 0.3476702
0.2586858 0.2617404 0.2647489 0.2676029 0.2702259 0.2711787 0.2736786 0.2761458 0.2804486 0.2828418 0.2851927 0.2854902 0.2875808 0.2914153 0.2934285 0.2952870 0.2950532 0.2967705 0.2980913 0.3040758 0.3067611 0.3087412 0.3099500 0.3129340 0.3168559 0.3181596 0.3208095 0.3234089 0.3263145 0.3289586 0.3314382 0.3348540 0.3367423 0.3391856 0.3410131 0.3429985 0.3448271 0.3470842 0.3481368 0.3500957 0.3516431 0.3518375 0.3525565 0.3535707 0.3541062 0.3543024 0.3542714 0.3539093 0.3535607 0.3525870 0.3519098 0.3513256 0.3507281 0.3503504 0.3506165
0.2611899 0.2643537 0.2673215 0.2701663 0.2712344 0.2737738 0.2779935 0.2786877 0.2811278 0.2834502 0.2857240 0.2882802 0.2916136 0.2938191 0.2956098 0.2973236 0.2970974 0.2985469 0.3028806 0.3055762 0.3099687 0.3126552 0.3150142 0.3160844 0.3187496 0.3213410 0.3250099 0.3265276 0.3289749 0.3319718 0.3341473 0.3366050 0.3394045 0.3416607 0.3439470 0.3453825 0.3473049 0.3494476 0.3503267 0.3516988 0.3533595 0.3542937 0.3554407 0.3560107 0.3566091 0.3561218 0.3560054 0.3558487 0.3555046 0.3547654 0.3542794 0.3537926 0.3530647 0.3524544 0.3521825
0.2637130 0.2668685 0.2698480 0.2726274 0.2738996 0.2781303 0.2807380 0.2830963 0.2854266 0.2858716 0.2881411 0.2923195 0.2944384 0.2958191 0.2975945 0.2979113 0.2992479 0.3033502 0.3079560 0.3091401 0.3121400 0.3149492 0.3187365 0.3197317 0.3219557 0.3245867 0.3271343 0.3307015 0.3321509 0.3350017 0.3371000 0.3395669 0.3421367 0.3444517 0.3470978 0.3480361 0.3503504 0.3520371 0.3533090 0.3543538 0.3559394 0.3570585 0.3577757 0.3580012 0.3588704 0.3589395 0.3584767 0.3582942 0.3578920 0.3571336 0.3565450 0.3561552 0.3554484 0.3545842 0.3550901
0.2663470 0.2693684 0.2724466 0.2741325 0.2767738 0.2808485 0.2833575 0.2857443 0.2861440 0.2883990 0.2905833 0.2929786 0.2963876 0.2981746 0.2981383 0.2994041 0.3056458 0.3064880 0.3093286 0.3140126 0.3171235 0.3185677 0.3203081 0.3231142 0.3271779 0.3291672 0.3303359 0.3329132 0.3353766 0.3387317 0.3410043 0.3424717 0.3449780 0.3476152 0.3485513 0.3509191 0.3531270 0.3547310 0.3556115 0.3570824 0.3585522 0.3599264 0.3602017 0.3605914 0.3611876 0.3616912 0.3615905 0.3608558 0.3603983 0.3596451 0.3587940 0.3581251 0.3573541 0.3567815 0.3579490
0.2692431 0.2720909 0.2754801 0.2773019 0.2816483 0.2838563 0.2860107 0.2866398 0.2887859 0.2929209 0.2951623 0.2951609 0.2968599 0.2985337 0.3000006 0.3046166 0.3092216 0.3121984 0.3134110 0.3160822 0.3200286 0.3212422 0.3237947 0.3264874 0.3303223 0.3325373 0.3349476 0.3361901 0.3387211 0.3419492 0.3445463 0.3465345 0.3482026 0.3500677 0.3516812 0.3544514 0.3561944 0.3578847 0.3587950 0.3605711 0.3612316 0.3619699 0.3627402 0.3633964 0.3637045 0.3636966 0.3638584 0.3634384 0.3629270 0.3622054 0.3611135 0.3600555 0.3593408 0.3604476 0.3607579
0.2707196 0.2751834 0.2784230 0.2801818 0.2846217 0.2866956 0.2888709 0.2893304 0.2935169 0.2956073 0.2976546 0.2991854 0.2992684 0.3005607 0.3051925 0.3083234 0.3112867 0.3157369 0.3184722 0.3197104 0.3223169 0.3248480 0.3285712 0.3299219 0.3323328 0.3348944 0.3372647 0.3396723 0.3430140 0.3453797 0.3464507 0.3490500 0.3520574 0.3534972 0.3555704 0.3578794 0.3595320 0.3607052 0.3620875 0.3633056 0.3641156 0.3649610 0.3657115 0.3661830 0.3666174 0.3665918 0.3666965 0.3662148 0.3655226 0.3646708 0.3636174 0.3625140 0.3634310 0.3637866 0.3642526
0.2737459 0.2782452 0.2800552 0.2832237 0.2875852 0.2896797 0.2901703 0.2924064 0.2963070 0.2982580 0.3004435 0.3021402 0.3014771 0.3077431 0.3090147 0.3122455 0.3152551 0.3179619 0.3222983 0.3232802 0.3259377 0.3286632 0.3326131 0.3352966 0.3374032 0.3385077 0.3409111 0.3443511 0.3465887 0.3479216 0.3503432 0.3532161 0.3551993 0.3569065 0.3597944 0.3611338 0.3621978 0.3638783 0.3654036 0.3666247 0.3673017 0.3682508 0.3688146 0.3692683 0.3701181 0.3699580 0.3696100 0.3693064 0.3681940 0.3672455 0.3661424 0.3667591 0.3669341 0.3672577 0.3675039
0.2771920 0.2800739 0.2834922 0.2881854 0.2908067 0.2911981 0.2936602 0.2983144 0.2993504 0.3013568 0.3038512 0.3036378 0.3070267 0.3117822 0.3148002 0.3160712 0.3186272 0.3216381 0.3249862 0.3274143 0.3314382 0.3327866 0.3352235 0.3388401 0.3410785 0.3423696 0.3446482 0.3468421 0.3492778 0.3506736 0.3546421 0.3568735 0.3582858 0.3613191 0.3639685 0.3641178 0.3656508 0.3675937 0.3687142 0.3699160 0.3708334 0.3721955 0.3723861 0.3730984 0.3740103 0.3730890 0.3725874 0.3720925 0.3712845 0.3699606 0.3694901 0.3697051 0.3700913 0.3703394 0.3704397
0.2809248 0.2854335 0.2889514 0.2920320 0.2929259 0.2951870 0.2989502 0.3012182 0.3024411 0.3044996 0.3042639 0.3089319 0.3113524 0.3159529 0.3189270 0.3217724 0.3229411 0.3257992 0.3292114 0.3316100 0.3356380 0.3383544 0.3393141 0.3414402 0.3437572 0.3462303 0.3494983 0.3508345 0.3529620 0.3551863 0.3578760 0.3606089 0.3632919 0.3659582 0.3667198 0.3679261 0.3693587 0.3709066 0.3723000 0.3730559 0.3745720 0.3761505 0.3760479 0.3765101 0.3765290 0.3774303 0.3764075 0.3752957 0.3740316 0.3735846 0.3730911 0.3729694 0.3730672 0.3733098 0.3737025
0.2846903 0.2883505 0.2927285 0.2947162 0.2974870 0.3008619 0.3039674 0.3055339 0.3063894 0.3054550 0.3099829 0.3144782 0.3159956 0.3193536 0.3234079 0.3259723 0.3271721 0.3302758 0.3334303 0.3357692 0.3383695 0.3424072 0.3447626 0.3457716 0.3481819 0.3516497 0.3536647 0.3550694 0.3573824 0.3603030 0.3624829 0.3644848 0.3672234 0.3696955 0.3706375 0.3722360 0.3736337 0.3745044 0.3759961 0.3772219 0.3783798 0.3795080 0.3801174 0.3804278 0.3804433 0.3795829 0.3789077 0.3780262 0.3774759 0.3764972 0.3765546 0.3750010 0.3755875 0.3760138 0.3768916
0.2896212 0.2926213 0.2961946 0.2994310 0.3040208 0.3068454 0.3090068 0.3104512 0.3086758 0.3122531 0.3164753 0.3190789 0.3219543 0.3235002 0.3266068 0.3291146 0.3321489 0.3363317 0.3376340 0.3411607 0.3424178 0.3450939 0.3488811 0.3502558 0.3529733 0.3563310 0.3579293 0.3592104 0.3622959 0.3645345 0.3666660 0.3681096 0.3716071 0.3733659 0.3744331 0.3761872 0.3780391 0.3787580 0.3802399 0.3814539 0.3825184 0.3837929 0.3848482 0.3858207 0.3847609 0.3826311 0.3833729 0.3815780 0.3804359 0.3801409 0.3800915 0.3780961 0.3782771 0.3781539 0.3783517
0.2937839 0.2971656 0.3014384 0.3069570 0.3100370 0.3122759 0.3142585 0.3126941 0.3153167 0.3177261 0.3219022 0.3247552 0.3270775 0.3291330 0.3305367 0.3332012 0.3377142 0.3407017 0.3416182 0.3438832 0.3478509 0.3493416 0.3520640 0.3547578 0.3573679 0.3604885 0.3613136 0.3635668 0.3666770 0.3688098 0.3705834 0.3726564 0.3751149 0.3760179 0.3779197 0.3801592 0.3829369 0.3839263 0.3847243 0.3861926 0.3872291 0.3883031 0.3893780 0.3896266 0.3889833 0.3873149 0.3863943 0.3845695 0.3828731 0.3819643 0.3817375 0.3807980 0.3807211 0.3805658 0.3803011
