LUCAS_GEMMES_COP27/includes/subsidence/Scenario_M1/tmp/TOT_SUBSIDENCE_2020_SINCE_2018_MKD_ONLY.ASC
NCOLS                318
NROWS                364
XLLCORNER      400000.00
YLLCORNER      907000.00
CELLSIZE         1000.00
NODATA_VALUE    0.3402823E+39
[rows 110 to 131 of 364, columns 100 to 149 of 318]
3.4028235E+38 3.4028235E+38 3.4028235E+38 3.4028235E+38 3.4028235E+38 3.4028235E+38 3.4006797E-03 3.4272708E-03 3.4840740E-03 3.5219453E-03 3.5749786E-03 3.6228970E-03 3.6766231E-03 3.7500486E-03 3.8081110E-03 3.8798302E-03 3.9304122E-03 3.9881393E-03 4.0431544E-03 4.1171610E-03 4.1803569E-03 4.2489618E-03 4.3425560E-03 4.3911040E-03 4.4601038E-03 4.5524910E-03 4.6137348E-03 4.6805590E-03 4.7681779E-03 4.8221424E-03 4.8918277E-03 4.9685538E-03 5.0478727E-03 5.1532835E-03 5.2393228E-03 5.2859634E-03 5.5776387E-03 5.7774708E-03 6.0979724E-03 6.3752085E-03 6.6550523E-03 6.9235414E-03 7.2019324E-03 7.4838474E-03 7.7571422E-03 8.0495998E-03 8.3432794E-03 8.6264908E-03 8.8987648E-03 9.1922134E-03
3.4028235E+38 3.4028235E+38 3.4028235E+38 3.4028235E+38 3.9309189E-03 3.6173910E-03 3.5143010E-03 3.5313033E-03 3.5710409E-03 3.6131963E-03 3.6659241E-03 3.7157163E-03 3.7647858E-03 3.8239583E-03 3.8869008E-03 3.9552972E-03 4.0283427E-03 4.0603355E-03 4.1234344E-03 4.2006597E-03 4.2761266E-03 4.3079183E-03 4.3781847E-03 4.4448897E-03 4.5110360E-03 4.5943111E-03 4.6939179E-03 4.7335103E-03 4.7952160E-03 4.8550442E-03 4.9542040E-03 5.0185397E-03 5.0674826E-03 5.1358640E-03 5.2077398E-03 5.4543242E-03 5.6895316E-03 5.9205517E-03 6.2045678E-03 6.5108389E-03 6.7828521E-03 7.0647821E-03 7.3425472E-03 7.6196864E-03 7.8925565E-03 8.1891119E-03 8.4738880E-03 8.7562948E-03 9.0241432E-03 9.3135387E-03
3.4028235E+38 3.4028235E+38 3.4028235E+38 3.4028235E+38 3.6566630E-03 3.6203265E-03 3.6051758E-03 3.6411211E-03 3.6818609E-03 3.7087351E-03 3.7379935E-03 3.7877336E-03 3.8324744E-03 3.8954020E-03 3.9889514E-03 4.0402934E-03 4.0851012E-03 4.1388050E-03 4.1981116E-03 4.2621419E-03 4.3341368E-03 4.4036210E-03 4.4388324E-03 4.4937208E-03 4.5740381E-03 4.6458542E-03 4.7180355E-03 4.7923028E-03 4.8452243E-03 4.9215704E-03 4.9828365E-03 5.0432682E-03 5.1153898E-03 5.1395148E-03 5.2309930E-03 5.5573136E-03 5.8355927E-03 6.0852766E-03 6.3581765E-03 6.9112331E-03 6.9288164E-03 7.2134063E-03 7.4926913E-03 7.7678412E-03 8.0480278E-03 8.3341300E-03 8.6226016E-03 8.8793486E-03 9.1679096E-03 9.4920248E-03
3.4028235E+38 3.4028235E+38 3.4028235E+38 3.7237331E-03 3.7132204E-03 3.7292838E-03 3.7436262E-03 3.7486926E-03 3.8013458E-03 3.8170666E-03 3.8535595E-03 3.8857833E-03 3.9314926E-03 3.9965510E-03 4.0332973E-03 4.1121170E-03 4.1705891E-03 4.2593852E-03 4.3162704E-03 4.3415874E-03 4.3933541E-03 4.4476241E-03 4.4909567E-03 4.5460016E-03 4.6194717E-03 4.6948045E-03 4.7492534E-03 4.8325807E-03 4.8971102E-03 4.9414709E-03 5.0228760E-03 5.0554797E-03 5.1425546E-03 5.1699653E-03 5.4595023E-03 5.6879818E-03 5.9777051E-03 6.2786043E-03 6.5174997E-03 6.7928955E-03 7.0608258E-03 7.3487833E-03 7.6618344E-03 7.9467446E-03 8.2472414E-03 8.5386336E-03 8.8000149E-03 9.0434253E-03 9.3118399E-03 9.5908642E-03
3.4028235E+38 3.4028235E+38 3.4028235E+38 3.8643554E-03 3.8548708E-03 3.8468018E-03 3.8482174E-03 3.8462877E-03 3.8877800E-03 3.9179251E-03 3.9751902E-03 4.0064678E-03 4.0487722E-03 4.0706620E-03 4.1381344E-03 4.1944012E-03 4.2733550E-03 4.3646097E-03 4.4209957E-03 4.4641197E-03 4.4741705E-03 4.5209825E-03 4.5684129E-03 4.6272650E-03 4.6612918E-03 4.7312230E-03 4.7893822E-03 4.8670769E-03 4.9376786E-03 5.0275922E-03 5.0503239E-03 5.1070452E-03 5.1567629E-03 5.3962022E-03 5.6354478E-03 5.8847964E-03 6.1692446E-03 6.4549521E-03 6.6949502E-03 6.9621652E-03 7.2187111E-03 7.5414553E-03 7.8436881E-03 8.1745237E-03 8.4971935E-03 8.7595433E-03 8.9790374E-03 9.2156678E-03 9.4195753E-03 9.6839815E-03
3.4028235E+38 3.4028235E+38 3.4028235E+38 4.0585399E-03 4.0436089E-03 4.0162802E-03 3.9847270E-03 3.9865449E-03 3.9834455E-03 4.0393770E-03 4.0681064E-03 4.0950328E-03 4.1207224E-03 4.1858628E-03 4.2375401E-03 4.3101311E-03 4.3918714E-03 4.4658035E-03 4.5224428E-03 4.5437887E-03 4.5696646E-03 4.5979619E-03 4.6410412E-03 4.7008023E-03 4.7147050E-03 4.7836229E-03 4.8294812E-03 4.9090013E-03 4.9912035E-03 5.0621703E-03 5.1182285E-03 5.1598102E-03 5.4006949E-03 5.6069940E-03 5.8472529E-03 6.1085150E-03 6.3898638E-03 6.6330731E-03 6.9439337E-03 7.1511790E-03 7.3755309E-03 7.6789781E-03 8.0398545E-03 8.4300637E-03 8.6894482E-03 9.0563148E-03 9.1829002E-03 9.3552768E-03 9.5503032E-03 9.8077655E-03
3.4028235E+38 3.4028235E+38 4.5087934E-03 4.3637305E-03 4.2723939E-03 4.1952580E-03 4.1427463E-03 4.1254386E-03 4.1122288E-03 4.1365474E-03 4.1671395E-03 4.1943192E-03 4.2253956E-03 4.2724833E-03 4.3369308E-03 4.4322461E-03 4.5534074E-03 4.6347752E-03 4.7079995E-03 4.7050118E-03 4.6715587E-03 4.6798587E-03 4.7096163E-03 4.7328472E-03 4.7804788E-03 4.8240498E-03 4.8937201E-03 4.9728528E-03 5.0226375E-03 5.0963983E-03 5.2981675E-03 5.4452643E-03 5.6107789E-03 5.8368072E-03 6.0885847E-03 6.3205883E-03 6.5813512E-03 6.8441182E-03 7.1441233E-03 7.4020103E-03 7.6317117E-03 7.9302266E-03 8.1968457E-03 8.4314495E-03 8.6777210E-03 8.9757591E-03 9.1954917E-03 9.7806007E-03 1.0042220E-02 9.9185556E-03
3.4028235E+38 3.4028235E+38 4.8298314E-03 4.6773031E-03 4.5145974E-03 4.4025183E-03 4.3310449E-03 4.2728186E-03 4.2455122E-03 4.2340606E-03 4.2614713E-03 4.2752251E-03 4.3026805E-03 4.3520406E-03 4.4183806E-03 4.5149401E-03 4.6455562E-03 4.7268346E-03 4.7872439E-03 4.7677606E-03 4.7339574E-03 4.7645345E-03 4.7982708E-03 4.8275590E-03 4.8611909E-03 4.9125925E-03 4.9394146E-03 4.9914569E-03 5.1761642E-03 5.3446963E-03 5.5090263E-03 5.6637004E-03 5.8400035E-03 6.0701817E-03 6.2992349E-03 6.5635443E-03 6.8011358E-03 7.0925727E-03 7.3382705E-03 7.6040328E-03 7.8816712E-03 8.1398264E-03 8.3657503E-03 8.6256117E-03 8.8344216E-03 9.1255307E-03 9.3506575E-03 9.5984638E-03 9.8136514E-03 1.0075375E-02
7.0678666E-03 6.2363893E-03 5.4424927E-03 5.0431713E-03 4.7828928E-03 4.6520233E-03 4.4979826E-03 4.4359416E-03 4.3933392E-03 4.3668002E-03 4.3664575E-03 4.3711737E-03 4.4036880E-03 4.4517964E-03 4.5263022E-03 4.6112016E-03 4.7312155E-03 4.8244894E-03 4.8477203E-03 4.8630014E-03 4.8491061E-03 4.8510134E-03 4.8324913E-03 4.8849434E-03 4.9217492E-03 4.9637035E-03 4.9747899E-03 5.2081272E-03 5.3645894E-03 5.5137873E-03 5.7128966E-03 5.8973506E-03 6.0687438E-03 6.3104928E-03 6.5269992E-03 6.7844614E-03 7.0070326E-03 7.2565377E-03 7.5277090E-03 7.7866837E-03 8.0471933E-03 8.2878619E-03 8.5441768E-03 8.8183880E-03 9.0640634E-03 9.2775673E-03 9.5079541E-03 9.7413510E-03 9.9783242E-03 1.0244325E-02
6.8479106E-03 6.4006671E-03 5.8285519E-03 5.3799599E-03 5.0462335E-03 4.8265457E-03 4.6672150E-03 4.5861602E-03 4.5280457E-03 4.4963881E-03 4.4777542E-03 4.4807047E-03 4.5012608E-03 4.5572743E-03 4.6098828E-03 4.6754554E-03 4.7538429E-03 4.8085749E-03 4.8943013E-03 4.9073622E-03 4.9032494E-03 4.9218535E-03 4.9567074E-03 4.9502999E-03 4.9811602E-03 5.1229969E-03 5.2345395E-03 5.3645521E-03 5.5589005E-03 5.7358220E-03 5.9366822E-03 6.1429292E-03 6.3237846E-03 6.5248609E-03 6.7952275E-03 7.0393533E-03 7.2436556E-03 7.4724108E-03 7.7357143E-03 8.0021322E-03 8.2672685E-03 8.5065216E-03 8.7622106E-03 9.0273023E-03 9.2688352E-03 9.4958842E-03 9.7189397E-03 9.9385083E-03 1.0181263E-02 1.0494396E-02
6.8710074E-03 6.7323446E-03 6.1648265E-03 5.6608394E-03 5.3213462E-03 5.0092861E-03 4.8392639E-03 4.7241449E-03 4.6567619E-03 4.6151057E-03 4.5959502E-03 4.5932606E-03 4.6068504E-03 4.6516135E-03 4.6930984E-03 4.7438145E-03 4.7867596E-03 4.8342124E-03 4.8811212E-03 4.9049631E-03 4.9564242E-03 4.9523190E-03 4.9491376E-03 5.0932318E-03 5.1793233E-03 5.2782744E-03 5.4250658E-03 5.5613518E-03 5.7431012E-03 5.9439167E-03 6.1615631E-03 6.3802078E-03 6.5855905E-03 6.7695379E-03 7.0302263E-03 7.2680935E-03 7.5148791E-03 7.7397376E-03 7.9921633E-03 8.2245469E-03 8.4751844E-03 8.7623000E-03 9.0280622E-03 9.3007535E-03 9.5399767E-03 9.7987801E-03 9.9339932E-03 1.0159284E-02 1.0380283E-02 1.0645553E-02
7.1349442E-03 7.4610263E-03 6.5794736E-03 5.8938414E-03 5.4699779E-03 5.1690787E-03 4.9772561E-03 4.8504919E-03 4.7639459E-03 4.7220588E-03 4.7158226E-03 4.7021359E-03 4.7114193E-03 4.7351792E-03 4.7832131E-03 4.8253164E-03 4.8560798E-03 4.8930049E-03 4.9299821E-03 4.9829558E-03 4.9883798E-03 5.0924495E-03 5.1740408E-03 5.2571967E-03 5.3518414E-03 5.4939613E-03 5.6230053E-03 5.7926401E-03 5.9873983E-03 6.2012449E-03 6.4107627E-03 6.6171587E-03 6.8442747E-03 6.9984421E-03 7.2219074E-03 7.5116903E-03 7.7589750E-03 8.0133900E-03 8.2135946E-03 8.4843338E-03 8.7497085E-03 9.0669245E-03 9.3400031E-03 9.5740855E-03 9.7907931E-03 1.0086447E-02 1.0303587E-02 1.0403126E-02 1.0597408E-02 1.0827333E-02
3.4028235E+38 8.4564462E-03 6.7798495E-03 5.9962198E-03 5.5506378E-03 5.2536577E-03 5.1217750E-03 4.9699992E-03 4.9046874E-03 4.8435107E-03 4.8314929E-03 4.8159063E-03 4.8334450E-03 4.8402846E-03 4.8886165E-03 4.9189329E-03 4.9505383E-03 4.9835518E-03 4.9802661E-03 5.0051659E-03 5.1511601E-03 5.2384213E-03 5.3327605E-03 5.4318383E-03 5.5287629E-03 5.6634098E-03 5.8435127E-03 6.0466006E-03 6.2348321E-03 6.4131618E-03 6.6116899E-03 6.8506971E-03 7.0715994E-03 7.2595552E-03 7.4752495E-03 7.7571273E-03 8.0144778E-03 8.2764775E-03 8.5087419E-03 8.7583512E-03 9.0220273E-03 9.2915446E-03 9.5880777E-03 9.8548532E-03 1.0125890E-02 1.0355577E-02 1.0566726E-02 1.0667205E-02 1.1202976E-02 1.1131212E-02
3.4028235E+38 3.4028235E+38 6.0933307E-03 5.8150291E-03 5.5335164E-03 5.3482801E-03 5.2285045E-03 5.0725788E-03 4.9981549E-03 4.9712509E-03 4.9391240E-03 4.9507543E-03 4.9752742E-03 4.9692318E-03 4.9960166E-03 5.0326809E-03 5.0224513E-03 5.0154626E-03 5.1432997E-03 5.2315369E-03 5.2983612E-03 5.3802431E-03 5.4900125E-03 5.5976957E-03 5.7435483E-03 5.8915168E-03 6.0915425E-03 6.2718540E-03 6.4629167E-03 6.6335648E-03 6.8467632E-03 7.0929080E-03 7.3060766E-03 7.5386465E-03 7.7435896E-03 8.0284327E-03 8.2721710E-03 8.5216165E-03 8.7984204E-03 9.0478808E-03 9.3205571E-03 9.5827430E-03 9.8450333E-03 1.0193899E-02 1.0458827E-02 1.0628015E-02 1.0839671E-02 1.1070073E-02 1.1283413E-02 1.1757806E-02
3.4028235E+38 3.4028235E+38 5.7910383E-03 5.7181120E-03 5.5310056E-03 5.3677112E-03 5.2988082E-03 5.1804557E-03 5.1212683E-03 5.0835088E-03 5.0786361E-03 5.0744563E-03 5.0964206E-03 5.1274225E-03 5.0914437E-03 5.0797835E-03 5.1550567E-03 5.2168667E-03 5.2751675E-03 5.3635910E-03 5.4779202E-03 5.5679232E-03 5.6613535E-03 5.8112517E-03 5.9375912E-03 6.1485395E-03 6.3201934E-03 6.4922124E-03 6.6668019E-03 6.8944022E-03 7.1062148E-03 7.2917119E-03 7.5338483E-03 7.7740029E-03 8.0093220E-03 8.2730651E-03 8.5023791E-03 8.7923706E-03 9.0896189E-03 9.3556046E-03 9.6889883E-03 9.9199563E-03 1.0191724E-02 1.0527179E-02 1.0691315E-02 1.0966882E-02 1.1228845E-02 1.1434004E-02 1.1638835E-02 1.2077421E-02
3.4028235E+38 3.4028235E+38 5.6925640E-03 5.6301206E-03 5.5240765E-03 5.4279268E-03 5.3498521E-03 5.2889511E-03 5.2474961E-03 5.2412748E-03 5.2130818E-03 5.1907897E-03 5.2175522E-03 5.1819608E-03 5.2343309E-03 5.2703619E-03 5.3064525E-03 5.3500012E-03 5.4550692E-03 5.5276304E-03 5.6225508E-03 5.7196394E-03 5.8646947E-03 6.0126558E-03 6.1674267E-03 6.3526034E-03 6.5330192E-03 6.7073032E-03 6.9053024E-03 7.1204826E-03 7.3150992E-03 7.5358823E-03 7.8170449E-03 8.0232620E-03 8.2838088E-03 8.5405558E-03 8.8066161E-03 9.1184825E-03 9.3972236E-03 9.6502453E-03 9.9402070E-03 1.0238022E-02 1.0569349E-02 1.0844857E-02 1.1081919E-02 1.1381298E-02 1.1551261E-02 1.1794209E-02 1.1979371E-02 1.2178242E-02
3.4028235E+38 3.4028235E+38 5.5902973E-03 5.6378767E-03 5.5597648E-03 5.5083409E-03 5.4526851E-03 5.4006204E-03 5.3951815E-03 5.5958927E-03 5.3591803E-03 5.2944273E-03 5.2733719E-03 5.3428635E-03 5.3778738E-03 5.4199025E-03 5.4587871E-03 5.5240616E-03 5.6248531E-03 5.7008043E-03 5.8149472E-03 5.9681609E-03 6.0830712E-03 6.2427819E-03 6.4045042E-03 6.5850765E-03 6.7890957E-03 6.9476217E-03 7.1639344E-03 7.3705539E-03 7.5787753E-03 7.8029260E-03 8.0473050E-03 8.3068162E-03 8.5971504E-03 8.8437200E-03 9.1284662E-03 9.4176531E-03 9.7289532E-03 1.0028034E-02 1.0212496E-02 1.0564178E-02 1.0912374E-02 1.1213586E-02 1.1482820E-02 1.1749521E-02 1.1976585E-02 1.2155235E-02 1.2291178E-02 1.2463734E-02
6.0452595E-03 5.8001429E-03 5.7837889E-03 5.6827292E-03 5.6230575E-03 5.5887625E-03 5.5532604E-03 5.5327341E-03 5.5399314E-03 5.5099949E-03 5.4316968E-03 5.4629073E-03 5.4733306E-03 5.4913387E-03 5.5258200E-03 5.5716336E-03 5.6148097E-03 5.6918636E-03 5.8020353E-03 5.9078336E-03 6.0301200E-03 6.1712936E-03 6.3273907E-03 6.4775720E-03 6.6562518E-03 6.8186894E-03 7.0194751E-03 7.1806014E-03 7.3949695E-03 7.6369122E-03 7.8583360E-03 8.0987066E-03 8.5967034E-03 8.6137205E-03 8.8801682E-03 9.1460943E-03 9.3103945E-03 9.5967650E-03 1.0034919E-02 1.0386989E-02 1.0689870E-02 1.0903075E-02 1.1230975E-02 1.1555880E-02 1.1837587E-02 1.2150154E-02 1.2261391E-02 1.2559101E-02 1.2768403E-02 1.2926504E-02
5.8608055E-03 5.8232695E-03 5.8131218E-03 5.7424232E-03 5.7339147E-03 5.7112202E-03 5.7058781E-03 5.6496114E-03 5.6125969E-03 5.6248382E-03 5.6083202E-03 5.6202337E-03 5.6320950E-03 5.6516528E-03 5.6847706E-03 5.7326108E-03 5.7854205E-03 5.8764070E-03 5.9885755E-03 6.1173588E-03 6.2568933E-03 6.4115599E-03 6.5781251E-03 6.7382604E-03 6.9241971E-03 7.1116835E-03 7.3003694E-03 7.5040609E-03 7.7074245E-03 7.9201460E-03 8.1426501E-03 8.3753988E-03 8.6372793E-03 8.8670701E-03 9.1584772E-03 9.4706565E-03 9.7306967E-03 1.0051712E-02 1.0405138E-02 1.0742933E-02 1.1039808E-02 1.1403739E-02 1.1574849E-02 1.1839375E-02 1.2149289E-02 1.2468457E-02 1.2652904E-02 1.2960643E-02 1.3180226E-02 1.3349250E-02
5.8801547E-03 5.8829337E-03 5.8615059E-03 5.8325902E-03 5.8362558E-03 5.8498085E-03 5.7876185E-03 5.7718679E-03 5.7641566E-03 5.7663172E-03 5.7683587E-03 5.7900101E-03 5.8017820E-03 5.8192760E-03 5.8499202E-03 5.8976784E-03 5.9535205E-03 6.0628206E-03 6.1933473E-03 6.3347444E-03 6.4946786E-03 6.6368952E-03 6.7966878E-03 7.0156604E-03 7.2300136E-03 7.4203536E-03 7.5829104E-03 7.7884942E-03 7.9967305E-03 8.2093924E-03 8.4356219E-03 8.6871535E-03 8.9620501E-03 9.2536509E-03 9.4487667E-03 9.8291785E-03 1.0089442E-02 1.0427907E-02 1.0753438E-02 1.1084616E-02 1.1385053E-02 1.1687577E-02 1.2006626E-02 1.2276143E-02 1.2518570E-02 1.2808025E-02 1.3081223E-02 1.3329983E-02 1.3523832E-02 1.3758972E-02
5.8822408E-03 5.9092715E-03 5.9283301E-03 5.9609041E-03 5.9183985E-03 5.8974922E-03 5.9064254E-03 5.9246197E-03 5.9264526E-03 5.9333220E-03 5.9501901E-03 5.9807450E-03 5.9855655E-03 5.9945583E-03 6.0188919E-03 6.0632378E-03 6.1268657E-03 6.2605441E-03 6.4042658E-03 6.5676719E-03 6.7250729E-03 6.8906546E-03 7.0877001E-03 7.3171631E-03 7.5429901E-03 7.7419505E-03 7.9216585E-03 8.0753118E-03 8.2731470E-03 8.5333884E-03 8.7377429E-03 8.9455843E-03 9.2509538E-03 9.5744133E-03 9.7963661E-03 1.0147989E-02 1.0409623E-02 1.0761052E-02 1.1109024E-02 1.1432469E-02 1.1742160E-02 1.2028620E-02 1.2362912E-02 1.2650684E-02 1.2937173E-02 1.3146430E-02 1.3430342E-02 1.3680741E-02 1.3980478E-02 1.4218688E-02
5.9421286E-03 6.0248077E-03 6.0191005E-03 6.0180575E-03 6.0353130E-03 6.0291216E-03 6.0476288E-03 6.0736090E-03 6.0939863E-03 6.1110780E-03 6.1521530E-03 6.1972439E-03 6.1920956E-03 6.1836168E-03 6.1951652E-03 6.2364414E-03 6.2946826E-03 6.4486787E-03 6.5952018E-03 6.7608804E-03 7.0146099E-03 7.2223470E-03 7.4365512E-03 7.6250806E-03 7.8553930E-03 8.0557317E-03 8.2850531E-03 8.3926991E-03 8.6221248E-03 8.8819712E-03 9.0729743E-03 9.2494935E-03 9.5961243E-03 9.8944902E-03 1.0168478E-02 1.0464728E-02 1.0737404E-02 1.1073321E-02 1.1435896E-02 1.1708364E-02 1.2077391E-02 1.2380108E-02 1.2664124E-02 1.2976468E-02 1.3201728E-02 1.3465345E-02 1.3762593E-02 1.4079690E-02 1.4355168E-02 1.4622375E-02
