LUCAS_GEMMES_COP27/includes/subsidence/Scenario_M1/tmp/TOT_SUBSIDENCE_2060_SINCE_2018_MKD_ONLY.ASC
NCOLS                318
NROWS                364
XLLCORNER      400000.00
YLLCORNER      907000.00
CELLSIZE         1000.00
NODATA_VALUE    0.3402823E+39
[rows 96 to 119 of 364, columns 165 to 219 of 318]
0.1468630 0.1474837 0.1482051 0.1486989 0.1489019 0.1490600 0.1498257 0.1498123 0.1503800 0.1509393 0.1514181 0.1520069 0.1527231 0.1535001 0.1549239 0.1566242 0.1579898 0.1599503 0.1627445 0.1655565 0.1668304 0.1678673 0.1680385 0.1689060 0.1706690 0.1713013 0.1717019 0.1725102 0.1722357 0.1725008 0.1728883 0.1732753 0.1735424 0.1737534 0.1738283 0.1738226 0.1737763 0.1737264 0.1737354 0.1737569 0.1726958 0.1727728 0.1717952 0.1709989 0.1708126 0.1702721 0.1692640 0.1679660 0.1672134 0.1655249 0.1643428 0.1633199 0.1627528 0.1616881 0.1627338
0.1469226 0.1474819 0.1485917 0.1490323 0.1489275 0.1494791 0.1495353 0.1497377 0.1498266 0.1503564 0.1507636 0.1513319 0.1515145 0.1519473 0.1530662 0.1548119 0.1562690 0.1579217 0.1603860 0.1623271 0.1641650 0.1651730 0.1654595 0.1664146 0.1685492 0.1697636 0.1704397 0.1710664 0.1707460 0.1713407 0.1717694 0.1720825 0.1724058 0.1726697 0.1728388 0.1730205 0.1731144 0.1727700 0.1731433 0.1733876 0.1727496 0.1720044 0.1709556 0.1699838 0.1692835 0.1687408 0.1676925 0.1664228 0.1655517 0.1634916 0.1629855 0.1630917 0.1633624 0.1637549 0.1649202
0.1476130 0.1481271 0.1486216 0.1488016 0.1492645 0.1492937 0.1497481 0.1498213 0.1495319 0.1499772 0.1502773 0.1507572 0.1507133 0.1508587 0.1515480 0.1529810 0.1545487 0.1558138 0.1582397 0.1599520 0.1623718 0.1638569 0.1645996 0.1654667 0.1673543 0.1682263 0.1681948 0.1689652 0.1696239 0.1701931 0.1706378 0.1710519 0.1714104 0.1720097 0.1717672 0.1717354 0.1719211 0.1718397 0.1721883 0.1719068 0.1715600 0.1706648 0.1701843 0.1695647 0.1693857 0.1687367 0.1674474 0.1657661 0.1635898 0.1639766 0.1654079 0.1644706 0.1645094 0.1651650 0.1664979
0.1488128 0.1486198 0.1490200 0.1497891 0.1497360 0.1497743 0.1499095 0.1498296 0.1496674 0.1498050 0.1500176 0.1500352 0.1498138 0.1500373 0.1501183 0.1509620 0.1520745 0.1533798 0.1555297 0.1576459 0.1597879 0.1615156 0.1630220 0.1643109 0.1654637 0.1668789 0.1669767 0.1678399 0.1685089 0.1692826 0.1696848 0.1701386 0.1705129 0.1708212 0.1709713 0.1708478 0.1709724 0.1711176 0.1710972 0.1706339 0.1703500 0.1699421 0.1694582 0.1689393 0.1689451 0.1685900 0.1675908 0.1662212 0.1648229 0.1657244 0.1650675 0.1658371 0.1663597 0.1667854 0.1680916
0.1496671 0.1496698 0.1498312 0.1502705 0.1500399 0.1499981 0.1500596 0.1497876 0.1498112 0.1495415 0.1494715 0.1492800 0.1492832 0.1490258 0.1487193 0.1488144 0.1500907 0.1499325 0.1529467 0.1556005 0.1576848 0.1600087 0.1619038 0.1628413 0.1638505 0.1652256 0.1657286 0.1666292 0.1673696 0.1683031 0.1690181 0.1690964 0.1695795 0.1701574 0.1700932 0.1700823 0.1701723 0.1702072 0.1699616 0.1698887 0.1696157 0.1692913 0.1689471 0.1683425 0.1681487 0.1683173 0.1670433 0.1653432 0.1656766 0.1666864 0.1670234 0.1662014 0.1680045 0.1690607 0.1704785
0.1498912 0.1505976 0.1503204 0.1506816 0.1504575 0.1505271 0.1499308 0.1500911 0.1498464 0.1493252 0.1487213 0.1484172 0.1479512 0.1474572 0.1469089 0.1465564 0.1464226 0.1479695 0.1508739 0.1539715 0.1564475 0.1585711 0.1606223 0.1615808 0.1626146 0.1640287 0.1649123 0.1659523 0.1666101 0.1672975 0.1683446 0.1686097 0.1688019 0.1692151 0.1695856 0.1697407 0.1698832 0.1698688 0.1691569 0.1689968 0.1688086 0.1686722 0.1682658 0.1679606 0.1675293 0.1675384 0.1664462 0.1657027 0.1665748 0.1675141 0.1683416 0.1677962 0.1677591 0.1697202 0.1714548
0.1511732 0.1509245 0.1511346 0.1511315 0.1508801 0.1506518 0.1505159 0.1499419 0.1497231 0.1488669 0.1482209 0.1476360 0.1468493 0.1459712 0.1449852 0.1442194 0.1439146 0.1473001 0.1501593 0.1534450 0.1557676 0.1571779 0.1588286 0.1604007 0.1619261 0.1631495 0.1645397 0.1653883 0.1659483 0.1666649 0.1675433 0.1679691 0.1682200 0.1686339 0.1687810 0.1687455 0.1688989 0.1688636 0.1686812 0.1686645 0.1684657 0.1683271 0.1676339 0.1678787 0.1674195 0.1674312 0.1661056 0.1665035 0.1675885 0.1680415 0.1693750 0.1698963 0.1701313 0.1709548 0.1732662
0.1518575 0.1518006 0.1517064 0.1517590 0.1515402 0.1510656 0.1506446 0.1503780 0.1495526 0.1486252 0.1479169 0.1469620 0.1458609 0.1445886 0.1431684 0.1408246 0.1425194 0.1463654 0.1498671 0.1526416 0.1549165 0.1562027 0.1581963 0.1600696 0.1614018 0.1621579 0.1636331 0.1650257 0.1650962 0.1660124 0.1669199 0.1671608 0.1675119 0.1678426 0.1680321 0.1681560 0.1683333 0.1682948 0.1681310 0.1681505 0.1680467 0.1679447 0.1676701 0.1675650 0.1674539 0.1674234 0.1667686 0.1680539 0.1691296 0.1698263 0.1710525 0.1723652 0.1722833 0.1734333 0.1742586
0.1529559 0.1530163 0.1527867 0.1524011 0.1523010 0.1517711 0.1514809 0.1507595 0.1496197 0.1485328 0.1476380 0.1464444 0.1450829 0.1433907 0.1416500 0.1396718 0.1433036 0.1462543 0.1492859 0.1516018 0.1541129 0.1556886 0.1574680 0.1589817 0.1602851 0.1609095 0.1615983 0.1635257 0.1644913 0.1652413 0.1661104 0.1664217 0.1669080 0.1671878 0.1675195 0.1678932 0.1681915 0.1678468 0.1676326 0.1676927 0.1676795 0.1675416 0.1675361 0.1677433 0.1675749 0.1668484 0.1676478 0.1689781 0.1700962 0.1708198 0.1719508 0.1732093 0.1741032 0.1749973 0.1768579
0.1542026 0.1541745 0.1536998 0.1534330 0.1528210 0.1521376 0.1514634 0.1513340 0.1501295 0.1485992 0.1476346 0.1461681 0.1449181 0.1429771 0.1395524 0.1396472 0.1436792 0.1464351 0.1488259 0.1511660 0.1541180 0.1559550 0.1570471 0.1586024 0.1599892 0.1610426 0.1616284 0.1630399 0.1639029 0.1647825 0.1653437 0.1658386 0.1663012 0.1667037 0.1667282 0.1671852 0.1675751 0.1672724 0.1671453 0.1673333 0.1674127 0.1673495 0.1679072 0.1674552 0.1674903 0.1677820 0.1695407 0.1700416 0.1708603 0.1720897 0.1735292 0.1747406 0.1762272 0.1771802 0.1794148
0.1550819 0.1550395 0.1546482 0.1541165 0.1538442 0.1530639 0.1519319 0.1513903 0.1502716 0.1488243 0.1477102 0.1461987 0.1445193 0.1429240 0.1407278 0.1419049 0.1447345 0.1472577 0.1487153 0.1510799 0.1540290 0.1550070 0.1564338 0.1581444 0.1590268 0.1598474 0.1614293 0.1625827 0.1633346 0.1640445 0.1647631 0.1652683 0.1658946 0.1665710 0.1665695 0.1664910 0.1666224 0.1666743 0.1669840 0.1669864 0.1670076 0.1671038 0.1669610 0.1676731 0.1666231 0.1680503 0.1700737 0.1711465 0.1722838 0.1733929 0.1749829 0.1764052 0.1781392 0.1793879 0.1811812
0.1564139 0.1561769 0.1558638 0.1554160 0.1546341 0.1539603 0.1527774 0.1518131 0.1505163 0.1491922 0.1474408 0.1458665 0.1446151 0.1425527 0.1422006 0.1443256 0.1461422 0.1483786 0.1497629 0.1516562 0.1535391 0.1545847 0.1557324 0.1577462 0.1582273 0.1589254 0.1610555 0.1623906 0.1628518 0.1636557 0.1641616 0.1647247 0.1651855 0.1655695 0.1662882 0.1662099 0.1662969 0.1664656 0.1664879 0.1666879 0.1667341 0.1664376 0.1677440 0.1674628 0.1667373 0.1687253 0.1704338 0.1720905 0.1735305 0.1747850 0.1762138 0.1780781 0.1800785 0.1818736 0.1829096
0.1581874 0.1577552 0.1570840 0.1566310 0.1563201 0.1551623 0.1538982 0.1529451 0.1513832 0.1496982 0.1480537 0.1469342 0.1449128 0.1440249 0.1450454 0.1462396 0.1476285 0.1492002 0.1506284 0.1526237 0.1541296 0.1559148 0.1571136 0.1577005 0.1589436 0.1593562 0.1607642 0.1616134 0.1624879 0.1634377 0.1637316 0.1640956 0.1644980 0.1649111 0.1653741 0.1655964 0.1659031 0.1660343 0.1659964 0.1663520 0.1664675 0.1665363 0.1666468 0.1662676 0.1675441 0.1694499 0.1714223 0.1732975 0.1746987 0.1758857 0.1779936 0.1799181 0.1822011 0.1839836 0.1846543
0.1595403 0.1593004 0.1584103 0.1581690 0.1577370 0.1563818 0.1554610 0.1539109 0.1522158 0.1505533 0.1485760 0.1474838 0.1464068 0.1468404 0.1471412 0.1479061 0.1492363 0.1504558 0.1514019 0.1528374 0.1540891 0.1556879 0.1560347 0.1569062 0.1586520 0.1595878 0.1606568 0.1614723 0.1620178 0.1627066 0.1637680 0.1639844 0.1643104 0.1647021 0.1649129 0.1652477 0.1654377 0.1655193 0.1657160 0.1659805 0.1661510 0.1663735 0.1667383 0.1671658 0.1685702 0.1704232 0.1715258 0.1734151 0.1752795 0.1771744 0.1790911 0.1803583 0.1827190 0.1850368 0.1868544
0.1609942 0.1609782 0.1599365 0.1596474 0.1595727 0.1583221 0.1566644 0.1551147 0.1535184 0.1516117 0.1502593 0.1496879 0.1490731 0.1490176 0.1492236 0.1498854 0.1508208 0.1521859 0.1527829 0.1535704 0.1548564 0.1556760 0.1560125 0.1574599 0.1586947 0.1595002 0.1605032 0.1611925 0.1618924 0.1624418 0.1632249 0.1636282 0.1640530 0.1644062 0.1645862 0.1651650 0.1651389 0.1653816 0.1654287 0.1656799 0.1660939 0.1662124 0.1666700 0.1676394 0.1689445 0.1703024 0.1723427 0.1734655 0.1768592 0.1780517 0.1797606 0.1812383 0.1828814 0.1856806 0.1874236
0.1632810 0.1626886 0.1618206 0.1616985 0.1613572 0.1600142 0.1583638 0.1570264 0.1553398 0.1542033 0.1528564 0.1518374 0.1512086 0.1508908 0.1510784 0.1515802 0.1521504 0.1530472 0.1537303 0.1544375 0.1552260 0.1560890 0.1569836 0.1579547 0.1588755 0.1595273 0.1603914 0.1611084 0.1616980 0.1622862 0.1626066 0.1632688 0.1636132 0.1640276 0.1642186 0.1646238 0.1648244 0.1648828 0.1651233 0.1654492 0.1657915 0.1659327 0.1664812 0.1678782 0.1693137 0.1707706 0.1733219 0.1748475 0.1760899 0.1790081 0.1811612 0.1829536 0.1849985 0.1875567 0.1894807
0.1655044 0.1648744 0.1640602 0.1637304 0.1629440 0.1618076 0.1604706 0.1592785 0.1573524 0.1559545 0.1546630 0.1540170 0.1532470 0.1529681 0.1529242 0.1537098 0.1538605 0.1544069 0.1546920 0.1553361 0.1558990 0.1566113 0.1572879 0.1582130 0.1588759 0.1595409 0.1604556 0.1608858 0.1615039 0.1619345 0.1623556 0.1627597 0.1632985 0.1637823 0.1638561 0.1642115 0.1641788 0.1643933 0.1647392 0.1651488 0.1654530 0.1656982 0.1660339 0.1681626 0.1700488 0.1719240 0.1734746 0.1749440 0.1773661 0.1802431 0.1824055 0.1846163 0.1867039 0.1889623 0.1909284
0.1675338 0.1673468 0.1660683 0.1654015 0.1645659 0.1633501 0.1621690 0.1608779 0.1595245 0.1566150 0.1563410 0.1559648 0.1553301 0.1546570 0.1546253 0.1549191 0.1546791 0.1550489 0.1556389 0.1563968 0.1568130 0.1571863 0.1576507 0.1584749 0.1591131 0.1595556 0.1603621 0.1609019 0.1612966 0.1612696 0.1619376 0.1624872 0.1628300 0.1633769 0.1634075 0.1636395 0.1637780 0.1641730 0.1642964 0.1647307 0.1650738 0.1652099 0.1659714 0.1685565 0.1706049 0.1727854 0.1750214 0.1771078 0.1790198 0.1810782 0.1833999 0.1858826 0.1878227 0.1902733 0.1927434
0.1699414 0.1695913 0.1686018 0.1676029 0.1667584 0.1654071 0.1638515 0.1630772 0.1615288 0.1588108 0.1579316 0.1573588 0.1566476 0.1565249 0.1560515 0.1560310 0.1560694 0.1561968 0.1566315 0.1572130 0.1575261 0.1576944 0.1580665 0.1587853 0.1591900 0.1595507 0.1602577 0.1608617 0.1611826 0.1610414 0.1620208 0.1623376 0.1625094 0.1627895 0.1630199 0.1632131 0.1636173 0.1638513 0.1638890 0.1641940 0.1644999 0.1648076 0.1668591 0.1690389 0.1719716 0.1739432 0.1761143 0.1783070 0.1806000 0.1823855 0.1846357 0.1869729 0.1890148 0.1911906 0.1937782
0.1732023 0.1723049 0.1712489 0.1717307 0.1688747 0.1669054 0.1656223 0.1645699 0.1627681 0.1605481 0.1592911 0.1586371 0.1584952 0.1581776 0.1573532 0.1566623 0.1571189 0.1573299 0.1576070 0.1576874 0.1580675 0.1582858 0.1584595 0.1589617 0.1593609 0.1597921 0.1603460 0.1607495 0.1610802 0.1616247 0.1623542 0.1622941 0.1622906 0.1623489 0.1626592 0.1630427 0.1632495 0.1633170 0.1632609 0.1636132 0.1639313 0.1645797 0.1675821 0.1697087 0.1724538 0.1748304 0.1767000 0.1793628 0.1816073 0.1835863 0.1857584 0.1884126 0.1907292 0.1926870 0.1953993
0.1750091 0.1745813 0.1743475 0.1727141 0.1704197 0.1688280 0.1675885 0.1660169 0.1641163 0.1622660 0.1607583 0.1597873 0.1596963 0.1592945 0.1585797 0.1575995 0.1580506 0.1578912 0.1582528 0.1583432 0.1585281 0.1587000 0.1589019 0.1592156 0.1596631 0.1598442 0.1604311 0.1608818 0.1610374 0.1615049 0.1616428 0.1619509 0.1617835 0.1619338 0.1622902 0.1624257 0.1625895 0.1626859 0.1627170 0.1633053 0.1636614 0.1656210 0.1683372 0.1707773 0.1729502 0.1756292 0.1774606 0.1798603 0.1827151 0.1850920 0.1870770 0.1892113 0.1916197 0.1940803 0.1969299
0.1781247 0.1770330 0.1760527 0.1739350 0.1720116 0.1705170 0.1691437 0.1674884 0.1661315 0.1645998 0.1616905 0.1612635 0.1611332 0.1612873 0.1603665 0.1596677 0.1595861 0.1592180 0.1593513 0.1591951 0.1594777 0.1595881 0.1595517 0.1599916 0.1601568 0.1600639 0.1603144 0.1608419 0.1612090 0.1614387 0.1616027 0.1615437 0.1615819 0.1615934 0.1620255 0.1620520 0.1620422 0.1623937 0.1624274 0.1628510 0.1635932 0.1663332 0.1689715 0.1718307 0.1739465 0.1763577 0.1791983 0.1812535 0.1841051 0.1864929 0.1887923 0.1903396 0.1930644 0.1958971 0.1981735
0.1810526 0.1787745 0.1768270 0.1746655 0.1732701 0.1719546 0.1703795 0.1683314 0.1671275 0.1668087 0.1648904 0.1636934 0.1636492 0.1622457 0.1616749 0.1612569 0.1608488 0.1604081 0.1606373 0.1601406 0.1598102 0.1594272 0.1598863 0.1604369 0.1605200 0.1603834 0.1604992 0.1607145 0.1611765 0.1613670 0.1612551 0.1613600 0.1616160 0.1613040 0.1617261 0.1619633 0.1617620 0.1617988 0.1619509 0.1624377 0.1649130 0.1675510 0.1699589 0.1724909 0.1755676 0.1776532 0.1801205 0.1825390 0.1849687 0.1878570 0.1901411 0.1921961 0.1943278 0.1967385 0.1993310
0.1820500 0.1801493 0.1778622 0.1755824 0.1743737 0.1728792 0.1710170 0.1693502 0.1681386 0.1676068 0.1663589 0.1653929 0.1644160 0.1632624 0.1623868 0.1618665 0.1620676 0.1614903 0.1613233 0.1612278 0.1601071 0.1601689 0.1605633 0.1610036 0.1610616 0.1607344 0.1609916 0.1608764 0.1610109 0.1611069 0.1611750 0.1614420 0.1613813 0.1610646 0.1614962 0.1616172 0.1615655 0.1615922 0.1612312 0.1619570 0.1657792 0.1687061 0.1715324 0.1737609 0.1768798 0.1788977 0.1808537 0.1843066 0.1862768 0.1886642 0.1915614 0.1937650 0.1954923 0.1978442 0.2002487
