LUCAS_GEMMES_COP27/includes/subsidence/Scenario_M1/tmp/TOT_SUBSIDENCE_2060_SINCE_2018_MKD_ONLY.ASC
NCOLS                318
NROWS                364
XLLCORNER      400000.00
YLLCORNER      907000.00
CELLSIZE         1000.00
NODATA_VALUE    0.3402823E+39
[rows 120 to 143 of 364, columns 165 to 219 of 318]
0.1866584 0.1810039 0.1786516 0.1767037 0.1755028 0.1740248 0.1717955 0.1702354 0.1687915 0.1674294 0.1656561 0.1644440 0.1646485 0.1637890 0.1628953 0.1626749 0.1631561 0.1625373 0.1624222 0.1621201 0.1617201 0.1615634 0.1613515 0.1615584 0.1615344 0.1610681 0.1613552 0.1613876 0.1611584 0.1611322 0.1613577 0.1614252 0.1613223 0.1610320 0.1612810 0.1612478 0.1611905 0.1612062 0.1609174 0.1635691 0.1664225 0.1699730 0.1729161 0.1751511 0.1773036 0.1794595 0.1816808 0.1850878 0.1884174 0.1900939 0.1923218 0.1946620 0.1967922 0.1986577 0.2013761
0.1843920 0.1822427 0.1804488 0.1788420 0.1771361 0.1753511 0.1737797 0.1723896 0.1713790 0.1694571 0.1690808 0.1663928 0.1657065 0.1645877 0.1644287 0.1645939 0.1643513 0.1636194 0.1635054 0.1631118 0.1626815 0.1621841 0.1619893 0.1620548 0.1619275 0.1614774 0.1617247 0.1617148 0.1613068 0.1611821 0.1610608 0.1613820 0.1612801 0.1607876 0.1608632 0.1609168 0.1608115 0.1605549 0.1607846 0.1645990 0.1676794 0.1708545 0.1739426 0.1773560 0.1788914 0.1807426 0.1840833 0.1867305 0.1901421 0.1924596 0.1938649 0.1959200 0.1990898 0.1999024 0.2006429
0.1859922 0.1835992 0.1820959 0.1813160 0.1795914 0.1770262 0.1754039 0.1745931 0.1735381 0.1714073 0.1711264 0.1693976 0.1684967 0.1645213 0.1639863 0.1653331 0.1648939 0.1646027 0.1643842 0.1640556 0.1634125 0.1630481 0.1627457 0.1627621 0.1624332 0.1620728 0.1621766 0.1620015 0.1614997 0.1616113 0.1611621 0.1613591 0.1611754 0.1605744 0.1606866 0.1605847 0.1604818 0.1604906 0.1628026 0.1659355 0.1699937 0.1732742 0.1756687 0.1785145 0.1819212 0.1835104 0.1869791 0.1885356 0.1909921 0.1941939 0.1948643 0.1974606 0.1982803 0.2000522 0.2014667
0.1879094 0.1862700 0.1847128 0.1825015 0.1800817 0.1799624 0.1774954 0.1767328 0.1743213 0.1728103 0.1713157 0.1698095 0.1686966 0.1673987 0.1650812 0.1643228 0.1655218 0.1644724 0.1640050 0.1647618 0.1641320 0.1639464 0.1633825 0.1630958 0.1627115 0.1624833 0.1625577 0.1623026 0.1617287 0.1618324 0.1612366 0.1613653 0.1610965 0.1603941 0.1604936 0.1603363 0.1598810 0.1605266 0.1642992 0.1678414 0.1712604 0.1752865 0.1784271 0.1805208 0.1832212 0.1855186 0.1887907 0.1909291 0.1917031 0.1942350 0.1946625 0.1967640 0.1987644 0.2000334 0.2003662
0.1898334 0.1886301 0.1869095 0.1839424 0.1818955 0.1802789 0.1796557 0.1784008 0.1757081 0.1742285 0.1730062 0.1717400 0.1704446 0.1692294 0.1678621 0.1651748 0.1668883 0.1662408 0.1649362 0.1651860 0.1649191 0.1647996 0.1641932 0.1636688 0.1631947 0.1630924 0.1627873 0.1621525 0.1618575 0.1619942 0.1613487 0.1609694 0.1605717 0.1602147 0.1603434 0.1601273 0.1600350 0.1632405 0.1660842 0.1705648 0.1732477 0.1775304 0.1807503 0.1836810 0.1846043 0.1866002 0.1900150 0.1903531 0.1910556 0.1933955 0.1937486 0.1973396 0.1992513 0.1990541 0.2001330
0.1924745 0.1906209 0.1885903 0.1866039 0.1844643 0.1831300 0.1817934 0.1796705 0.1775908 0.1757135 0.1744548 0.1738319 0.1725902 0.1706568 0.1692429 0.1662741 0.1656067 0.1669707 0.1664667 0.1656557 0.1654468 0.1653371 0.1649756 0.1642222 0.1636935 0.1636350 0.1632320 0.1623663 0.1625180 0.1622893 0.1618945 0.1609526 0.1604503 0.1600920 0.1596639 0.1589872 0.1602692 0.1652003 0.1683266 0.1729093 0.1755277 0.1789825 0.1831658 0.1843079 0.1861020 0.1872062 0.1879865 0.1903208 0.1905055 0.1919464 0.1948782 0.1978159 0.1997906 0.2010513 0.2017117
0.1945093 0.1923504 0.1897571 0.1890960 0.1875109 0.1858755 0.1842250 0.1817060 0.1800511 0.1789885 0.1772308 0.1758355 0.1737649 0.1722158 0.1711803 0.1695058 0.1668733 0.1660447 0.1651106 0.1641115 0.1645722 0.1645770 0.1653322 0.1650095 0.1642131 0.1637372 0.1628514 0.1616532 0.1626298 0.1625409 0.1620920 0.1610740 0.1604864 0.1606058 0.1602071 0.1592438 0.1626506 0.1664482 0.1705717 0.1744319 0.1780000 0.1813610 0.1848776 0.1858521 0.1886844 0.1895181 0.1877895 0.1889066 0.1913562 0.1924253 0.1963805 0.1985477 0.2000825 0.2004638 0.2019131
0.1974580 0.1952012 0.1919583 0.1913269 0.1901071 0.1880036 0.1861637 0.1839919 0.1824186 0.1811871 0.1795784 0.1778607 0.1753650 0.1739947 0.1735433 0.1719525 0.1703678 0.1672135 0.1658909 0.1646989 0.1653524 0.1632827 0.1652844 0.1653430 0.1644346 0.1639724 0.1628224 0.1617094 0.1626329 0.1627785 0.1622901 0.1611548 0.1605333 0.1600054 0.1586824 0.1590537 0.1644313 0.1685465 0.1744665 0.1770790 0.1804397 0.1838720 0.1863847 0.1865521 0.1872352 0.1887991 0.1894732 0.1902083 0.1922597 0.1934395 0.1965080 0.1981843 0.1999039 0.2003514 0.2020182
0.2002435 0.1980897 0.1949040 0.1936190 0.1919288 0.1889187 0.1870340 0.1850666 0.1835856 0.1828469 0.1813556 0.1797134 0.1779729 0.1761384 0.1749055 0.1736736 0.1716901 0.1689530 0.1669047 0.1658174 0.1646956 0.1658257 0.1652803 0.1641414 0.1644413 0.1641080 0.1633479 0.1628186 0.1629879 0.1629596 0.1624372 0.1612067 0.1612523 0.1608199 0.1588959 0.1619689 0.1663655 0.1712247 0.1758298 0.1797923 0.1818713 0.1845426 0.1854016 0.1877322 0.1864200 0.1873110 0.1901716 0.1899443 0.1901922 0.1926387 0.1951255 0.1971605 0.1995933 0.2004132 0.2020614
0.2033056 0.2020085 0.1996068 0.1961353 0.1943991 0.1918796 0.1891045 0.1871794 0.1852693 0.1849282 0.1830411 0.1813587 0.1791795 0.1770133 0.1750270 0.1741759 0.1730582 0.1716348 0.1678346 0.1665052 0.1648152 0.1646314 0.1638680 0.1642829 0.1642900 0.1637639 0.1635303 0.1631008 0.1632603 0.1629768 0.1624848 0.1612891 0.1607253 0.1605559 0.1607103 0.1656449 0.1702481 0.1739474 0.1784472 0.1817199 0.1825073 0.1807072 0.1815660 0.1869493 0.1838863 0.1875971 0.1890653 0.1902260 0.1896834 0.1935670 0.1954509 0.1957456 0.1980898 0.2003003 0.2017286
0.2067737 0.2043828 0.2021704 0.1985708 0.1956659 0.1945502 0.1926095 0.1905504 0.1885485 0.1859562 0.1827392 0.1819142 0.1802684 0.1781452 0.1764662 0.1749697 0.1741415 0.1720566 0.1698850 0.1670323 0.1659345 0.1652371 0.1642090 0.1633372 0.1623698 0.1616600 0.1628527 0.1618895 0.1616291 0.1622540 0.1624462 0.1613518 0.1622290 0.1610957 0.1629960 0.1687474 0.1751586 0.1794970 0.1829797 0.1836971 0.1802289 0.1815645 0.1873964 0.1895071 0.1886435 0.1862625 0.1874480 0.1889655 0.1903357 0.1919838 0.1934143 0.1946833 0.1976924 0.2000799 0.2015332
0.2101741 0.2073981 0.2047102 0.2021763 0.1991172 0.1967751 0.1949138 0.1925348 0.1901451 0.1871923 0.1858159 0.1828928 0.1822997 0.1805879 0.1790448 0.1773084 0.1745400 0.1725324 0.1720162 0.1688729 0.1675907 0.1651926 0.1645895 0.1637362 0.1626937 0.1617377 0.1610335 0.1623811 0.1608572 0.1616949 0.1615912 0.1617469 0.1605195 0.1606418 0.1663981 0.1734008 0.1783628 0.1823927 0.1838835 0.1808596 0.1813584 0.1877617 0.1886493 0.1894660 0.1903576 0.1906357 0.1885567 0.1895663 0.1909248 0.1925342 0.1940205 0.1956016 0.1975250 0.1993329 0.2009102
0.2134271 0.2103504 0.2074218 0.2039842 0.2003217 0.1988546 0.1969029 0.1942668 0.1919931 0.1891724 0.1866472 0.1846288 0.1826833 0.1817509 0.1807397 0.1789274 0.1762985 0.1738523 0.1730876 0.1709105 0.1691987 0.1670180 0.1649411 0.1639320 0.1629081 0.1617923 0.1606240 0.1597680 0.1587001 0.1608272 0.1611001 0.1620539 0.1653510 0.1669793 0.1705802 0.1769488 0.1810248 0.1827456 0.1817453 0.1826338 0.1884665 0.1904371 0.1912980 0.1917474 0.1914230 0.1919900 0.1920256 0.1904596 0.1916274 0.1930305 0.1945984 0.1962934 0.1980177 0.1997845 0.2014365
0.2165652 0.2132841 0.2099948 0.2066585 0.2028624 0.2012252 0.1990384 0.1962709 0.1941797 0.1920900 0.1897777 0.1873244 0.1841190 0.1824386 0.1814075 0.1800850 0.1778788 0.1753789 0.1747871 0.1724297 0.1705983 0.1695060 0.1672859 0.1660430 0.1647999 0.1633266 0.1617136 0.1595439 0.1588722 0.1584289 0.1573231 0.1595120 0.1633163 0.1683448 0.1736778 0.1790937 0.1812587 0.1815445 0.1823584 0.1881396 0.1902731 0.1914055 0.1926235 0.1925315 0.1919790 0.1922468 0.1932288 0.1929032 0.1938790 0.1933537 0.1953804 0.1970473 0.1987987 0.2003926 0.2019791
0.2179364 0.2137142 0.2119585 0.2091174 0.2061462 0.2036611 0.2009852 0.1982245 0.1959928 0.1936810 0.1912774 0.1891783 0.1869240 0.1842648 0.1815767 0.1806175 0.1791039 0.1770046 0.1745483 0.1740307 0.1721328 0.1711441 0.1684626 0.1671851 0.1658543 0.1637356 0.1609338 0.1599147 0.1605972 0.1583559 0.1580936 0.1590370 0.1622697 0.1701175 0.1782715 0.1786638 0.1812699 0.1823353 0.1861130 0.1882509 0.1897256 0.1907128 0.1912401 0.1919150 0.1928955 0.1933148 0.1934185 0.1940433 0.1946244 0.1952725 0.1967158 0.1988071 0.1997217 0.2013880 0.2029282
0.2214149 0.2169337 0.2145905 0.2116245 0.2085067 0.2055902 0.2025495 0.2002091 0.1980146 0.1953115 0.1928903 0.1906810 0.1886998 0.1864150 0.1841748 0.1820650 0.1802351 0.1782962 0.1761040 0.1740593 0.1719072 0.1705707 0.1690046 0.1689369 0.1676077 0.1644738 0.1634693 0.1622859 0.1621208 0.1615410 0.1606090 0.1606497 0.1631468 0.1684657 0.1775939 0.1831491 0.1871882 0.1860690 0.1832521 0.1882824 0.1905872 0.1922560 0.1921687 0.1924729 0.1931129 0.1938168 0.1943867 0.1944213 0.1954352 0.1967356 0.1980333 0.1997725 0.2017763 0.2036669 0.2054738
0.2233857 0.2197551 0.2166537 0.2135011 0.2104039 0.2071844 0.2043765 0.2021376 0.1997541 0.1969595 0.1946611 0.1925798 0.1899642 0.1875368 0.1854115 0.1833418 0.1813056 0.1793981 0.1776737 0.1753443 0.1733099 0.1717923 0.1701714 0.1696502 0.1662418 0.1651951 0.1646978 0.1640527 0.1633254 0.1624606 0.1614531 0.1610775 0.1666790 0.1724836 0.1786476 0.1841997 0.1878035 0.1877974 0.1860225 0.1861034 0.1919421 0.1909715 0.1880285 0.1889053 0.1907358 0.1918517 0.1928064 0.1942211 0.1946808 0.1968419 0.1984556 0.2006551 0.2027051 0.2048356 0.2071711
0.2248061 0.2215834 0.2182774 0.2150906 0.2120444 0.2089428 0.2066737 0.2042218 0.2012418 0.1987214 0.1961979 0.1938970 0.1912198 0.1890766 0.1869551 0.1845110 0.1824010 0.1806583 0.1785830 0.1766559 0.1748145 0.1729107 0.1714715 0.1699236 0.1680858 0.1667052 0.1660157 0.1651368 0.1642058 0.1630633 0.1615732 0.1617233 0.1684985 0.1740748 0.1795017 0.1845819 0.1890152 0.1900806 0.1894714 0.1922821 0.1921425 0.1922559 0.1917335 0.1928374 0.1951964 0.1959396 0.1960449 0.1947760 0.1959560 0.1981289 0.1997230 0.2014592 0.2032943 0.2053751 0.2091661
0.2248152 0.2226928 0.2195210 0.2163481 0.2133331 0.2105643 0.2083700 0.2061741 0.2029641 0.2000805 0.1981333 0.1952634 0.1928096 0.1905567 0.1882487 0.1857526 0.1837185 0.1815893 0.1791497 0.1772298 0.1757461 0.1735641 0.1716185 0.1696007 0.1683564 0.1680464 0.1673023 0.1662353 0.1650687 0.1635493 0.1622551 0.1657480 0.1699231 0.1754975 0.1803407 0.1846047 0.1892357 0.1925248 0.1943351 0.1951948 0.1933346 0.1958356 0.1960095 0.1957614 0.1967158 0.1986001 0.1991153 0.1994588 0.1999338 0.1998526 0.2014305 0.2031154 0.2050534 0.2083808 0.2112819
0.2256204 0.2223142 0.2201296 0.2172705 0.2149346 0.2128030 0.2098060 0.2072616 0.2046629 0.2017865 0.1995611 0.1968618 0.1945968 0.1920709 0.1896711 0.1870176 0.1848418 0.1823773 0.1801015 0.1781357 0.1763307 0.1744757 0.1721216 0.1708415 0.1694508 0.1697152 0.1686708 0.1674780 0.1660546 0.1645071 0.1639713 0.1680779 0.1720891 0.1770695 0.1810082 0.1849190 0.1891834 0.1930062 0.1953705 0.1961842 0.1946018 0.1967679 0.1983709 0.1992261 0.1986928 0.2008036 0.2016535 0.2023991 0.2031952 0.2040654 0.2048935 0.2069911 0.2089288 0.2112450 0.2134750
0.2259775 0.2227553 0.2198387 0.2181695 0.2159715 0.2138853 0.2111603 0.2086200 0.2062735 0.2035790 0.2010093 0.1986636 0.1963100 0.1937569 0.1907673 0.1881686 0.1859507 0.1836342 0.1812000 0.1790129 0.1762725 0.1749312 0.1736590 0.1729446 0.1712714 0.1713194 0.1705465 0.1689868 0.1672024 0.1654977 0.1649565 0.1703940 0.1742785 0.1783354 0.1824719 0.1862125 0.1900948 0.1936014 0.1958659 0.1966004 0.1965293 0.1991995 0.2002018 0.2009625 0.1992941 0.2003443 0.2040169 0.2049969 0.2059980 0.2063782 0.2078746 0.2101959 0.2119423 0.2138458 0.2159581
0.2257297 0.2226903 0.2197784 0.2186383 0.2166054 0.2145165 0.2120373 0.2099395 0.2076233 0.2049667 0.2026681 0.2003238 0.1979463 0.1953421 0.1911306 0.1889646 0.1871522 0.1845606 0.1808992 0.1796791 0.1779070 0.1774787 0.1766914 0.1757817 0.1746671 0.1734964 0.1723762 0.1708993 0.1691616 0.1677430 0.1697824 0.1731304 0.1770292 0.1804219 0.1840316 0.1882143 0.1916036 0.1946268 0.1966698 0.1961735 0.1975476 0.2011354 0.2019621 0.2028140 0.2036175 0.2035351 0.2061934 0.2073280 0.2085841 0.2089962 0.2105255 0.2121340 0.2138714 0.2156806 0.2180737
0.2246486 0.2220137 0.2198385 0.2180971 0.2169809 0.2152652 0.2134283 0.2113287 0.2092052 0.2069648 0.2043278 0.2021857 0.2000147 0.1968420 0.1938506 0.1914280 0.1886970 0.1852801 0.1829468 0.1817241 0.1815555 0.1805491 0.1794345 0.1783679 0.1773089 0.1759867 0.1745419 0.1731127 0.1715036 0.1705228 0.1729123 0.1762957 0.1794204 0.1827781 0.1860904 0.1893084 0.1922594 0.1959034 0.1978541 0.1972679 0.2001544 0.2032722 0.2043545 0.2046830 0.2062905 0.2045052 0.2056212 0.2082380 0.2098144 0.2112848 0.2128001 0.2153155 0.2169477 0.2178860 0.2194401
0.2243918 0.2214457 0.2196833 0.2166641 0.2174392 0.2164098 0.2148018 0.2129082 0.2107741 0.2088463 0.2063520 0.2044030 0.2014048 0.1986322 0.1960131 0.1931639 0.1900044 0.1876836 0.1867367 0.1859169 0.1847630 0.1836673 0.1825511 0.1815208 0.1801142 0.1787644 0.1772031 0.1757140 0.1726166 0.1723545 0.1763308 0.1795479 0.1822592 0.1857656 0.1889529 0.1920063 0.1942464 0.1965524 0.1990042 0.2000149 0.2018494 0.2053521 0.2057366 0.2044420 0.2071256 0.2074033 0.2080512 0.2101742 0.2128610 0.2143610 0.2159859 0.2177810 0.2194877 0.2210594 0.2222831
