LUCAS_GEMMES_COP27/includes/subsidence/Scenario_M1/tmp/TOT_SUBSIDENCE_2020_SINCE_2018_MKD_ONLY.ASC
NCOLS                318
NROWS                364
XLLCORNER      400000.00
YLLCORNER      907000.00
CELLSIZE         1000.00
NODATA_VALUE    0.3402823E+39
[rows 176 to 197 of 364, columns 200 to 249 of 318]
2.3268610E-02 2.3303390E-02 2.3281127E-02 2.3326159E-02 2.3066372E-02 2.3175508E-02 2.3244619E-02 2.3474872E-02 2.4044067E-02 2.4172992E-02 2.4460703E-02 2.4969786E-02 2.4904817E-02 2.5423378E-02 2.5614947E-02 2.5513738E-02 2.6042998E-02 2.6199400E-02 2.5975317E-02 2.6277006E-02 2.6466101E-02 2.6550502E-02 2.6477218E-02 2.6524395E-02 2.6537329E-02 2.6287973E-02 2.6082426E-02 2.6030421E-02 2.5679350E-02 2.5431007E-02 2.4915904E-02 2.4362057E-02 2.3799837E-02 2.3273796E-02 2.2794247E-02 2.2252023E-02 2.1721944E-02 2.1283269E-02 2.0703390E-02 2.0130187E-02 1.9681230E-02 1.9581765E-02 1.9615516E-02 1.9492358E-02 1.9725993E-02 1.9924343E-02 1.9765317E-02 1.9789964E-02 1.9862130E-02 2.0028353E-02
2.3291439E-02 2.3290515E-02 2.3303092E-02 2.3280799E-02 2.3012638E-02 2.3086756E-02 2.3222923E-02 2.3561895E-02 2.3912072E-02 2.4064332E-02 2.4288833E-02 2.4498731E-02 2.5128335E-02 2.5645345E-02 2.5745034E-02 2.5973678E-02 2.6241183E-02 2.6389867E-02 2.6222616E-02 2.6169330E-02 2.6281357E-02 2.6634783E-02 2.6931763E-02 2.6932865E-02 2.6716411E-02 2.6632845E-02 2.6480466E-02 2.6302844E-02 2.6052147E-02 2.5680184E-02 2.5210470E-02 2.4859995E-02 2.4409354E-02 2.3870021E-02 2.3483783E-02 2.2873729E-02 2.2404119E-02 2.1882296E-02 2.1239594E-02 2.0512104E-02 2.0113036E-02 2.0166248E-02 2.0161331E-02 2.0123720E-02 2.0326093E-02 2.0236701E-02 2.0226479E-02 2.0255297E-02 2.0300999E-02 2.0472229E-02
2.3299992E-02 2.3298383E-02 2.3283005E-02 2.3296952E-02 2.2986889E-02 2.3011178E-02 2.3099065E-02 2.3315430E-02 2.3495257E-02 2.3655266E-02 2.4056286E-02 2.4410307E-02 2.4970740E-02 2.5516093E-02 2.5717288E-02 2.6011646E-02 2.6202708E-02 2.6389211E-02 2.6525319E-02 2.6844770E-02 2.6698798E-02 2.6586860E-02 2.6722193E-02 2.6958525E-02 2.7061105E-02 2.7125418E-02 2.6898801E-02 2.6631981E-02 2.6421905E-02 2.6053846E-02 2.5787354E-02 2.5424004E-02 2.4964750E-02 2.4561226E-02 2.4074823E-02 2.3590714E-02 2.3015648E-02 2.2446007E-02 2.1746650E-02 2.0987228E-02 2.0680293E-02 2.0630479E-02 2.0606518E-02 2.0641282E-02 2.0588830E-02 2.0740941E-02 2.0896986E-02 2.1073028E-02 2.0933509E-02 2.1117136E-02
2.3184508E-02 2.3191541E-02 2.3203105E-02 2.3042947E-02 2.2975117E-02 2.3024231E-02 2.3154140E-02 2.3079336E-02 2.3296595E-02 2.3494929E-02 2.3894250E-02 2.4256706E-02 2.4828613E-02 2.5240332E-02 2.5663823E-02 2.5923848E-02 2.6019007E-02 2.6128531E-02 2.6273370E-02 2.6784301E-02 2.6722908E-02 2.6732713E-02 2.7064115E-02 2.6815832E-02 2.7147442E-02 2.7202576E-02 2.7064979E-02 2.6875675E-02 2.6735514E-02 2.6383787E-02 2.6147932E-02 2.5797606E-02 2.5505930E-02 2.5047630E-02 2.4605989E-02 2.4122179E-02 2.3553059E-02 2.2974789E-02 2.2287339E-02 2.1695018E-02 2.1172673E-02 2.1072209E-02 2.0944715E-02 2.0801410E-02 2.0946875E-02 2.1027803E-02 2.1059915E-02 2.1041140E-02 2.1447793E-02 2.1573886E-02
2.2987604E-02 2.3079991E-02 2.3069918E-02 2.3130178E-02 2.3025215E-02 2.3134559E-02 2.2900939E-02 2.2927582E-02 2.3107499E-02 2.3293704E-02 2.3652315E-02 2.4113923E-02 2.4548173E-02 2.4940312E-02 2.5582671E-02 2.5663614E-02 2.6206106E-02 2.6492566E-02 2.6257813E-02 2.6840240E-02 2.6637912E-02 2.7157515E-02 2.7266473E-02 2.7455956E-02 2.7349651E-02 2.7408719E-02 2.7188838E-02 2.7008355E-02 2.6931286E-02 2.6702106E-02 2.6579082E-02 2.6254088E-02 2.5878817E-02 2.5519103E-02 2.4994701E-02 2.4473697E-02 2.4015009E-02 2.3488000E-02 2.2978276E-02 2.2391930E-02 2.1679774E-02 2.1443069E-02 2.1222621E-02 2.1156058E-02 2.1245807E-02 2.1324694E-02 2.1168575E-02 2.1230951E-02 2.1610245E-02 2.2052437E-02
2.2757679E-02 2.2927552E-02 2.3003727E-02 2.3067951E-02 2.3091435E-02 2.3027807E-02 2.2888809E-02 2.2916079E-02 2.2912711E-02 2.3155421E-02 2.3639917E-02 2.4096906E-02 2.4501681E-02 2.5013864E-02 2.5343865E-02 2.5531441E-02 2.6240230E-02 2.6403964E-02 2.6289165E-02 2.6812732E-02 2.6704162E-02 2.7330279E-02 2.7406782E-02 2.7546912E-02 2.7511954E-02 2.7492285E-02 2.7523637E-02 2.7243167E-02 2.7115285E-02 2.7056307E-02 2.6695162E-02 2.6548833E-02 2.6161671E-02 2.5804222E-02 2.5335848E-02 2.4836063E-02 2.4470448E-02 2.3984045E-02 2.3406863E-02 2.2883072E-02 2.2324711E-02 2.1708682E-02 2.1556899E-02 2.1544024E-02 2.1591470E-02 2.1603718E-02 2.1752864E-02 2.2005156E-02 2.2198483E-02 2.2273019E-02
2.2688746E-02 2.2897065E-02 2.2868812E-02 2.2945255E-02 2.2991806E-02 2.3036510E-02 2.3038596E-02 2.3057640E-02 2.2929877E-02 2.3291945E-02 2.3569524E-02 2.3920953E-02 2.4358094E-02 2.4776995E-02 2.5168955E-02 2.5367290E-02 2.6000172E-02 2.6385576E-02 2.6638925E-02 2.6788920E-02 2.7109861E-02 2.7516097E-02 2.7545810E-02 2.7595222E-02 2.7695775E-02 2.7747989E-02 2.7749777E-02 2.7476996E-02 2.7458459E-02 2.7301341E-02 2.6954144E-02 2.6889354E-02 2.6373595E-02 2.6119113E-02 2.5779784E-02 2.5257260E-02 2.4753839E-02 2.4340957E-02 2.3725927E-02 2.3369074E-02 2.2939324E-02 2.2462398E-02 2.1999329E-02 2.2032142E-02 2.1880805E-02 2.2033483E-02 2.2072807E-02 2.2514686E-02 2.2738501E-02 2.2601783E-02
2.2425264E-02 2.2577912E-02 2.2668958E-02 2.2759169E-02 2.2792161E-02 2.2900581E-02 2.3049206E-02 2.3118287E-02 2.3204714E-02 2.3257673E-02 2.3099601E-02 2.3634106E-02 2.4011552E-02 2.4417281E-02 2.4740487E-02 2.5066584E-02 2.5621474E-02 2.6288599E-02 2.6715428E-02 2.6958704E-02 2.7187765E-02 2.7367651E-02 2.7584076E-02 2.7658105E-02 2.7765244E-02 2.7890950E-02 2.7871311E-02 2.7759314E-02 2.7659982E-02 2.7407289E-02 2.7098775E-02 2.6817173E-02 2.6665330E-02 2.6301861E-02 2.5804192E-02 2.5503814E-02 2.5125861E-02 2.4597734E-02 2.4032235E-02 2.3537070E-02 2.3227379E-02 2.2826374E-02 2.2497326E-02 2.2213414E-02 2.2126704E-02 2.2098601E-02 2.2046238E-02 2.2358403E-02 2.2476971E-02 2.2323921E-02
2.2218809E-02 2.2326142E-02 2.2356078E-02 2.2471845E-02 2.2606373E-02 2.2894174E-02 2.3045272E-02 2.3169637E-02 2.3252517E-02 2.3280412E-02 2.3176670E-02 2.3495436E-02 2.3716062E-02 2.4076760E-02 2.4677545E-02 2.5000185E-02 2.5303304E-02 2.6156843E-02 2.6672333E-02 2.7115315E-02 2.7193844E-02 2.7448475E-02 2.7606666E-02 2.7843267E-02 2.7963907E-02 2.8017163E-02 2.7918905E-02 2.7889132E-02 2.7625531E-02 2.7367979E-02 2.7092814E-02 2.6881278E-02 2.6556373E-02 2.6276112E-02 2.5891304E-02 2.5618553E-02 2.5103569E-02 2.4752587E-02 2.4214774E-02 2.3712933E-02 2.3337886E-02 2.3191273E-02 2.2744641E-02 2.2377089E-02 2.2190183E-02 2.2084132E-02 2.2009254E-02 2.2514939E-02 2.2415116E-02 2.2507533E-02
2.1760434E-02 2.1930575E-02 2.2230804E-02 2.2331759E-02 2.2504121E-02 2.2744507E-02 2.2941262E-02 2.3107916E-02 2.3285776E-02 2.3383349E-02 2.3376554E-02 2.3275703E-02 2.3356259E-02 2.3908734E-02 2.4394363E-02 2.4872273E-02 2.5218725E-02 2.6025355E-02 2.6507407E-02 2.6776552E-02 2.7044415E-02 2.7447551E-02 2.7662754E-02 2.7906269E-02 2.8104454E-02 2.8152615E-02 2.8153092E-02 2.7958065E-02 2.7561009E-02 2.7313322E-02 2.6923686E-02 2.6874632E-02 2.6479870E-02 2.6142359E-02 2.5699258E-02 2.5429845E-02 2.4971783E-02 2.4507761E-02 2.4267614E-02 2.3941547E-02 2.3540109E-02 2.3206770E-02 2.2730052E-02 2.2224963E-02 2.2128582E-02 2.1890432E-02 2.2123292E-02 2.2453845E-02 2.2536010E-02 2.2518337E-02
2.1477252E-02 2.1634385E-02 2.1843404E-02 2.2095576E-02 2.2345155E-02 2.2631094E-02 2.2846296E-02 2.3102909E-02 2.3290396E-02 2.3409873E-02 2.3379326E-02 2.3031920E-02 2.3259044E-02 2.3771763E-02 2.4081230E-02 2.4596423E-02 2.5169522E-02 2.5735557E-02 2.6196182E-02 2.6619107E-02 2.6932418E-02 2.7317375E-02 2.7583271E-02 2.7849764E-02 2.7987152E-02 2.8118670E-02 2.8087646E-02 2.8158396E-02 2.7645767E-02 2.7284473E-02 2.6884943E-02 2.6591241E-02 2.6301295E-02 2.5997370E-02 2.5531918E-02 2.5215119E-02 2.4805099E-02 2.4516314E-02 2.4319679E-02 2.4136513E-02 2.3698092E-02 2.3357093E-02 2.3033455E-02 2.2682279E-02 2.2122964E-02 2.2127181E-02 2.2474959E-02 2.2802398E-02 2.2855744E-02 2.3046523E-02
2.1171808E-02 2.1087930E-02 2.1297708E-02 2.1675572E-02 2.2040009E-02 2.2399232E-02 2.2702023E-02 2.3038566E-02 2.3279786E-02 2.3482978E-02 2.3559630E-02 2.3373067E-02 2.3369610E-02 2.3650110E-02 2.3896068E-02 2.4278462E-02 2.4841547E-02 2.5412589E-02 2.5950819E-02 2.6305050E-02 2.6709527E-02 2.7168453E-02 2.7540714E-02 2.7835995E-02 2.7962267E-02 2.8061539E-02 2.8080523E-02 2.8054863E-02 2.7709395E-02 2.7218103E-02 2.6604176E-02 2.6211500E-02 2.5925785E-02 2.5510460E-02 2.5157452E-02 2.4848282E-02 2.4675786E-02 2.4363756E-02 2.4149448E-02 2.3935288E-02 2.3780793E-02 2.3436517E-02 2.3294255E-02 2.3095027E-02 2.2865757E-02 2.2811785E-02 2.2929505E-02 2.3105130E-02 2.3194700E-02 2.3245245E-02
2.1063656E-02 2.1005243E-02 2.1024987E-02 2.1251038E-02 2.1646053E-02 2.2085160E-02 2.2562146E-02 2.2979170E-02 2.3316652E-02 2.3619950E-02 2.3781955E-02 2.3832858E-02 2.3789227E-02 2.3676783E-02 2.3825109E-02 2.4175704E-02 2.4550706E-02 2.4997860E-02 2.5548130E-02 2.6070744E-02 2.6460350E-02 2.6934922E-02 2.7410179E-02 2.7768433E-02 2.7985722E-02 2.8021008E-02 2.7968973E-02 2.7776390E-02 2.7195752E-02 2.6641160E-02 2.6082754E-02 2.5781810E-02 2.5393128E-02 2.5178969E-02 2.4876177E-02 2.4789512E-02 2.4343431E-02 2.4097264E-02 2.3928583E-02 2.3802191E-02 2.3612916E-02 2.3584455E-02 2.3457617E-02 2.3450285E-02 2.3263931E-02 2.3236111E-02 2.3326427E-02 2.3460358E-02 2.3522347E-02 2.3665577E-02
2.0897061E-02 2.0888031E-02 2.0857766E-02 2.1105811E-02 2.1102861E-02 2.1758348E-02 2.2354618E-02 2.2895947E-02 2.3343801E-02 2.3678541E-02 2.3740888E-02 2.3995191E-02 2.4147302E-02 2.4021029E-02 2.3841828E-02 2.4071366E-02 2.4385273E-02 2.4570882E-02 2.5086194E-02 2.5681585E-02 2.6165485E-02 2.6770324E-02 2.7202040E-02 2.7581006E-02 2.7852356E-02 2.7785987E-02 2.7684331E-02 2.7020574E-02 2.6488960E-02 2.6009709E-02 2.5534660E-02 2.5136203E-02 2.4872482E-02 2.4633735E-02 2.4335086E-02 2.4149984E-02 2.3999244E-02 2.3817718E-02 2.3629636E-02 2.3647428E-02 2.3519993E-02 2.3384124E-02 2.3448855E-02 2.3495823E-02 2.3375154E-02 2.3403645E-02 2.3579091E-02 2.3643881E-02 2.3711592E-02 2.3884237E-02
2.1190450E-02 2.1371633E-02 2.1196157E-02 2.1268398E-02 2.1010786E-02 2.1273464E-02 2.1851823E-02 2.2619247E-02 2.3412704E-02 2.3800820E-02 2.3978978E-02 2.4266303E-02 2.4485916E-02 2.4415225E-02 2.4264872E-02 2.4074614E-02 2.4275512E-02 2.4389327E-02 2.4590373E-02 2.5165290E-02 2.5644392E-02 2.6274949E-02 2.6770115E-02 2.7392000E-02 2.7479172E-02 2.7074546E-02 2.6548356E-02 2.6152223E-02 2.5637984E-02 2.5359035E-02 2.4873376E-02 2.4574161E-02 2.4194837E-02 2.4054945E-02 2.3846924E-02 2.3686647E-02 2.3611248E-02 2.3377687E-02 2.3297161E-02 2.3285925E-02 2.3335159E-02 2.3238659E-02 2.3393840E-02 2.3590147E-02 2.3601621E-02 2.3700982E-02 2.3855388E-02 2.3990631E-02 2.4147838E-02 2.4288535E-02
2.1999970E-02 2.2069246E-02 2.2218734E-02 2.2150293E-02 2.2245213E-02 2.2513986E-02 2.2655889E-02 2.2756115E-02 2.3258448E-02 2.4032593E-02 2.4523616E-02 2.4747103E-02 2.4884909E-02 2.4821311E-02 2.4713188E-02 2.4233967E-02 2.4169922E-02 2.4287343E-02 2.4445355E-02 2.4577260E-02 2.4736255E-02 2.5724828E-02 2.6270092E-02 2.6673973E-02 2.6198268E-02 2.5950313E-02 2.5633723E-02 2.5204211E-02 2.4866134E-02 2.4486244E-02 2.4223864E-02 2.3935080E-02 2.3600191E-02 2.3466170E-02 2.3256660E-02 2.3084193E-02 2.3016155E-02 2.2726819E-02 2.2734135E-02 2.2757083E-02 2.2965327E-02 2.3005500E-02 2.3193955E-02 2.3445368E-02 2.3646563E-02 2.3763686E-02 2.4064958E-02 2.4310708E-02 2.4424285E-02 2.4515301E-02
2.2550210E-02 2.2709548E-02 2.2733569E-02 2.2851557E-02 2.3157418E-02 2.3419619E-02 2.3647457E-02 2.3839802E-02 2.4214059E-02 2.4759710E-02 2.4991572E-02 2.5300890E-02 2.5317699E-02 2.5289297E-02 2.5039941E-02 2.4671674E-02 2.4226904E-02 2.4278194E-02 2.4290144E-02 2.4240941E-02 2.4224699E-02 2.4604112E-02 2.4952650E-02 2.5136381E-02 2.5124431E-02 2.5019825E-02 2.4648130E-02 2.4466544E-02 2.4040610E-02 2.3765832E-02 2.3440748E-02 2.3221552E-02 2.2865564E-02 2.2676468E-02 2.2457972E-02 2.2352606E-02 2.2290975E-02 2.2189468E-02 2.2185639E-02 2.2369355E-02 2.2685587E-02 2.2851437E-02 2.2833794E-02 2.3252755E-02 2.3564935E-02 2.3905516E-02 2.4280816E-02 2.4517179E-02 2.4401158E-02 2.4496138E-02
2.3123145E-02 2.3291796E-02 2.3396552E-02 2.3546249E-02 2.3847818E-02 2.4080306E-02 2.4303496E-02 2.4547070E-02 2.5169283E-02 2.5347739E-02 2.5597513E-02 2.5940210E-02 2.5902420E-02 2.5857210E-02 2.5513232E-02 2.5158495E-02 2.4735659E-02 2.4348080E-02 2.4338573E-02 2.4163365E-02 2.4098039E-02 2.3617119E-02 2.3558736E-02 2.3732185E-02 2.3902178E-02 2.3834795E-02 2.3640543E-02 2.3517251E-02 2.3024648E-02 2.2740230E-02 2.2435009E-02 2.2208542E-02 2.2013396E-02 2.1769613E-02 2.1638706E-02 2.1422848E-02 2.1538973E-02 2.1633208E-02 2.1580860E-02 2.1944955E-02 2.2344276E-02 2.2729024E-02 2.2875443E-02 2.3086056E-02 2.3341835E-02 2.3524195E-02 2.3885787E-02 2.4193764E-02 2.4404347E-02 2.4488091E-02
2.3681462E-02 2.4001658E-02 2.4178892E-02 2.4274051E-02 2.4526864E-02 2.4841011E-02 2.4781168E-02 2.5133818E-02 2.5711805E-02 2.5962204E-02 2.6141196E-02 2.6333630E-02 2.6314616E-02 2.6421189E-02 2.6044041E-02 2.5806874E-02 2.5238186E-02 2.4899304E-02 2.4257421E-02 2.3289829E-02 2.3060203E-02 2.2875667E-02 2.2688150E-02 2.2523761E-02 2.2770852E-02 2.2682086E-02 2.2591561E-02 2.2442281E-02 2.2086501E-02 2.1741033E-02 2.1327943E-02 2.1159828E-02 2.1185383E-02 2.1081984E-02 2.0690903E-02 2.0532906E-02 2.0569459E-02 2.1003649E-02 2.1326482E-02 2.1538690E-02 2.1644741E-02 2.1780029E-02 2.2350699E-02 2.2607833E-02 2.2810683E-02 2.3154154E-02 2.3381472E-02 2.3689836E-02 2.3926765E-02 2.4288446E-02
2.4199098E-02 2.4553418E-02 2.4723232E-02 2.4987459E-02 2.5209695E-02 2.5439233E-02 2.5413990E-02 2.5897920E-02 2.6263744E-02 2.6499540E-02 2.6577801E-02 2.6673794E-02 2.6633114E-02 2.6574701E-02 2.6150346E-02 2.6078910E-02 2.5574714E-02 2.5084376E-02 2.2957325E-02 2.2658899E-02 2.2361755E-02 2.2628248E-02 2.2450894E-02 2.2229597E-02 2.2069380E-02 2.1920413E-02 2.1775499E-02 2.1399334E-02 2.0974964E-02 2.0724282E-02 2.0574480E-02 2.0538121E-02 2.0593107E-02 2.0402595E-02 2.0153284E-02 1.9821957E-02 2.0182818E-02 2.0764589E-02 2.1193162E-02 2.1508947E-02 2.1688998E-02 2.1773085E-02 2.1889374E-02 2.1954119E-02 2.2455007E-02 2.2743687E-02 2.3033008E-02 2.3371279E-02 2.3667485E-02 2.3950756E-02
2.4654180E-02 2.5025815E-02 2.5198549E-02 2.5551200E-02 2.5818020E-02 2.6079744E-02 2.5981069E-02 2.6538044E-02 2.6816815E-02 2.7041733E-02 2.6997596E-02 2.6989996E-02 2.6908964E-02 2.6695907E-02 2.6137799E-02 2.5081009E-02 2.4474502E-02 2.4398327E-02 2.3607552E-02 2.2983044E-02 2.2560626E-02 2.2372797E-02 2.2041246E-02 2.1757230E-02 2.1468878E-02 2.1262616E-02 2.0956367E-02 2.0483077E-02 2.0492479E-02 2.0307884E-02 2.0096719E-02 2.0119920E-02 2.0114183E-02 2.0030335E-02 1.9859344E-02 1.9688055E-02 2.0165518E-02 2.0702392E-02 2.1159917E-02 2.1600157E-02 2.1735445E-02 2.1951035E-02 2.1927670E-02 2.2002861E-02 2.2068858E-02 2.2180185E-02 2.2708818E-02 2.3093939E-02 2.3242667E-02 2.3679227E-02
2.5179923E-02 2.5524437E-02 2.5762200E-02 2.6110053E-02 2.6367724E-02 2.6416242E-02 2.6591152E-02 2.7061194E-02 2.7299792E-02 2.7360529E-02 2.7336061E-02 2.7415842E-02 2.7219206E-02 2.6757598E-02 2.6092619E-02 2.5464028E-02 2.4834305E-02 2.4214178E-02 2.3367524E-02 2.3021877E-02 2.2766143E-02 2.2571072E-02 2.2314310E-02 2.2096992E-02 2.1770194E-02 2.1432549E-02 2.0912439E-02 2.0172998E-02 2.0026773E-02 1.9852549E-02 1.9708127E-02 1.9698083E-02 1.9523248E-02 1.9348741E-02 1.9474417E-02 1.9815847E-02 2.0332575E-02 2.0712063E-02 2.1344334E-02 2.1628842E-02 2.1904826E-02 2.2083506E-02 2.2141442E-02 2.2297442E-02 2.2366494E-02 2.2291362E-02 2.2345856E-02 2.2398949E-02 2.2137642E-02 2.2857010E-02
