LUCAS_GEMMES_COP27/includes/subsidence/Scenario_M1/tmp/TOT_SUBSIDENCE_2030_SINCE_2018_MKD_ONLY.ASC
NCOLS                318
NROWS                364
XLLCORNER      400000.00
YLLCORNER      907000.00
CELLSIZE         1000.00
NODATA_VALUE    0.3402823E+39
[rows 192 to 215 of 364, columns 106 to 158 of 318]
9.1172189E-02 9.2635989E-02 9.3690678E-02 9.5131621E-02 9.6872345E-02 9.8283812E-02 9.9810436E-02 0.1008562 0.1023836 0.1046296 0.1059202 0.1077855 0.1096963 0.1114502 0.1129398 0.1148413 0.1167105 0.1180904 0.1195447 0.1214349 0.1230542 0.1243328 0.1259854 0.1281484 0.1300086 0.1314754 0.1339590 0.1353498 0.1340440 0.1332664 0.1326138 0.1320012 0.1315164 0.1313658 0.1297329 0.1279706 0.1257379 0.1228398 0.1200721 0.1169954 0.1120536 0.1101690 0.1072564 0.1052713 0.1029054 0.1005327 9.8130628E-02 9.5823571E-02 9.3223974E-02 9.0969250E-02 8.7568372E-02 8.4735289E-02 8.2251102E-02
9.1021240E-02 9.2320368E-02 9.3660250E-02 9.5342457E-02 9.7028315E-02 9.8430723E-02 0.1003111 0.1013503 0.1029919 0.1052375 0.1066182 0.1086495 0.1100324 0.1116032 0.1138761 0.1159005 0.1174337 0.1192504 0.1208809 0.1229170 0.1246933 0.1262976 0.1283169 0.1300323 0.1318753 0.1338334 0.1352308 0.1345111 0.1341020 0.1332399 0.1329370 0.1335497 0.1346771 0.1358082 0.1350400 0.1326199 0.1304479 0.1240198 0.1189366 0.1157062 0.1123557 0.1107142 0.1073784 0.1049761 0.1029247 0.1003391 9.7703844E-02 9.5094979E-02 9.1756299E-02 8.8751674E-02 8.6412340E-02 8.5000381E-02 8.0960080E-02
9.1074109E-02 9.2382312E-02 9.3527943E-02 9.5323056E-02 9.7034633E-02 9.9186122E-02 0.1008537 0.1026568 0.1039988 0.1060518 0.1075532 0.1095891 0.1111382 0.1126996 0.1147835 0.1167888 0.1186399 0.1208901 0.1225270 0.1247373 0.1264332 0.1283374 0.1303217 0.1315891 0.1337901 0.1346944 0.1341182 0.1333970 0.1329361 0.1330741 0.1334184 0.1352330 0.1387700 0.1431555 0.1422102 0.1396032 0.1304829 0.1231995 0.1187653 0.1152264 0.1117554 0.1099889 0.1065846 0.1049403 0.1021696 9.9572182E-02 9.7181290E-02 9.3471333E-02 9.0838596E-02 8.9023009E-02 8.6290464E-02 8.3504677E-02 7.9414278E-02
9.0616256E-02 9.2344463E-02 9.4048277E-02 9.5585167E-02 9.7315177E-02 9.9303007E-02 0.1011057 0.1029173 0.1046360 0.1063635 0.1083920 0.1105008 0.1123240 0.1141130 0.1159684 0.1180067 0.1198843 0.1223447 0.1242579 0.1265029 0.1280134 0.1306127 0.1323442 0.1334424 0.1348984 0.1338226 0.1332715 0.1327696 0.1328641 0.1330911 0.1338073 0.1375326 0.1446244 0.1472730 0.1399240 0.1335362 0.1276446 0.1221066 0.1186375 0.1152095 0.1115402 0.1090369 0.1062070 0.1035086 0.1007437 9.8243535E-02 9.5752507E-02 9.3289509E-02 9.0895414E-02 8.6676940E-02 8.3662182E-02 8.0726564E-02 7.7839971E-02
9.0439633E-02 9.2564076E-02 9.4385341E-02 9.5946416E-02 9.7970188E-02 9.9878535E-02 0.1017528 0.1036421 0.1055388 0.1071475 0.1092973 0.1113531 0.1132065 0.1148946 0.1171009 0.1193029 0.1212001 0.1234392 0.1257865 0.1285952 0.1300694 0.1319744 0.1321971 0.1328558 0.1328806 0.1328315 0.1328083 0.1324825 0.1323448 0.1319747 0.1332092 0.1368074 0.1438116 0.1432610 0.1353452 0.1299180 0.1255652 0.1224214 0.1183278 0.1155847 0.1127765 0.1094203 0.1072910 0.1041141 0.1004237 9.7975865E-02 9.5474780E-02 9.2637286E-02 8.9341417E-02 8.5899547E-02 8.4367022E-02 7.9636186E-02 7.8174591E-02
9.0520397E-02 9.2439264E-02 9.4533801E-02 9.6234187E-02 9.8067030E-02 0.1000132 0.1022107 0.1041807 0.1061903 0.1079775 0.1102251 0.1121672 0.1137126 0.1160213 0.1187249 0.1209893 0.1232864 0.1251826 0.1273383 0.1288641 0.1299428 0.1309795 0.1315776 0.1319683 0.1322491 0.1322826 0.1319812 0.1317495 0.1315614 0.1314808 0.1320748 0.1337407 0.1350662 0.1340493 0.1304472 0.1272884 0.1237521 0.1203085 0.1177134 0.1164561 0.1128654 0.1100470 0.1072028 0.1030470 0.1002016 9.8742306E-02 9.6096471E-02 9.3249157E-02 9.0467125E-02 8.5451424E-02 8.2049772E-02 7.8567222E-02 7.7108368E-02
9.0836599E-02 9.2482418E-02 9.4266310E-02 9.6384317E-02 9.8612621E-02 0.1003646 0.1024141 0.1047044 0.1068002 0.1087127 0.1112074 0.1128469 0.1147679 0.1176339 0.1198223 0.1221704 0.1238285 0.1252559 0.1269699 0.1285933 0.1295414 0.1303361 0.1309293 0.1313889 0.1316440 0.1318842 0.1315545 0.1312864 0.1309839 0.1306170 0.1309149 0.1310812 0.1304921 0.1295658 0.1280317 0.1269495 0.1230496 0.1195461 0.1175288 0.1150361 0.1123249 0.1089028 0.1067732 0.1037999 0.1010925 9.8206595E-02 9.5466614E-02 9.1495678E-02 8.7978289E-02 8.4840998E-02 8.2889304E-02 7.9292417E-02 7.6030716E-02
9.0744495E-02 9.2442274E-02 9.4415307E-02 9.6563950E-02 9.8621905E-02 0.1009495 0.1028499 0.1049849 0.1071611 0.1093570 0.1117215 0.1137720 0.1162795 0.1181395 0.1203406 0.1221178 0.1238253 0.1254186 0.1270478 0.1284583 0.1288622 0.1304882 0.1307056 0.1308962 0.1318663 0.1316051 0.1307957 0.1306141 0.1307925 0.1299316 0.1300838 0.1295474 0.1285797 0.1274594 0.1260962 0.1245109 0.1222724 0.1192992 0.1170357 0.1147633 0.1124654 0.1098017 0.1068381 0.1037787 0.1014406 9.8389506E-02 9.5321596E-02 9.1179490E-02 8.9745700E-02 8.6228043E-02 8.2910344E-02 7.8655660E-02 7.4562624E-02
9.0528369E-02 9.2502534E-02 9.4572082E-02 9.6812189E-02 9.8848313E-02 0.1009447 0.1034381 0.1057374 0.1075822 0.1101901 0.1120666 0.1145651 0.1165109 0.1185333 0.1206109 0.1224539 0.1241016 0.1256349 0.1266031 0.1275945 0.1284433 0.1296011 0.1294893 0.1305172 0.1312334 0.1312063 0.1305913 0.1311571 0.1306477 0.1292535 0.1287390 0.1288753 0.1278434 0.1262407 0.1248890 0.1236997 0.1221758 0.1212932 0.1177388 0.1149984 0.1127527 0.1100123 0.1073694 0.1044538 0.1016878 9.9268615E-02 9.5642850E-02 9.2502564E-02 8.9340150E-02 8.5179165E-02 8.2646459E-02 7.8712910E-02 7.4054033E-02
9.0525940E-02 9.2574775E-02 9.4687551E-02 9.6859485E-02 9.9044710E-02 0.1008497 0.1036710 0.1058500 0.1083521 0.1106215 0.1129808 0.1150042 0.1169638 0.1189438 0.1210027 0.1228764 0.1244557 0.1255580 0.1266266 0.1281795 0.1284873 0.1297482 0.1304288 0.1308392 0.1309924 0.1307423 0.1306467 0.1312013 0.1304261 0.1295502 0.1282165 0.1279223 0.1267144 0.1255800 0.1240790 0.1226577 0.1210402 0.1206879 0.1183869 0.1156096 0.1129812 0.1105025 0.1089188 0.1053886 0.1019148 9.9214271E-02 9.6245453E-02 9.2806444E-02 8.9470908E-02 8.5675418E-02 8.2379490E-02 7.6148257E-02 7.1690828E-02
9.0507478E-02 9.2689902E-02 9.4517484E-02 9.6948266E-02 9.9159554E-02 0.1018160 0.1044713 0.1069083 0.1089948 0.1115798 0.1136751 0.1158289 0.1176761 0.1194252 0.1211108 0.1229983 0.1244910 0.1258010 0.1269653 0.1280600 0.1283202 0.1296497 0.1303768 0.1309981 0.1316520 0.1308981 0.1316842 0.1313104 0.1305109 0.1291678 0.1284449 0.1283323 0.1264841 0.1255754 0.1241012 0.1221012 0.1205240 0.1195904 0.1182903 0.1147400 0.1122709 0.1098801 0.1075498 0.1043828 0.1010023 9.8013818E-02 9.5479473E-02 9.1970444E-02 8.8057071E-02 8.4110975E-02 8.2366928E-02 7.5811818E-02 7.3785469E-02
9.0691522E-02 9.2893228E-02 9.5648885E-02 9.8033503E-02 0.1004328 0.1028780 0.1053743 0.1077944 0.1099520 0.1120333 0.1140012 0.1159010 0.1175609 0.1194062 0.1212223 0.1236912 0.1252735 0.1264574 0.1271191 0.1281776 0.1286828 0.1294646 0.1306703 0.1312553 0.1315385 0.1314679 0.1314815 0.1311333 0.1305585 0.1294306 0.1295825 0.1284422 0.1269900 0.1259765 0.1246447 0.1222382 0.1210146 0.1196403 0.1171218 0.1148472 0.1127920 0.1107924 0.1079009 0.1047631 0.1034842 0.1001792 9.7600177E-02 9.4027579E-02 9.0358764E-02 8.4609255E-02 8.0851465E-02 7.6164618E-02 7.1901858E-02
9.1860577E-02 9.4463825E-02 9.6897334E-02 9.9350080E-02 0.1017363 0.1041262 0.1064540 0.1087187 0.1112686 0.1131667 0.1152281 0.1174580 0.1188903 0.1204846 0.1223248 0.1244750 0.1259643 0.1272098 0.1277602 0.1291987 0.1301994 0.1305175 0.1315132 0.1318636 0.1319705 0.1319983 0.1318696 0.1315094 0.1303538 0.1303800 0.1302623 0.1293370 0.1276895 0.1269896 0.1256695 0.1239017 0.1223301 0.1204335 0.1172739 0.1156999 0.1151907 0.1136282 0.1097553 0.1054436 0.1039682 0.1008990 9.8551854E-02 9.5262691E-02 9.1550171E-02 8.7703347E-02 8.3656982E-02 7.9376265E-02 7.5374261E-02
9.3119860E-02 9.5710203E-02 9.8080903E-02 0.1006403 0.1030115 0.1052915 0.1074823 0.1096617 0.1119417 0.1144379 0.1162192 0.1181327 0.1200620 0.1215900 0.1233865 0.1252730 0.1263982 0.1276281 0.1288248 0.1306493 0.1312135 0.1312405 0.1317127 0.1319618 0.1320031 0.1320943 0.1320246 0.1322029 0.1311359 0.1314814 0.1310834 0.1299855 0.1287931 0.1276239 0.1263749 0.1249423 0.1232578 0.1213333 0.1195191 0.1179539 0.1161790 0.1136705 0.1104406 0.1061041 0.1034375 0.1012992 9.7280338E-02 9.3969434E-02 8.9936525E-02 8.6672992E-02 8.2252488E-02 7.7175871E-02 7.3973671E-02
9.4703227E-02 9.7054392E-02 9.9433020E-02 0.1018654 0.1042834 0.1064472 0.1086033 0.1107200 0.1129771 0.1155463 0.1175622 0.1191909 0.1207149 0.1226601 0.1244301 0.1261051 0.1274105 0.1281090 0.1295170 0.1310868 0.1315369 0.1320439 0.1323821 0.1331666 0.1333502 0.1334914 0.1329063 0.1323300 0.1326589 0.1324208 0.1316282 0.1307262 0.1294264 0.1283378 0.1272439 0.1258495 0.1243784 0.1224587 0.1201276 0.1185931 0.1169985 0.1146399 0.1118690 0.1086736 0.1045036 0.1012165 9.8247170E-02 9.7244978E-02 9.2953667E-02 9.0066954E-02 8.5526899E-02 8.0584705E-02 7.7639371E-02
9.6141055E-02 9.8465160E-02 0.1007983 0.1031476 0.1055335 0.1075385 0.1097124 0.1119612 0.1142257 0.1166945 0.1186827 0.1205829 0.1216999 0.1231904 0.1250100 0.1267536 0.1281679 0.1293060 0.1310084 0.1320155 0.1328347 0.1334657 0.1332512 0.1341316 0.1343729 0.1348312 0.1338962 0.1331696 0.1327452 0.1330010 0.1325804 0.1316677 0.1302573 0.1291066 0.1284969 0.1270110 0.1256355 0.1234249 0.1208814 0.1193015 0.1179223 0.1156117 0.1130787 0.1100454 0.1071210 0.1040679 0.1016286 9.9543527E-02 9.5151722E-02 9.1056839E-02 8.7018445E-02 8.2722664E-02 7.9036772E-02
9.7724915E-02 9.9925280E-02 0.1022786 0.1044773 0.1068399 0.1089653 0.1111770 0.1135210 0.1155573 0.1172525 0.1192461 0.1216918 0.1235033 0.1243578 0.1262672 0.1283894 0.1296952 0.1310849 0.1322074 0.1332126 0.1339315 0.1344741 0.1343373 0.1353079 0.1355513 0.1357041 0.1348805 0.1351232 0.1339933 0.1341695 0.1331810 0.1322277 0.1309156 0.1295329 0.1286734 0.1274344 0.1257099 0.1236935 0.1216185 0.1198218 0.1180658 0.1159593 0.1134039 0.1103140 0.1072473 0.1046655 0.1019550 9.8817721E-02 9.4680548E-02 9.0367049E-02 8.5902169E-02 8.1507847E-02 7.7335432E-02
9.9592134E-02 0.1016330 0.1039082 0.1058210 0.1080866 0.1103425 0.1128001 0.1149811 0.1169065 0.1185329 0.1205405 0.1227409 0.1245799 0.1260892 0.1277699 0.1292248 0.1310191 0.1323188 0.1335353 0.1345148 0.1351811 0.1358782 0.1357928 0.1359640 0.1369355 0.1367757 0.1360180 0.1369003 0.1356688 0.1345062 0.1335916 0.1327721 0.1324105 0.1319471 0.1307221 0.1295697 0.1282332 0.1259425 0.1241609 0.1225435 0.1196355 0.1182847 0.1159235 0.1135127 0.1113144 0.1090372 0.1059219 0.1028120 9.8732710E-02 9.4306156E-02 9.0259075E-02 8.5614711E-02 8.0834702E-02
0.1011323 0.1036207 0.1054682 0.1075070 0.1096955 0.1119307 0.1141788 0.1162448 0.1182304 0.1202977 0.1227547 0.1246897 0.1264749 0.1281929 0.1297872 0.1306929 0.1317719 0.1332226 0.1345372 0.1355343 0.1362849 0.1368591 0.1371906 0.1374511 0.1379911 0.1375919 0.1372884 0.1379846 0.1378774 0.1367792 0.1352123 0.1351329 0.1335487 0.1325649 0.1313216 0.1299795 0.1290661 0.1278836 0.1248634 0.1232172 0.1210549 0.1186456 0.1160539 0.1135005 0.1114704 0.1091140 0.1057146 0.1047437 0.1008652 9.6369445E-02 9.2172369E-02 8.5789785E-02 8.1284925E-02
0.1027752 0.1054166 0.1074672 0.1094356 0.1116780 0.1139150 0.1157985 0.1177952 0.1198142 0.1219740 0.1240469 0.1264499 0.1279930 0.1296485 0.1311016 0.1322612 0.1336301 0.1353148 0.1364148 0.1375845 0.1383355 0.1387068 0.1389915 0.1391875 0.1396518 0.1397691 0.1388701 0.1392790 0.1389003 0.1385675 0.1379957 0.1372245 0.1363101 0.1342934 0.1330203 0.1315309 0.1300351 0.1285203 0.1272391 0.1267140 0.1230288 0.1207109 0.1196917 0.1173724 0.1138595 0.1113974 0.1076355 0.1049107 0.1016248 9.6801013E-02 9.2672408E-02 8.8615820E-02 8.7968946E-02
0.1044652 0.1069183 0.1091350 0.1113318 0.1134694 0.1157604 0.1176206 0.1196872 0.1218180 0.1238914 0.1254412 0.1277014 0.1297899 0.1314428 0.1327192 0.1341234 0.1352465 0.1360300 0.1381178 0.1393248 0.1400945 0.1398262 0.1409956 0.1411951 0.1414207 0.1417334 0.1407096 0.1402349 0.1396691 0.1399235 0.1397035 0.1391882 0.1382691 0.1373321 0.1360680 0.1335796 0.1320383 0.1320047 0.1309339 0.1290394 0.1268147 0.1231554 0.1208752 0.1203662 0.1181439 0.1154976 0.1126412 0.1079915 0.1043965 0.1025193 9.6497253E-02 9.4441235E-02 9.3409270E-02
0.1066385 0.1089509 0.1111581 0.1133630 0.1156399 0.1176530 0.1194691 0.1215153 0.1238063 0.1258161 0.1271753 0.1291634 0.1309529 0.1329050 0.1346838 0.1361571 0.1374725 0.1383864 0.1397585 0.1406977 0.1414593 0.1412895 0.1422561 0.1426750 0.1428304 0.1428212 0.1424872 0.1422915 0.1422006 0.1419263 0.1413988 0.1411393 0.1404856 0.1399134 0.1384636 0.1373455 0.1345248 0.1329923 0.1326856 0.1315038 0.1295489 0.1276199 0.1243207 0.1217981 0.1209707 0.1186029 0.1158463 0.1128013 0.1092034 0.1059534 0.1028866 9.9492788E-02 9.8575592E-02
0.1088158 0.1112235 0.1133552 0.1155107 0.1176347 0.1194514 0.1213690 0.1235015 0.1257313 0.1278210 0.1297905 0.1319138 0.1336260 0.1347044 0.1363385 0.1380345 0.1395742 0.1411785 0.1417069 0.1425885 0.1438858 0.1443581 0.1448544 0.1453369 0.1454503 0.1452740 0.1443875 0.1451605 0.1434997 0.1428592 0.1430839 0.1431412 0.1422757 0.1413381 0.1406640 0.1399035 0.1385632 0.1356470 0.1350334 0.1344075 0.1325972 0.1307243 0.1289698 0.1247250 0.1225662 0.1217591 0.1191039 0.1164877 0.1132661 0.1099446 0.1058060 0.1041506 0.1022320
0.1110781 0.1135363 0.1156476 0.1178042 0.1197730 0.1216480 0.1236369 0.1257359 0.1280749 0.1299971 0.1318043 0.1335546 0.1353791 0.1369971 0.1386647 0.1400746 0.1419163 0.1434119 0.1437623 0.1446169 0.1461276 0.1467471 0.1472144 0.1476320 0.1475131 0.1476768 0.1469407 0.1469925 0.1462764 0.1457783 0.1469138 0.1462108 0.1454787 0.1450304 0.1435737 0.1425349 0.1409133 0.1396531 0.1372353 0.1355857 0.1362689 0.1339548 0.1316725 0.1291951 0.1254184 0.1230289 0.1229269 0.1208910 0.1178119 0.1142881 0.1116685 0.1081408 0.1059408
