LUCAS_GEMMES_COP27/includes/subsidence/Scenario_M1/tmp/TOT_SUBSIDENCE_2100_SINCE_2018_MKD_ONLY.ASC
NCOLS                318
NROWS                364
XLLCORNER      400000.00
YLLCORNER      907000.00
CELLSIZE         1000.00
NODATA_VALUE    0.3402823E+39
[rows 72 to 95 of 364, columns 165 to 219 of 318]
0.1900087 0.1895084 0.1901238 0.1920461 0.1957090 0.1971676 0.1981043 0.2003935 0.2021361 0.2038230 0.2052723 0.2069067 0.2081986 0.2096136 0.2114468 0.2149905 0.2183981 0.2213671 0.2253111 0.2290522 0.2323108 0.2360705 0.2399420 0.2431649 0.2491641 0.2546347 0.2587863 0.2630142 0.2664625 0.2713940 0.2726582 0.2745712 0.2774067 0.2800151 0.2818069 0.2850438 3.4028235E+38 0.2911867 0.2946380 0.2970282 0.2997697 0.3021969 0.3064377 0.3050900 0.3019906 0.2977896 0.2922224 0.2879413 3.4028235E+38 3.4028235E+38 3.4028235E+38 3.4028235E+38 3.4028235E+38 3.4028235E+38 3.4028235E+38
0.1907057 0.1912268 0.1925665 0.1945508 0.1960987 0.1981938 0.1995754 0.2010620 0.2026048 0.2064811 0.2075355 0.2087413 0.2112023 0.2134690 0.2154852 0.2167885 0.2205687 0.2239705 0.2274018 0.2307946 0.2347794 0.2379708 0.2421659 0.2471763 0.2515592 0.2566217 0.2618545 0.2658045 0.2687101 0.2738799 0.2773641 0.2792099 0.2822399 0.2850346 0.2880032 0.2904900 0.2932155 0.2959710 0.2987800 0.3032514 0.3049748 0.3093427 0.3106239 0.3048442 0.3037254 0.3013653 0.2947277 0.2894914 0.2859634 3.4028235E+38 3.4028235E+38 3.4028235E+38 3.4028235E+38 3.4028235E+38 3.4028235E+38
0.1914212 0.1943060 0.1951884 0.1964800 0.1984394 0.2004514 0.2019773 0.2034916 0.2051633 0.2073952 0.2097723 0.2114309 0.2134984 0.2154632 0.2180433 0.2209503 0.2236491 0.2264705 0.2287197 0.2328865 0.2363971 0.2398174 0.2442939 0.2481182 0.2533187 0.2580626 0.2635304 0.2682711 0.2710894 0.2762859 0.2817750 0.2853306 0.2887009 0.2898459 0.2929381 0.2970092 0.3018698 0.3008265 0.3035719 0.3069368 0.3129447 0.3133147 0.3103621 0.3075329 0.3051356 0.3010018 0.2958092 0.2913926 0.2864301 0.2818105 0.2759708 3.4028235E+38 3.4028235E+38 3.4028235E+38 3.4028235E+38
0.1931648 0.1951102 0.1973271 0.1994481 0.2008995 0.2033742 0.2053008 0.2073223 0.2081810 0.2095758 0.2112839 0.2132328 0.2154163 0.2178354 0.2206948 0.2235814 0.2262746 0.2284352 0.2314221 0.2351329 0.2382496 0.2420225 0.2461989 0.2504069 0.2548458 0.2601952 0.2650842 0.2709762 0.2731870 0.2786517 0.2823988 0.2870744 0.2906303 0.2943902 0.2983821 0.2997341 0.3042856 0.3048872 0.3082278 0.3105480 0.3134321 0.3111228 0.3091007 0.3066744 0.3045908 0.3003765 0.2959978 0.2913135 0.2864716 0.2821492 0.2777766 0.2734891 3.4028235E+38 3.4028235E+38 3.4028235E+38
0.1953680 0.1973938 0.2008039 0.2024650 0.2048823 0.2066451 0.2072775 0.2083484 0.2106265 0.2115973 0.2133358 0.2152020 0.2173805 0.2202363 0.2228510 0.2257158 0.2282381 0.2312566 0.2340316 0.2374164 0.2409806 0.2447315 0.2485798 0.2532080 0.2573798 0.2618563 0.2664154 0.2715206 0.2752879 0.2809050 0.2847374 0.2902113 0.2935976 0.2971218 0.3023027 0.3027976 0.3076503 0.3084415 0.3122064 0.3149343 0.3150870 0.3115520 0.3094885 0.3067786 0.3035540 0.2994279 0.2949064 0.2905890 0.2863858 0.2820796 0.2777601 0.2737203 0.2696892 0.2653804 0.2609271
0.1978554 0.2009263 0.2032874 0.2035615 0.2067308 0.2082765 0.2097076 0.2104875 0.2120917 0.2136722 0.2158003 0.2177093 0.2193716 0.2216277 0.2249559 0.2279947 0.2310892 0.2340845 0.2366832 0.2400147 0.2435439 0.2462825 0.2499963 0.2548073 0.2592601 0.2632309 0.2693900 0.2721256 0.2774459 0.2823840 0.2862026 0.2903365 0.2946953 0.2981280 0.3027479 0.3070910 0.3101808 0.3114921 0.3157054 0.3173237 0.3152531 0.3130412 0.3089612 0.3057896 0.3030136 0.2981995 0.2942460 0.2902403 0.2858208 0.2819310 0.2778883 0.2744308 0.2705908 0.2670440 0.2624119
0.2003319 0.2036856 0.2058844 0.2074580 0.2085578 0.2098120 0.2111015 0.2124226 0.2138368 0.2153893 0.2176271 0.2197278 0.2213389 0.2242557 0.2270180 0.2306017 0.2339975 0.2366857 0.2391709 0.2431073 0.2466014 0.2486029 0.2514181 0.2553979 0.2595986 0.2646366 0.2695619 0.2724612 0.2772154 0.2822234 0.2873203 0.2910121 0.2948463 0.2988972 0.3044217 0.3087816 0.3104272 0.3121956 0.3156546 0.3161764 0.3141486 0.3114610 0.3084952 0.3057634 0.3019948 0.2972768 0.2937093 0.2896242 0.2853729 0.2814689 0.2778926 0.2743618 0.2711448 0.2676397 0.2640362
0.2038515 0.2049056 0.2081279 0.2091704 0.2104825 0.2116824 0.2129494 0.2146747 0.2160324 0.2170691 0.2192959 0.2222716 0.2246581 0.2272278 0.2293655 0.2322924 0.2359549 0.2389316 0.2414728 0.2454420 0.2489213 0.2518981 0.2549926 0.2581296 0.2630945 0.2679703 0.2708493 0.2754768 0.2797517 0.2843224 0.2891608 0.2926526 0.2957906 0.2991365 0.3035191 0.3088780 0.3108933 0.3118148 0.3155127 0.3148695 0.3125448 0.3102822 0.3078143 0.3033117 0.2993588 0.2960340 0.2926708 0.2891648 0.2848170 0.2810714 0.2778041 0.2747976 0.2717488 0.2677354 0.2640653
0.2074614 0.2086433 0.2102320 0.2115467 0.2125205 0.2135372 0.2147470 0.2159445 0.2175064 0.2200459 0.2217150 0.2239996 0.2269830 0.2295549 0.2322478 0.2344616 0.2374344 0.2404814 0.2436578 0.2476407 0.2511061 0.2540669 0.2579893 0.2609350 0.2657634 0.2698727 0.2740489 0.2783030 0.2825985 0.2867509 0.2906618 0.2935617 0.2958101 0.2981189 0.3026387 0.3067636 0.3093558 0.3156350 0.3167993 0.3137725 0.3115484 0.3093757 0.3066044 0.3017397 0.2990320 0.2953807 0.2930449 0.2879813 0.2844216 0.2808237 0.2778245 0.2741998 0.2704380 0.2673318 0.2646530
0.2075814 0.2091606 0.2112723 0.2132622 0.2139273 0.2151424 0.2165247 0.2185483 0.2199997 0.2219062 0.2245265 0.2261963 0.2285438 0.2316866 0.2343712 0.2371753 0.2395088 0.2425518 0.2464028 0.2497213 0.2528646 0.2561223 0.2602735 0.2643020 0.2685208 0.2724606 0.2764600 0.2798306 0.2841426 0.2874215 0.2911941 0.2939330 0.2963676 0.2988846 0.3017108 0.3054693 0.3072455 0.3109571 0.3157264 0.3133615 0.3109526 0.3078721 0.3043694 0.3010697 0.2982449 0.2935637 0.2905490 0.2867370 0.2836302 0.2802750 0.2775605 0.2736931 0.2698577 0.2670843 0.2639745
0.2091326 0.2104170 0.2127632 0.2142237 0.2153069 0.2170184 0.2184727 0.2208778 0.2224896 0.2239135 0.2258404 0.2288000 0.2306004 0.2330875 0.2363688 0.2390819 0.2415160 0.2445642 0.2478017 0.2516056 0.2549317 0.2581762 0.2625335 0.2663314 0.2702093 0.2740921 0.2780146 0.2819233 0.2858008 0.2882861 0.2915525 0.2943754 0.2989438 0.2995445 0.3011542 0.3019913 0.3044252 0.3078420 0.3144533 0.3140720 0.3097773 0.3058404 0.3014466 0.2994052 0.2968160 0.2934562 0.2896678 0.2859340 0.2825477 0.2795318 0.2759311 0.2727910 0.2700186 0.2675128 0.2646575
0.2106394 0.2115980 0.2132486 0.2156931 0.2168553 0.2194139 0.2205555 0.2223803 0.2248722 0.2260308 0.2273944 0.2296412 0.2330576 0.2350030 0.2377641 0.2404758 0.2434213 0.2471409 0.2497940 0.2531157 0.2568852 0.2601261 0.2641446 0.2679481 0.2714379 0.2753479 0.2795829 0.2835526 0.2855254 0.2901788 0.2921840 0.2954743 0.2973142 0.2977195 0.2985581 0.2996033 0.3007367 0.3041613 0.3070927 0.3099868 0.3094128 0.3042886 0.2992817 0.2965012 0.2953445 0.2918721 0.2876295 0.2843010 0.2808430 0.2778339 0.2746034 0.2724705 0.2693430 0.2672038 0.2637674
0.2120132 0.2134837 0.2153513 0.2173485 0.2188261 0.2203813 0.2224179 0.2240620 0.2261137 0.2278512 0.2294357 0.2316888 0.2338581 0.2372362 0.2393755 0.2421966 0.2455969 0.2483856 0.2518117 0.2550587 0.2586475 0.2610151 0.2646129 0.2682915 0.2736193 0.2756778 0.2800226 0.2841909 0.2870766 0.2915431 0.2934921 0.2952653 0.2950990 0.2954749 0.2959462 0.2968955 0.2974301 0.2994213 0.3022321 0.3042376 0.3054742 0.3028804 0.2993545 0.2950722 0.2933691 0.2897537 0.2855120 0.2823769 0.2792905 0.2762102 0.2734360 0.2716514 0.2686344 0.2657773 0.2631874
0.2135882 0.2152341 0.2169930 0.2190350 0.2212851 0.2223824 0.2240858 0.2260579 0.2276516 0.2294961 0.2310397 0.2334263 0.2353754 0.2382291 0.2409200 0.2437970 0.2468648 0.2500973 0.2537758 0.2572016 0.2610413 0.2633246 0.2670577 0.2699928 0.2736896 0.2780080 0.2832225 0.2855047 0.2884805 0.2925897 0.2934645 0.2930082 0.2939540 0.2947536 0.2943704 0.2943512 0.2946882 0.2953177 0.2970167 0.2991735 0.3025963 0.3017387 0.2984660 0.2934502 0.2899915 0.2871138 0.2829953 0.2804007 0.2780714 0.2749844 0.2724484 0.2705170 0.2677894 0.2644492 0.2620547
0.2156057 0.2174364 0.2195686 0.2209509 0.2232701 0.2240840 0.2257895 0.2275622 0.2300883 0.2310494 0.2325315 0.2348611 0.2375429 0.2396120 0.2423489 0.2456408 0.2484024 0.2520546 0.2554055 0.2589183 0.2631210 0.2662914 0.2704639 0.2720380 0.2767314 0.2810392 0.2837933 0.2882187 0.2899440 0.2916386 0.2909390 0.2910063 0.2909885 0.2916222 0.2912915 0.2916024 0.2920939 0.2926607 0.2933966 0.2946886 0.2958753 0.2971797 0.2962142 0.2909494 0.2873054 0.2845520 0.2809224 0.2784316 0.2761132 0.2740947 0.2716755 0.2692693 0.2660565 0.2634677 0.2610795
0.2168774 0.2191259 0.2207637 0.2225892 0.2240422 0.2256350 0.2275020 0.2290026 0.2307616 0.2321737 0.2338829 0.2359782 0.2379313 0.2411986 0.2436372 0.2466027 0.2498592 0.2532735 0.2570884 0.2607669 0.2649984 0.2682787 0.2716097 0.2745285 0.2799589 0.2832368 0.2857619 0.2874060 0.2879381 0.2884227 0.2885546 0.2883870 0.2890884 0.2884566 0.2890089 0.2891656 0.2893959 0.2903498 0.2906785 0.2903337 0.2908213 0.2907775 0.2906491 0.2880934 0.2850208 0.2825442 0.2796183 0.2767499 0.2741396 0.2719179 0.2691414 0.2662355 0.2643863 0.2624540 0.2629969
0.2196728 0.2207269 0.2224572 0.2240117 0.2256700 0.2277982 0.2295009 0.2309576 0.2320693 0.2333248 0.2357319 0.2372748 0.2390985 0.2419880 0.2451954 0.2477223 0.2508972 0.2536176 0.2583414 0.2624791 0.2654582 0.2700095 0.2746623 0.2779744 0.2809799 0.2855164 0.2873731 0.2868104 0.2861314 0.2862312 0.2862854 0.2862601 0.2863977 0.2863107 0.2861980 0.2866486 0.2866745 0.2869397 0.2868263 0.2868989 0.2872996 0.2875204 0.2877471 0.2860686 0.2822136 0.2803751 0.2775759 0.2746244 0.2716623 0.2691733 0.2672133 0.2646495 0.2624356 0.2603005 0.2576581
0.2210780 0.2227059 0.2237062 0.2252794 0.2272197 0.2289541 0.2305291 0.2320279 0.2329775 0.2345423 0.2368522 0.2387937 0.2408577 0.2428366 0.2455652 0.2489676 0.2520892 0.2557467 0.2599148 0.2642413 0.2681264 0.2725690 0.2770571 0.2809361 0.2833059 0.2846156 0.2845114 0.2841942 0.2836437 0.2839316 0.2838587 0.2847418 0.2840887 0.2841818 0.2838014 0.2842432 0.2847536 0.2844248 0.2840815 0.2840288 0.2839764 0.2844051 0.2824682 0.2810800 0.2802089 0.2779517 0.2753347 0.2728069 0.2704543 0.2676695 0.2653965 0.2629120 0.2608168 0.2585996 0.2561436
0.2225119 0.2238510 0.2252968 0.2262524 0.2278494 0.2294386 0.2315754 0.2329377 0.2345123 0.2354131 0.2370885 0.2393287 0.2415583 0.2437775 0.2461841 0.2492822 0.2527362 0.2561283 0.2602028 0.2653066 0.2709062 0.2756660 0.2813784 0.2826986 0.2844141 0.2824900 0.2821323 0.2818704 0.2816574 0.2815631 0.2818492 0.2818956 0.2812102 0.2814567 0.2819650 0.2816652 0.2820792 0.2820287 0.2815050 0.2810928 0.2802663 0.2800198 0.2791461 0.2780737 0.2773005 0.2751070 0.2728761 0.2712123 0.2692333 0.2669666 0.2644180 0.2622947 0.2599396 0.2574778 0.2557158
0.2232897 0.2247587 0.2262086 0.2276205 0.2288287 0.2301325 0.2316347 0.2330482 0.2345458 0.2360076 0.2373036 0.2390990 0.2412644 0.2441372 0.2468037 0.2496363 0.2529374 0.2561049 0.2609411 0.2671821 0.2726159 0.2791411 0.2818218 0.2803775 0.2807675 0.2805933 0.2795579 0.2798826 0.2791186 0.2790614 0.2792675 0.2780851 0.2780247 0.2791190 0.2795602 0.2792581 0.2792079 0.2789954 0.2797959 0.2789719 0.2775875 0.2778208 0.2773162 0.2762608 0.2738357 0.2725379 0.2703546 0.2692018 0.2671892 0.2651438 0.2625963 0.2599044 0.2578723 0.2557922 0.2541289
0.2249082 0.2262245 0.2278318 0.2293253 0.2302252 0.2308577 0.2329393 0.2341544 0.2351330 0.2364014 0.2378644 0.2391363 0.2411916 0.2436744 0.2465020 0.2495638 0.2528789 0.2564384 0.2620553 0.2679340 0.2748620 0.2779366 0.2772474 0.2772058 0.2774548 0.2771603 0.2758561 0.2767451 0.2770283 0.2778704 0.2770172 0.2760074 0.2768150 0.2778080 0.2768968 0.2768451 0.2766979 0.2769875 0.2776184 0.2765692 0.2752233 0.2758226 0.2747582 0.2736156 0.2722731 0.2696371 0.2679637 0.2658559 0.2646498 0.2626917 0.2606762 0.2577940 0.2560735 0.2531845 0.2515200
0.2260131 0.2271341 0.2290569 0.2301905 0.2308226 0.2318733 0.2335603 0.2347107 0.2353686 0.2369592 0.2384792 0.2394224 0.2413299 0.2440153 0.2463773 0.2494827 0.2527097 0.2564016 0.2613450 0.2673675 0.2730616 0.2734266 0.2741843 0.2743655 0.2746158 0.2748564 0.2743351 0.2745293 0.2746425 0.2747997 0.2751952 0.2757014 0.2748527 0.2752427 0.2756040 0.2753054 0.2751905 0.2750159 0.2742494 0.2733107 0.2726906 0.2728409 0.2727905 0.2715542 0.2695539 0.2675840 0.2654507 0.2634041 0.2617441 0.2599520 0.2579436 0.2558501 0.2533731 0.2505130 0.2496498
0.2271186 0.2288478 0.2300120 0.2311192 0.2321315 0.2324965 0.2338486 0.2351012 0.2356398 0.2369217 0.2378271 0.2391810 0.2409072 0.2433044 0.2455955 0.2485060 0.2521672 0.2560522 0.2600956 0.2675456 0.2706459 0.2693020 0.2707690 0.2718087 0.2721719 0.2714373 0.2723585 0.2720740 0.2721688 0.2728172 0.2734912 0.2735516 0.2727868 0.2738993 0.2739405 0.2741478 0.2740400 0.2724102 0.2719109 0.2713159 0.2713516 0.2706787 0.2695529 0.2682246 0.2666336 0.2646684 0.2623272 0.2623219 0.2596917 0.2579191 0.2559207 0.2540662 0.2513244 0.2500526 0.2485467
0.2287665 0.2298863 0.2309471 0.2318795 0.2327762 0.2326902 0.2338921 0.2352566 0.2354251 0.2366632 0.2375078 0.2390042 0.2400072 0.2415671 0.2445117 0.2472509 0.2499378 0.2545684 0.2590609 0.2643651 0.2653289 0.2659628 0.2672330 0.2685722 0.2692639 0.2686299 0.2692310 0.2699215 0.2699857 0.2711455 0.2716371 0.2711098 0.2708452 0.2710047 0.2714624 0.2711442 0.2714961 0.2704263 0.2699021 0.2709545 0.2698862 0.2692471 0.2678407 0.2669638 0.2657460 0.2638435 0.2612269 0.2585091 0.2581540 0.2560154 0.2538196 0.2527105 0.2503958 0.2470332 0.2467807
