LUCAS_GEMMES_COP27/includes/subsidence/Scenario_B1/TOT_SUBSIDENCE_2050_SINCE_2018_MKD_ONLY.ASC
NCOLS                318
NROWS                364
XLLCORNER      400000.00
YLLCORNER      907000.00
CELLSIZE         1000.00
NODATA_VALUE    0.3402823E+39
[rows 264 to 287 of 364, columns 55 to 109 of 318]
3.4028235E+38 3.4028235E+38 3.4028235E+38 3.4028235E+38 3.4028235E+38 3.4028235E+38 3.4028235E+38 3.4028235E+38 3.4028235E+38 3.4028235E+38 3.4028235E+38 3.4028235E+38 3.4028235E+38 3.4028235E+38 3.4028235E+38 3.4028235E+38 3.4028235E+38 3.4028235E+38 3.4028235E+38 3.4028235E+38 3.4028235E+38 3.4028235E+38 3.4028235E+38 3.4028235E+38 0.1787721 0.1848315 0.1904338 0.1966170 0.2029501 0.2087297 0.2155274 0.2229967 0.2280112 0.2337311 0.2395046 0.2455856 0.2519352 0.2585119 0.2655200 0.2717662 0.2775838 0.2837866 0.2879927 0.3057120 0.3249094 0.3446115 0.3617858 0.3839304 0.4023204 0.4198494 0.4389402 0.4576095 0.4775136 0.4964204 0.5169461
3.4028235E+38 3.4028235E+38 3.4028235E+38 3.4028235E+38 3.4028235E+38 3.4028235E+38 3.4028235E+38 3.4028235E+38 3.4028235E+38 3.4028235E+38 3.4028235E+38 3.4028235E+38 3.4028235E+38 3.4028235E+38 3.4028235E+38 3.4028235E+38 3.4028235E+38 3.4028235E+38 3.4028235E+38 3.4028235E+38 3.4028235E+38 3.4028235E+38 3.4028235E+38 3.4028235E+38 0.1765039 0.1825425 0.1884781 0.1949340 0.2012098 0.2079442 0.2132222 0.2200378 0.2247655 0.2301016 0.2357272 0.2417174 0.2480799 0.2544266 0.2612351 0.2682337 0.2740832 0.2791047 0.2837576 0.3008009 0.3190623 0.3371798 0.3553762 0.3770006 0.3952839 0.4128313 0.4301476 0.4496441 0.4696967 0.4896668 0.5100952
3.4028235E+38 3.4028235E+38 3.4028235E+38 3.4028235E+38 3.4028235E+38 3.4028235E+38 3.4028235E+38 3.4028235E+38 3.4028235E+38 3.4028235E+38 3.4028235E+38 3.4028235E+38 3.4028235E+38 3.4028235E+38 3.4028235E+38 3.4028235E+38 3.4028235E+38 3.4028235E+38 3.4028235E+38 3.4028235E+38 3.4028235E+38 3.4028235E+38 3.4028235E+38 3.4028235E+38 0.1752602 0.1812858 0.1869129 0.1925284 0.1986198 0.2042375 0.2099314 0.2156868 0.2215627 0.2263430 0.2319594 0.2378065 0.2440158 0.2503572 0.2573049 0.2639914 0.2713999 0.2755097 0.2793548 0.2958857 0.3133628 0.3315711 0.3509926 0.3704400 0.3884069 0.4048389 0.4214670 0.4412209 0.4615093 0.4811006 0.5012552
3.4028235E+38 3.4028235E+38 3.4028235E+38 3.4028235E+38 3.4028235E+38 3.4028235E+38 3.4028235E+38 3.4028235E+38 3.4028235E+38 3.4028235E+38 3.4028235E+38 3.4028235E+38 3.4028235E+38 3.4028235E+38 3.4028235E+38 3.4028235E+38 3.4028235E+38 3.4028235E+38 3.4028235E+38 3.4028235E+38 3.4028235E+38 3.4028235E+38 3.4028235E+38 3.4028235E+38 0.1731883 0.1790347 0.1846408 0.1901755 0.1961844 0.2012823 0.2066441 0.2119796 0.2178488 0.2225560 0.2279567 0.2340161 0.2397648 0.2461892 0.2530828 0.2611873 0.2725939 0.2721474 0.2744342 0.2909672 0.3068326 0.3259469 0.3438720 0.3628355 0.3802555 0.3973172 0.4153762 0.4317538 0.4528179 0.4732755 0.4932972
3.4028235E+38 3.4028235E+38 3.4028235E+38 3.4028235E+38 3.4028235E+38 3.4028235E+38 3.4028235E+38 3.4028235E+38 3.4028235E+38 3.4028235E+38 3.4028235E+38 3.4028235E+38 3.4028235E+38 3.4028235E+38 3.4028235E+38 3.4028235E+38 3.4028235E+38 3.4028235E+38 3.4028235E+38 3.4028235E+38 3.4028235E+38 3.4028235E+38 3.4028235E+38 3.4028235E+38 0.1721047 0.1777247 0.1832643 0.1881308 0.1931080 0.1986392 0.2038624 0.2084591 0.2144659 0.2186874 0.2238436 0.2288724 0.2353224 0.2414725 0.2477507 0.2558918 0.2615036 0.2638100 0.2671480 0.2833001 0.3004631 0.3180242 0.3362454 0.3544382 0.3708138 0.3882458 0.4063276 0.4240253 0.4436461 0.4632114 0.4834815
3.4028235E+38 3.4028235E+38 3.4028235E+38 3.4028235E+38 3.4028235E+38 3.4028235E+38 3.4028235E+38 3.4028235E+38 3.4028235E+38 3.4028235E+38 3.4028235E+38 3.4028235E+38 3.4028235E+38 3.4028235E+38 3.4028235E+38 3.4028235E+38 3.4028235E+38 3.4028235E+38 3.4028235E+38 3.4028235E+38 3.4028235E+38 3.4028235E+38 3.4028235E+38 3.4028235E+38 0.1701240 0.1758100 0.1810896 0.1862781 0.1915086 0.1958711 0.2002602 0.2045647 0.2102166 0.2147149 0.2197486 0.2245258 0.2304562 0.2363149 0.2426499 0.2484193 0.2526422 0.2550623 0.2606805 0.2771425 0.2940489 0.3107721 0.3290870 0.3470818 0.3638520 0.3809889 0.3977842 0.4150145 0.4352382 0.4543710 0.4739670
3.4028235E+38 3.4028235E+38 3.4028235E+38 3.4028235E+38 3.4028235E+38 3.4028235E+38 3.4028235E+38 3.4028235E+38 3.4028235E+38 3.4028235E+38 3.4028235E+38 3.4028235E+38 3.4028235E+38 3.4028235E+38 3.4028235E+38 3.4028235E+38 3.4028235E+38 3.4028235E+38 3.4028235E+38 3.4028235E+38 3.4028235E+38 3.4028235E+38 3.4028235E+38 3.4028235E+38 0.1685882 0.1756776 0.1812235 0.1852176 0.1892257 0.1936826 0.1968747 0.2009259 0.2066420 0.2115693 0.2153921 0.2200296 0.2257352 0.2306082 0.2359724 0.2413345 0.2459948 0.2502499 0.2544226 0.2700749 0.2862948 0.3039402 0.3225646 0.3400612 0.3561027 0.3719551 0.3890604 0.4076738 0.4258626 0.4442796 0.4594356
3.4028235E+38 3.4028235E+38 3.4028235E+38 3.4028235E+38 3.4028235E+38 3.4028235E+38 3.4028235E+38 3.4028235E+38 3.4028235E+38 3.4028235E+38 3.4028235E+38 3.4028235E+38 3.4028235E+38 3.4028235E+38 3.4028235E+38 3.4028235E+38 3.4028235E+38 3.4028235E+38 3.4028235E+38 3.4028235E+38 3.4028235E+38 3.4028235E+38 3.4028235E+38 3.4028235E+38 0.1673424 0.1757018 0.1813734 0.1857654 0.1887901 0.1904600 0.1936444 0.1974855 0.2022681 0.2062513 0.2111317 0.2156653 0.2208954 0.2259071 0.2299915 0.2342954 0.2384314 0.2428087 0.2477328 0.2631844 0.2792218 0.2965813 0.3142436 0.3314472 0.3464944 0.3628880 0.3806286 0.3980452 0.4163235 0.4340021 0.4519337
3.4028235E+38 3.4028235E+38 3.4028235E+38 3.4028235E+38 3.4028235E+38 3.4028235E+38 3.4028235E+38 3.4028235E+38 3.4028235E+38 3.4028235E+38 3.4028235E+38 3.4028235E+38 3.4028235E+38 3.4028235E+38 3.4028235E+38 3.4028235E+38 3.4028235E+38 3.4028235E+38 3.4028235E+38 3.4028235E+38 3.4028235E+38 3.4028235E+38 3.4028235E+38 3.4028235E+38 3.4028235E+38 0.1703446 0.1753352 0.1796173 0.1830098 0.1864417 0.1895690 0.1938357 0.1977676 0.2017422 0.2067418 0.2106160 0.2151574 0.2201226 0.2249424 0.2293008 0.2326746 0.2362589 0.2408511 0.2563918 0.2722458 0.2889348 0.3068044 0.3229646 0.3382988 0.3548385 0.3720699 0.3888293 0.4055070 0.4238439 0.4432976
3.4028235E+38 3.4028235E+38 3.4028235E+38 3.4028235E+38 3.4028235E+38 3.4028235E+38 3.4028235E+38 3.4028235E+38 3.4028235E+38 3.4028235E+38 3.4028235E+38 3.4028235E+38 3.4028235E+38 3.4028235E+38 3.4028235E+38 3.4028235E+38 3.4028235E+38 3.4028235E+38 3.4028235E+38 3.4028235E+38 3.4028235E+38 3.4028235E+38 3.4028235E+38 3.4028235E+38 0.1609369 0.1660785 0.1709025 0.1744340 0.1786056 0.1825098 0.1854914 0.1894887 0.1934472 0.1968055 0.2016950 0.2059659 0.2097762 0.2141623 0.2193209 0.2228788 0.2264352 0.2311063 0.2344988 0.2503403 0.2660557 0.2818227 0.2989574 0.3153000 0.3311663 0.3465188 0.3622217 0.3786566 0.3955208 0.4132101 0.4342092
3.4028235E+38 3.4028235E+38 3.4028235E+38 3.4028235E+38 3.4028235E+38 3.4028235E+38 3.4028235E+38 3.4028235E+38 3.4028235E+38 3.4028235E+38 3.4028235E+38 3.4028235E+38 3.4028235E+38 3.4028235E+38 3.4028235E+38 3.4028235E+38 3.4028235E+38 3.4028235E+38 3.4028235E+38 3.4028235E+38 3.4028235E+38 3.4028235E+38 3.4028235E+38 3.4028235E+38 0.1576143 0.1622708 0.1666511 0.1706215 0.1739579 0.1775614 0.1814263 0.1853311 0.1891684 0.1923799 0.1971104 0.2009674 0.2047132 0.2088054 0.2132541 0.2166347 0.2200245 0.2242758 0.2286778 0.2431876 0.2586404 0.2749654 0.2911988 0.3061639 0.3210314 0.3381070 0.3530982 0.3697424 0.3861582 0.4020295 0.4198801
3.4028235E+38 3.4028235E+38 3.4028235E+38 3.4028235E+38 3.4028235E+38 3.4028235E+38 3.4028235E+38 3.4028235E+38 3.4028235E+38 3.4028235E+38 3.4028235E+38 3.4028235E+38 3.4028235E+38 3.4028235E+38 3.4028235E+38 3.4028235E+38 3.4028235E+38 3.4028235E+38 3.4028235E+38 3.4028235E+38 3.4028235E+38 3.4028235E+38 3.4028235E+38 3.4028235E+38 0.1545333 0.1585580 0.1628052 0.1669310 0.1707155 0.1743260 0.1775829 0.1816432 0.1852696 0.1881891 0.1928346 0.1951898 0.1999931 0.2034596 0.2067922 0.2110781 0.2146801 0.2181858 0.2222787 0.2359674 0.2508251 0.2673484 0.2838999 0.2979726 0.3134998 0.3293796 0.3444545 0.3602326 0.3755286 0.3908988 0.4058515
3.4028235E+38 3.4028235E+38 3.4028235E+38 3.4028235E+38 3.4028235E+38 3.4028235E+38 3.4028235E+38 3.4028235E+38 3.4028235E+38 3.4028235E+38 3.4028235E+38 3.4028235E+38 3.4028235E+38 3.4028235E+38 3.4028235E+38 3.4028235E+38 3.4028235E+38 3.4028235E+38 3.4028235E+38 3.4028235E+38 3.4028235E+38 3.4028235E+38 3.4028235E+38 3.4028235E+38 0.1516907 0.1556222 0.1595556 0.1633712 0.1670391 0.1706252 0.1736660 0.1775888 0.1810710 0.1841140 0.1882147 0.1917326 0.1952231 0.1971397 0.2003259 0.2043090 0.2091690 0.2120247 0.2155714 0.2275606 0.2415930 0.2582418 0.2762035 0.2920533 0.3058878 0.3198641 0.3346688 0.3502830 0.3659640 0.3835950 0.3950736
3.4028235E+38 3.4028235E+38 3.4028235E+38 3.4028235E+38 3.4028235E+38 3.4028235E+38 3.4028235E+38 3.4028235E+38 3.4028235E+38 3.4028235E+38 3.4028235E+38 3.4028235E+38 3.4028235E+38 3.4028235E+38 3.4028235E+38 3.4028235E+38 3.4028235E+38 3.4028235E+38 3.4028235E+38 3.4028235E+38 3.4028235E+38 3.4028235E+38 3.4028235E+38 3.4028235E+38 0.1490474 0.1528102 0.1564769 0.1600456 0.1625164 0.1672592 0.1694894 0.1740281 0.1768704 0.1801816 0.1840248 0.1873517 0.1906718 0.1934583 0.1960038 0.2006458 0.2034642 0.2066584 0.2099093 0.2141881 0.2342551 0.2511384 0.2690394 0.2834494 0.2973360 0.3114818 0.3262386 0.3406152 0.3552747 0.3710397 0.3777608
3.4028235E+38 3.4028235E+38 3.4028235E+38 3.4028235E+38 3.4028235E+38 3.4028235E+38 3.4028235E+38 3.4028235E+38 3.4028235E+38 3.4028235E+38 3.4028235E+38 3.4028235E+38 3.4028235E+38 3.4028235E+38 3.4028235E+38 3.4028235E+38 3.4028235E+38 3.4028235E+38 3.4028235E+38 3.4028235E+38 3.4028235E+38 3.4028235E+38 3.4028235E+38 3.4028235E+38 0.1461217 0.1501518 0.1526255 0.1558656 0.1600328 0.1639854 0.1672219 0.1704385 0.1736926 0.1762855 0.1800020 0.1831630 0.1858506 0.1889770 0.1925635 0.1957202 0.1984411 0.2020558 0.2054456 0.2097110 0.2270791 0.2442730 0.2622938 0.2760012 0.2900066 0.3032658 0.3175004 0.3319476 0.3470607 0.3572063 0.3622782
3.4028235E+38 3.4028235E+38 3.4028235E+38 3.4028235E+38 3.4028235E+38 3.4028235E+38 3.4028235E+38 3.4028235E+38 3.4028235E+38 3.4028235E+38 3.4028235E+38 3.4028235E+38 3.4028235E+38 3.4028235E+38 3.4028235E+38 3.4028235E+38 3.4028235E+38 3.4028235E+38 3.4028235E+38 3.4028235E+38 3.4028235E+38 3.4028235E+38 3.4028235E+38 3.4028235E+38 0.1438012 0.1466475 0.1510859 0.1543348 0.1573470 0.1609204 0.1641009 0.1671158 0.1699830 0.1725365 0.1756679 0.1791440 0.1817218 0.1850943 0.1880483 0.1910270 0.1936213 0.1971291 0.2002669 0.2039712 0.2210269 0.2380671 0.2561149 0.2688211 0.2822518 0.2949635 0.3081853 0.3227238 0.3376263 0.3419872 0.3472012
3.4028235E+38 3.4028235E+38 3.4028235E+38 3.4028235E+38 3.4028235E+38 3.4028235E+38 3.4028235E+38 3.4028235E+38 3.4028235E+38 3.4028235E+38 3.4028235E+38 3.4028235E+38 3.4028235E+38 3.4028235E+38 3.4028235E+38 3.4028235E+38 3.4028235E+38 3.4028235E+38 3.4028235E+38 3.4028235E+38 3.4028235E+38 3.4028235E+38 3.4028235E+38 3.4028235E+38 0.1420174 0.1454057 0.1486967 0.1517975 0.1546457 0.1578362 0.1607575 0.1639849 0.1662375 0.1690103 0.1719795 0.1749781 0.1777312 0.1809241 0.1837447 0.1860956 0.1889153 0.1922187 0.1952598 0.1983342 0.2152736 0.2325917 0.2499371 0.2618008 0.2750343 0.2881233 0.3018079 0.3136973 0.3244190 0.3282351 0.3318785
3.4028235E+38 3.4028235E+38 3.4028235E+38 3.4028235E+38 3.4028235E+38 3.4028235E+38 3.4028235E+38 3.4028235E+38 3.4028235E+38 3.4028235E+38 3.4028235E+38 3.4028235E+38 3.4028235E+38 3.4028235E+38 3.4028235E+38 3.4028235E+38 3.4028235E+38 3.4028235E+38 3.4028235E+38 3.4028235E+38 3.4028235E+38 3.4028235E+38 3.4028235E+38 3.4028235E+38 0.1399330 0.1432475 0.1465204 0.1494935 0.1525633 0.1555916 0.1581237 0.1608616 0.1635168 0.1665004 0.1690043 0.1713654 0.1743250 0.1769801 0.1795920 0.1817988 0.1848477 0.1874744 0.1903173 0.1932359 0.2100409 0.2276609 0.2443887 0.2546987 0.2678059 0.2810319 0.2969573 0.3061569 0.3117972 0.3140860 0.3168092
3.4028235E+38 3.4028235E+38 3.4028235E+38 3.4028235E+38 3.4028235E+38 3.4028235E+38 3.4028235E+38 3.4028235E+38 3.4028235E+38 3.4028235E+38 3.4028235E+38 3.4028235E+38 3.4028235E+38 3.4028235E+38 3.4028235E+38 3.4028235E+38 3.4028235E+38 3.4028235E+38 3.4028235E+38 3.4028235E+38 3.4028235E+38 3.4028235E+38 3.4028235E+38 3.4028235E+38 0.1381569 0.1412681 0.1445739 0.1476800 0.1505359 0.1532596 0.1557436 0.1582583 0.1611455 0.1633977 0.1659198 0.1678981 0.1703353 0.1730566 0.1750403 0.1776522 0.1803829 0.1828174 0.1854371 0.1882104 0.2051774 0.2248443 0.2380795 0.2478023 0.2599715 0.2717915 0.2837891 0.2949017 0.2965102 0.2998855 0.3025026
3.4028235E+38 3.4028235E+38 3.4028235E+38 3.4028235E+38 3.4028235E+38 3.4028235E+38 3.4028235E+38 3.4028235E+38 3.4028235E+38 3.4028235E+38 3.4028235E+38 3.4028235E+38 3.4028235E+38 3.4028235E+38 3.4028235E+38 3.4028235E+38 3.4028235E+38 3.4028235E+38 3.4028235E+38 3.4028235E+38 3.4028235E+38 3.4028235E+38 3.4028235E+38 0.1336450 0.1367163 0.1396758 0.1428520 0.1460837 0.1487133 0.1514431 0.1539172 0.1559509 0.1583868 0.1605593 0.1628090 0.1651176 0.1668935 0.1689552 0.1712954 0.1739892 0.1761349 0.1783193 0.1805836 0.1829523 0.1991446 0.2162046 0.2311002 0.2406185 0.2514513 0.2624726 0.2727767 0.2816249 0.2834229 0.2859476 0.2883598
3.4028235E+38 3.4028235E+38 3.4028235E+38 3.4028235E+38 3.4028235E+38 3.4028235E+38 3.4028235E+38 3.4028235E+38 3.4028235E+38 3.4028235E+38 3.4028235E+38 3.4028235E+38 3.4028235E+38 3.4028235E+38 3.4028235E+38 3.4028235E+38 3.4028235E+38 3.4028235E+38 3.4028235E+38 3.4028235E+38 3.4028235E+38 3.4028235E+38 3.4028235E+38 0.1318384 0.1349426 0.1378865 0.1407937 0.1437714 0.1466690 0.1495821 0.1520181 0.1538559 0.1560268 0.1571550 0.1591702 0.1620686 0.1641204 0.1656916 0.1678889 0.1701940 0.1720132 0.1735058 0.1754455 0.1774200 0.1930245 0.2089391 0.2229923 0.2327584 0.2431036 0.2533608 0.2641635 0.2699321 0.2708982 0.2728345 0.2742513
3.4028235E+38 3.4028235E+38 3.4028235E+38 3.4028235E+38 3.4028235E+38 3.4028235E+38 3.4028235E+38 3.4028235E+38 3.4028235E+38 3.4028235E+38 3.4028235E+38 3.4028235E+38 3.4028235E+38 3.4028235E+38 3.4028235E+38 3.4028235E+38 3.4028235E+38 3.4028235E+38 3.4028235E+38 3.4028235E+38 3.4028235E+38 3.4028235E+38 3.4028235E+38 0.1309987 0.1339282 0.1367578 0.1395618 0.1422918 0.1447338 0.1477240 0.1514825 0.1519719 0.1533436 0.1550038 0.1567231 0.1590730 0.1606381 0.1625405 0.1646989 0.1657813 0.1671627 0.1687390 0.1703704 0.1726224 0.1878419 0.2025332 0.2159399 0.2254346 0.2352252 0.2445614 0.2543597 0.2563021 0.2583122 0.2598633 0.2615902
3.4028235E+38 3.4028235E+38 3.4028235E+38 3.4028235E+38 3.4028235E+38 3.4028235E+38 3.4028235E+38 3.4028235E+38 3.4028235E+38 3.4028235E+38 3.4028235E+38 3.4028235E+38 3.4028235E+38 3.4028235E+38 3.4028235E+38 3.4028235E+38 3.4028235E+38 3.4028235E+38 3.4028235E+38 3.4028235E+38 3.4028235E+38 3.4028235E+38 3.4028235E+38 0.1300449 0.1328734 0.1355349 0.1382138 0.1406147 0.1431658 0.1457781 0.1477868 0.1496531 0.1510798 0.1526909 0.1541028 0.1558547 0.1576080 0.1596757 0.1612251 0.1622773 0.1636364 0.1648879 0.1661783 0.1680284 0.1830340 0.1982819 0.2098467 0.2188571 0.2279950 0.2361798 0.2435717 0.2452313 0.2469409 0.2481166 0.2489693
3.4028235E+38 3.4028235E+38 3.4028235E+38 3.4028235E+38 3.4028235E+38 3.4028235E+38 3.4028235E+38 3.4028235E+38 3.4028235E+38 3.4028235E+38 3.4028235E+38 3.4028235E+38 3.4028235E+38 3.4028235E+38 3.4028235E+38 3.4028235E+38 3.4028235E+38 3.4028235E+38 3.4028235E+38 3.4028235E+38 3.4028235E+38 3.4028235E+38 3.4028235E+38 0.1290870 0.1317707 0.1341601 0.1364834 0.1387124 0.1409986 0.1433754 0.1452506 0.1471955 0.1487494 0.1503492 0.1519828 0.1531937 0.1549674 0.1558927 0.1572253 0.1586432 0.1603672 0.1615160 0.1621063 0.1631159 0.1778784 0.1929309 0.2031892 0.2116696 0.2213963 0.2299275 0.2344551 0.2341335 0.2362181 0.2370049 0.2367085
