LUCAS_GEMMES_COP27/includes/subsidence/Scenario_B1/TOT_SUBSIDENCE_2050_SINCE_2018_MKD_ONLY.ASC
NCOLS                318
NROWS                364
XLLCORNER      400000.00
YLLCORNER      907000.00
CELLSIZE         1000.00
NODATA_VALUE    0.3402823E+39
[rows 240 to 263 of 364, columns 110 to 164 of 318]
0.6262953 0.6297348 0.6282319 0.6261226 0.6264811 0.6282235 0.6318724 0.6339296 0.6352930 0.6378241 0.6398374 0.6392121 0.6381670 0.6395691 0.6439258 0.6389736 0.6426622 0.6403386 0.6400733 0.6463950 0.6427532 0.6429212 0.6464192 0.6539974 0.6524214 0.6548504 0.6551585 0.6559303 0.6537998 0.6521859 0.6538081 0.6570454 0.6572944 0.6557662 0.6550905 0.6451069 0.6405973 0.6408923 0.6359671 0.6330070 0.6291339 0.6267806 0.6202461 0.6110182 0.6075855 0.6062161 0.6009731 0.5921603 0.5847096 0.5766195 0.5641001 0.5648321 0.5568953 0.5505247 0.5431886
0.6190935 0.6368201 0.6359109 0.6336343 0.6336504 0.6336991 0.6368163 0.6415060 0.6397896 0.6410358 0.6449549 0.6460849 0.6449522 0.6455857 0.6450558 0.6462348 0.6489022 0.6457868 0.6432540 0.6467919 0.6499938 0.6501659 0.6499019 0.6538069 0.6596974 0.6595434 0.6585662 0.6590782 0.6623827 0.6682176 0.6630442 0.6625408 0.6620808 0.6617119 0.6611944 0.6581305 0.6469154 0.6482889 0.6431750 0.6376954 0.6337132 0.6298132 0.6258731 0.6241714 0.6120096 0.6102475 0.6043854 0.5993088 0.5942252 0.5842018 0.5704166 0.5644686 0.5640960 0.5574488 0.5503319
0.6191551 0.6405008 0.6384219 0.6392292 0.6417093 0.6411673 0.6419570 0.6442288 0.6458421 0.6489500 0.6507658 0.6512483 0.6514545 0.6538221 0.6526498 0.6528420 0.6566983 0.6544144 0.6492671 0.6499624 0.6528472 0.6573938 0.6581944 0.6600372 0.6649798 0.6615863 0.6582625 0.6619661 0.6698559 0.6714528 0.6673687 0.6685839 0.6656073 0.6639795 0.6609902 0.6597394 0.6522396 0.6502206 0.6476185 0.6431254 0.6403984 0.6386251 0.6320060 0.6274333 0.6175082 0.6122598 0.6106355 0.6074237 0.5983228 0.5917369 0.5842657 0.5713820 0.5645119 0.5671315 0.5577198
0.6189213 0.6445467 0.6449211 0.6459563 0.6438260 0.6444498 0.6491528 0.6504276 0.6514196 0.6528859 0.6544652 0.6538490 0.6547171 0.6597285 0.6606809 0.6578507 0.6582744 0.6601468 0.6554105 0.6534011 0.6552103 0.6622226 0.6639720 0.6692129 0.6675960 0.6695870 0.6658127 0.6702475 0.6732209 0.6713319 0.6696578 0.6688361 0.6674834 0.6680150 0.6633230 0.6650727 0.6613247 0.6528269 0.6523962 0.6488436 0.6455599 0.6420242 0.6383274 0.6337548 0.6241375 0.6176988 0.6115555 0.6117311 0.6038982 0.6006610 0.5912602 0.5839052 0.5714558 0.5644795 0.5653512
0.6179100 0.6373511 0.6521064 0.6509296 0.6490113 0.6477315 0.6510463 0.6551156 0.6570903 0.6565211 0.6566972 0.6561583 0.6617690 0.6644601 0.6654854 0.6634552 0.6625960 0.6616158 0.6604362 0.6624256 0.6660281 0.6680482 0.6642330 0.6686409 0.6702603 0.6754342 0.6685033 0.6709434 0.6760336 0.6744926 0.6734309 0.6718984 0.6709952 0.6724844 0.6648663 0.6654974 0.6652993 0.6581436 0.6558241 0.6540117 0.6502925 0.6485865 0.6387541 0.6332532 0.6277180 0.6298829 0.6213486 0.6148928 0.6104702 0.6015314 0.5929954 0.5904596 0.5862219 0.5719603 0.5712948
0.6157585 0.6362627 0.6496326 0.6504061 0.6538062 0.6556848 0.6554233 0.6560990 0.6586999 0.6624867 0.6632973 0.6605871 0.6653824 0.6666932 0.6677274 0.6651978 0.6619463 0.6620935 0.6636578 0.6695091 0.6732253 0.6743062 0.6722535 0.6749172 0.6761954 0.6754034 0.6752061 0.6751040 0.6760618 0.6743934 0.6771272 0.6758715 0.6750550 0.6750702 0.6681470 0.6739106 0.6684118 0.6646357 0.6577599 0.6564538 0.6545307 0.6506443 0.6434789 0.6338968 0.6358227 0.6337175 0.6260237 0.6151077 0.6131446 0.6012666 0.5919870 0.5926046 0.5868698 0.5715541 0.5644573
0.6133497 0.6310670 0.6505973 0.6487885 0.6538202 0.6567165 0.6580849 0.6571524 0.6601153 0.6634600 0.6684000 0.6673959 0.6668319 0.6670103 0.6668960 0.6671616 0.6607887 0.6620301 0.6726400 0.6739732 0.6770376 0.6781002 0.6801710 0.6819769 0.6810377 0.6830118 0.6845953 0.6861089 0.6823385 0.6769319 0.6775560 0.6768490 0.6767106 0.6760428 0.6746615 0.6796934 0.6725352 0.6690693 0.6624349 0.6531258 0.6574100 0.6571219 0.6490312 0.6433113 0.6392241 0.6332441 0.6294528 0.6188579 0.6100894 0.6010288 0.5931242 0.5954275 0.5880742 0.5795099 0.5657868
0.6110467 0.6279953 0.6401945 0.6509273 0.6532037 0.6562109 0.6583438 0.6595697 0.6646895 0.6653331 0.6668315 0.6672431 0.6679354 0.6686409 0.6646594 0.6617320 0.6634921 0.6670800 0.6733139 0.6769513 0.6779225 0.6801109 0.6853014 0.6842465 0.6856793 0.6874929 0.6858946 0.6842471 0.6807037 0.6794236 0.6751109 0.6736981 0.6752506 0.6737767 0.6742812 0.6762363 0.6735038 0.6708612 0.6625890 0.6509031 0.6586637 0.6582551 0.6508561 0.6457797 0.6400057 0.6319419 0.6264066 0.6219838 0.6157911 0.6074496 0.6005636 0.5942876 0.5840024 0.5805840 0.5695989
0.6082875 0.6250896 0.6397226 0.6514835 0.6558519 0.6595381 0.6624676 0.6637127 0.6655936 0.6671662 0.6696599 0.6698017 0.6695310 0.6700696 0.6626093 0.6613644 0.6644077 0.6683478 0.6732440 0.6753443 0.6782392 0.6781255 0.6802685 0.6852984 0.6887990 0.6931944 0.6857412 0.6824593 0.6807628 0.6810453 0.6810735 0.6787080 0.6752962 0.6756371 0.6775870 0.6731012 0.6726413 0.6720625 0.6633304 0.6521198 0.6513252 0.6569661 0.6510495 0.6446276 0.6405302 0.6335343 0.6263244 0.6150550 0.6123757 0.6029769 0.5965490 0.5943159 0.5904460 0.5825336 0.5751696
0.6045502 0.6205485 0.6379750 0.6554723 0.6554523 0.6619620 0.6642399 0.6675546 0.6683400 0.6707107 0.6715690 0.6709999 0.6701832 0.6674895 0.6677113 0.6682454 0.6701905 0.6700344 0.6747890 0.6797512 0.6817640 0.6833947 0.6816616 0.6835205 0.6893113 0.6903576 0.6850579 0.6827242 0.6822357 0.6848656 0.6827736 0.6828420 0.6805334 0.6767852 0.6716279 0.6694335 0.6703916 0.6717294 0.6671046 0.6608880 0.6552956 0.6587091 0.6455209 0.6330222 0.6319342 0.6339574 0.6268556 0.6146914 0.6143317 0.6100845 0.6022952 0.5915478 0.5889646 0.5799928 0.5770375
0.6008869 0.6155143 0.6340735 0.6486233 0.6585960 0.6628864 0.6680005 0.6723179 0.6728340 0.6726863 0.6733282 0.6728129 0.6684636 0.6706822 0.6729078 0.6745130 0.6764966 0.6773175 0.6799385 0.6821007 0.6846758 0.6859507 0.6860936 0.6858536 0.6864980 0.6867970 0.6907523 0.6854570 0.6816990 0.6823852 0.6833894 0.6864486 0.6811191 0.6753929 0.6669894 0.6642483 0.6672098 0.6718261 0.6645796 0.6555083 0.6520403 0.6490387 0.6370509 0.6297300 0.6263855 0.6289848 0.6239132 0.6169069 0.6117902 0.6144781 0.6042634 0.5960277 0.5879986 0.5758340 0.5665408
0.6020619 0.6188970 0.6343635 0.6493003 0.6613385 0.6693652 0.6756108 0.6776833 0.6767772 0.6757621 0.6765205 0.6722351 0.6718363 0.6727431 0.6748558 0.6770617 0.6805459 0.6847938 0.6889371 0.6892502 0.6878816 0.6875831 0.6866084 0.6841403 0.6838533 0.6913368 0.6911280 0.6869529 0.6823901 0.6825919 0.6840588 0.6831632 0.6772431 0.6713811 0.6672237 0.6623895 0.6608021 0.6590426 0.6554224 0.6518719 0.6517575 0.6486324 0.6449248 0.6330930 0.6225432 0.6253812 0.6217092 0.6165910 0.6030165 0.5965306 0.5889175 0.5762982 0.5726948 0.5598173 0.5490661
0.5990925 0.6179745 0.6343280 0.6522494 0.6684061 0.6741252 0.6829450 0.6840330 0.6834386 0.6782112 0.6810039 0.6827358 0.6836454 0.6788205 0.6771678 0.6814783 0.6840373 0.6857993 0.6906087 0.6890723 0.6875637 0.6910966 0.6881781 0.6869663 0.6855898 0.6886669 0.6883135 0.6863662 0.6843510 0.6864111 0.6830703 0.6807702 0.6716571 0.6700301 0.6641374 0.6656290 0.6616721 0.6594296 0.6579190 0.6541988 0.6438333 0.6382060 0.6320913 0.6197120 0.6110984 0.6128670 0.6068542 0.5983957 0.5893865 0.5813809 0.5739261 0.5601905 0.5504228 0.5456989 0.5350417
0.5974535 0.6159849 0.6369405 0.6572253 0.6728367 0.6864963 0.6963398 0.6945645 0.6890359 0.6889024 0.6888192 0.6875257 0.6888944 0.6846241 0.6842768 0.6880848 0.6888086 0.6873230 0.6903384 0.6893963 0.6877505 0.6901808 0.6895159 0.6894490 0.6902080 0.6880913 0.6849574 0.6846595 0.6806186 0.6806359 0.6763190 0.6770185 0.6663127 0.6642922 0.6559652 0.6575457 0.6523713 0.6489103 0.6474297 0.6399411 0.6331177 0.6278167 0.6185569 0.6069198 0.6008761 0.5995798 0.5905838 0.5819072 0.5736182 0.5660853 0.5570335 0.5482750 0.5352069 0.5303648 0.5198686
0.5957674 0.6153250 0.6364912 0.6580029 0.6783293 0.6994978 0.7208192 0.7101363 0.7027437 0.6964613 0.6931999 0.6924508 0.6914265 0.6880038 0.6900650 0.6925383 0.6912615 0.6880616 0.6930882 0.6899808 0.6869529 0.6881521 0.6879429 0.6905965 0.6876901 0.6844853 0.6785957 0.6736649 0.6682026 0.6651678 0.6611353 0.6601933 0.6560272 0.6528319 0.6459283 0.6438939 0.6376160 0.6369152 0.6307790 0.6252180 0.6202457 0.6134185 0.6044207 0.5943296 0.5903877 0.5836614 0.5747862 0.5657408 0.5572746 0.5511234 0.5419166 0.5340519 0.5218868 0.5161242 0.5028172
0.5941739 0.6146957 0.6351860 0.6586539 0.6864141 0.7123281 0.7337959 0.7273911 0.7125663 0.7039388 0.6978513 0.6940540 0.6924751 0.6919672 0.6943227 0.6950539 0.6878482 0.6864059 0.6869363 0.6844018 0.6806322 0.6785694 0.6729656 0.6744260 0.6743902 0.6735412 0.6697808 0.6669635 0.6638768 0.6600933 0.6558719 0.6484892 0.6411096 0.6393664 0.6356409 0.6276544 0.6225933 0.6210666 0.6152109 0.6100283 0.6040443 0.5964186 0.5821983 0.5767527 0.5743098 0.5674760 0.5596251 0.5499206 0.5415453 0.5342708 0.5255065 0.5176893 0.5053566 0.4956100 0.4880673
0.5920392 0.6141273 0.6346782 0.6601655 0.6905311 0.7296427 0.7644556 0.7208656 0.7233663 0.7094227 0.7017202 0.6966721 0.6957945 0.6946719 0.6927876 0.6917784 0.6878494 0.6829851 0.6779028 0.6797967 0.6732219 0.6666374 0.6693605 0.6700685 0.6638321 0.6613676 0.6569567 0.6585917 0.6538301 0.6509231 0.6441419 0.6356993 0.6289662 0.6275969 0.6222451 0.6137825 0.6113966 0.6053143 0.5999705 0.5964244 0.5887018 0.5808990 0.5683215 0.5639538 0.5590721 0.5527258 0.5435841 0.5349523 0.5263153 0.5189350 0.5104544 0.5028768 0.4934518 0.4792813 0.4648214
0.5875648 0.6103522 0.6326444 0.6579829 0.6846232 0.7136596 0.7343419 0.7243139 0.7131250 0.7041144 0.6982132 0.6924593 0.6901646 0.6931812 0.6902082 0.6854434 0.6834160 0.6804703 0.6740801 0.6695719 0.6643986 0.6611663 0.6648852 0.6659532 0.6604171 0.6554223 0.6498229 0.6448852 0.6422391 0.6362232 0.6274378 0.6208907 0.6151231 0.6112176 0.6058215 0.5993287 0.5995946 0.5918541 0.5851536 0.5799114 0.5731564 0.5635791 0.5571736 0.5512878 0.5430277 0.5354410 0.5275999 0.5192913 0.5109209 0.5034708 0.4942247 0.4818468 0.4681103 0.4522846 0.4393594
0.5815387 0.5986974 0.6279581 0.6529433 0.6777312 0.7019150 0.7091352 0.7060119 0.7010818 0.6950319 0.6904209 0.6868875 0.6828355 0.6800967 0.6763147 0.6751040 0.6751180 0.6740269 0.6676195 0.6637189 0.6607807 0.6524633 0.6490169 0.6476743 0.6487608 0.6458715 0.6417811 0.6340972 0.6300124 0.6198671 0.6121112 0.6066993 0.6014165 0.5971019 0.5935889 0.5848399 0.5833789 0.5766848 0.5685343 0.5626667 0.5555750 0.5478896 0.5430927 0.5354698 0.5261534 0.5183342 0.5111527 0.5035411 0.4950272 0.4837458 0.4697084 0.4556592 0.4416449 0.4268000 0.4126979
0.5758470 0.5986687 0.6229359 0.6449052 0.6697014 0.6875801 0.6903632 0.6881953 0.6867862 0.6811909 0.6780370 0.6780628 0.6760972 0.6723440 0.6671393 0.6637783 0.6633434 0.6607137 0.6572635 0.6542327 0.6522160 0.6479553 0.6454664 0.6396159 0.6367162 0.6328057 0.6296163 0.6217460 0.6160753 0.6064955 0.5998530 0.5941764 0.5891727 0.5823033 0.5754923 0.5672225 0.5662726 0.5606894 0.5499068 0.5414814 0.5385152 0.5344512 0.5253853 0.5170467 0.5086448 0.5007885 0.4931474 0.4827077 0.4705772 0.4583205 0.4449539 0.4310085 0.4137865 0.4051117 0.3978022
0.5697759 0.5920257 0.6148138 0.6375239 0.6618248 0.6743371 0.6781108 0.6756440 0.6754414 0.6693130 0.6672989 0.6694447 0.6673329 0.6647767 0.6591999 0.6569405 0.6556293 0.6524345 0.6498917 0.6448421 0.6419733 0.6376505 0.6354485 0.6305455 0.6241161 0.6181760 0.6153846 0.6095083 0.6025758 0.5943882 0.5876421 0.5824032 0.5782261 0.5712916 0.5615051 0.5530032 0.5479664 0.5462552 0.5333893 0.5254740 0.5240513 0.5175254 0.5083765 0.5014858 0.4926223 0.4807259 0.4693832 0.4598441 0.4460229 0.4341994 0.4216470 0.4070823 0.4020153 0.3946010 0.3849680
0.5614938 0.5878725 0.6098977 0.6316895 0.6549125 0.6684968 0.6660026 0.6633689 0.6635783 0.6598960 0.6558320 0.6573240 0.6561599 0.6534999 0.6510744 0.6486058 0.6450034 0.6409540 0.6367230 0.6351579 0.6321635 0.6263240 0.6238600 0.6194286 0.6124059 0.6059085 0.6021796 0.5934522 0.5878248 0.5820020 0.5753316 0.5690073 0.5636375 0.5569569 0.5460789 0.5400299 0.5359973 0.5302584 0.5194988 0.5102426 0.5086219 0.5007510 0.4917013 0.4816134 0.4698434 0.4572394 0.4453507 0.4339845 0.4217294 0.4064290 0.4001825 0.3943064 0.3884684 3.4028235E+38 3.4028235E+38
0.5544825 0.5805861 0.6023213 0.6248163 0.6423508 0.6476176 0.6507077 0.6490892 0.6489297 0.6476202 0.6448401 0.6448423 0.6441398 0.6415178 0.6400604 0.6380517 0.6338503 0.6283460 0.6254054 0.6268942 0.6226300 0.6150328 0.6122978 0.6079662 0.6011537 0.5953238 0.5894655 0.5820396 0.5755283 0.5714409 0.5642157 0.5584675 0.5519800 0.5435866 0.5329669 0.5279585 0.5212092 0.5131490 0.5050834 0.4954931 0.4910783 0.4802531 0.4680346 0.4574135 0.4482880 0.4362082 0.4218229 0.4121735 0.3984341 0.3941503 3.4028235E+38 3.4028235E+38 3.4028235E+38 3.4028235E+38 3.4028235E+38
0.5461943 0.5691781 0.5917618 0.6136343 0.6237060 0.6297807 0.6334994 0.6337099 0.6321719 0.6311848 0.6336243 0.6344647 0.6325235 0.6296711 0.6276605 0.6271204 0.6241408 0.6188343 0.6190413 0.6160583 0.6118095 0.6032389 0.6008403 0.5960964 0.5894650 0.5838412 0.5782249 0.5727928 0.5646634 0.5609148 0.5545747 0.5483460 0.5406148 0.5317413 0.5196483 0.5153605 0.5074956 0.4984795 0.4881792 0.4775935 0.4692839 0.4574367 0.4458057 0.4356722 0.4240993 0.4082298 0.3966455 0.3922357 0.3864958 3.4028235E+38 3.4028235E+38 3.4028235E+38 3.4028235E+38 3.4028235E+38 3.4028235E+38
