LUCAS_GEMMES_COP27/includes/subsidence/Scenario_B1/TOT_SUBSIDENCE_2050_SINCE_2018_MKD_ONLY.ASC
NCOLS                318
NROWS                364
XLLCORNER      400000.00
YLLCORNER      907000.00
CELLSIZE         1000.00
NODATA_VALUE    0.3402823E+39
[rows 96 to 119 of 364, columns 165 to 219 of 318]
0.1415464 0.1421069 0.1428261 0.1432013 0.1434123 0.1433188 0.1438594 0.1436609 0.1438660 0.1442855 0.1445241 0.1448079 0.1451735 0.1456998 0.1469434 0.1484339 0.1494405 0.1511133 0.1535469 0.1561793 0.1575781 0.1585402 0.1586797 0.1595759 0.1614730 0.1621673 0.1626921 0.1636312 0.1635326 0.1639553 0.1644921 0.1650066 0.1654119 0.1657635 0.1659880 0.1661005 0.1661981 0.1662428 0.1663807 0.1665152 0.1655879 0.1658425 0.1650548 0.1644382 0.1644585 0.1641479 0.1634344 0.1624796 0.1621048 0.1608854 0.1601815 0.1594479 0.1592818 0.1586707 0.1601252
0.1412522 0.1418472 0.1429730 0.1433465 0.1432066 0.1434025 0.1432890 0.1433968 0.1431980 0.1435419 0.1438490 0.1441741 0.1440276 0.1442529 0.1452147 0.1468121 0.1480626 0.1494486 0.1516320 0.1534922 0.1553128 0.1562232 0.1564322 0.1574129 0.1596858 0.1609858 0.1617525 0.1624915 0.1623499 0.1630479 0.1636157 0.1640819 0.1645388 0.1649208 0.1651956 0.1654739 0.1656533 0.1653992 0.1658943 0.1662035 0.1657090 0.1651209 0.1642725 0.1634534 0.1629936 0.1626666 0.1618851 0.1609396 0.1605608 0.1586121 0.1586145 0.1590949 0.1598319 0.1606430 0.1622053
0.1416231 0.1420918 0.1426299 0.1429120 0.1431582 0.1430288 0.1434288 0.1434139 0.1428307 0.1431274 0.1433629 0.1436869 0.1433668 0.1433352 0.1439181 0.1452631 0.1467417 0.1478259 0.1500760 0.1516195 0.1539323 0.1554451 0.1560605 0.1569489 0.1588845 0.1597833 0.1598837 0.1607411 0.1615051 0.1621909 0.1627705 0.1633171 0.1637830 0.1644752 0.1643522 0.1644103 0.1646273 0.1646219 0.1650687 0.1648635 0.1646293 0.1638979 0.1635285 0.1630813 0.1630661 0.1626092 0.1615799 0.1602080 0.1582821 0.1590118 0.1609379 0.1604463 0.1609394 0.1619979 0.1637526
0.1428003 0.1425723 0.1428805 0.1436736 0.1436041 0.1435139 0.1436242 0.1433763 0.1429793 0.1429777 0.1432012 0.1431570 0.1427566 0.1427999 0.1427787 0.1435949 0.1447264 0.1459571 0.1478130 0.1497476 0.1518475 0.1534548 0.1548718 0.1561776 0.1574093 0.1587765 0.1589825 0.1599091 0.1607141 0.1615814 0.1620867 0.1626465 0.1631387 0.1635592 0.1637590 0.1636931 0.1638457 0.1640747 0.1641254 0.1637263 0.1635351 0.1632261 0.1628643 0.1624900 0.1626371 0.1624564 0.1616572 0.1605300 0.1594305 0.1607500 0.1606359 0.1617340 0.1628007 0.1635690 0.1652785
0.1434706 0.1434085 0.1435776 0.1439683 0.1437439 0.1436950 0.1435752 0.1433218 0.1432234 0.1427941 0.1426912 0.1423767 0.1423493 0.1420656 0.1417571 0.1418567 0.1430812 0.1429323 0.1455407 0.1480472 0.1499993 0.1522168 0.1540702 0.1550180 0.1560546 0.1574795 0.1580720 0.1590298 0.1598940 0.1609096 0.1617251 0.1619299 0.1625303 0.1632564 0.1631277 0.1631446 0.1632793 0.1633164 0.1631345 0.1631171 0.1628985 0.1626951 0.1624321 0.1619283 0.1618912 0.1621842 0.1611001 0.1596238 0.1602497 0.1617310 0.1625185 0.1621731 0.1642967 0.1658065 0.1676218
0.1434209 0.1440931 0.1438501 0.1442312 0.1439947 0.1438613 0.1432136 0.1434188 0.1431800 0.1425645 0.1419376 0.1416073 0.1411694 0.1407315 0.1402647 0.1399898 0.1399111 0.1411899 0.1437741 0.1467509 0.1490628 0.1511022 0.1531041 0.1540599 0.1551325 0.1565988 0.1575403 0.1586678 0.1594409 0.1602263 0.1613115 0.1616897 0.1620059 0.1625569 0.1628812 0.1630235 0.1631586 0.1631566 0.1624599 0.1623397 0.1622086 0.1621584 0.1618259 0.1616489 0.1613137 0.1614424 0.1605419 0.1600287 0.1612722 0.1626337 0.1638963 0.1637904 0.1641760 0.1664513 0.1686195
0.1443358 0.1442070 0.1442556 0.1443321 0.1442419 0.1439486 0.1437034 0.1432225 0.1429521 0.1420840 0.1414558 0.1409127 0.1402237 0.1394781 0.1386565 0.1380352 0.1378417 0.1408496 0.1434398 0.1464886 0.1486775 0.1499936 0.1516113 0.1531863 0.1547599 0.1560546 0.1574612 0.1583782 0.1590845 0.1598943 0.1607937 0.1612972 0.1616308 0.1621749 0.1622683 0.1622277 0.1623422 0.1623012 0.1621506 0.1621383 0.1619724 0.1618932 0.1612323 0.1611435 0.1612219 0.1613809 0.1602421 0.1608810 0.1623821 0.1632802 0.1650939 0.1659937 0.1665967 0.1678599 0.1704941
0.1446379 0.1445801 0.1445325 0.1447252 0.1446220 0.1441554 0.1437605 0.1434995 0.1426726 0.1417975 0.1411483 0.1403147 0.1393801 0.1383173 0.1371392 0.1351468 0.1367505 0.1401286 0.1433273 0.1459029 0.1480442 0.1492801 0.1512355 0.1531464 0.1544749 0.1552934 0.1567902 0.1582699 0.1584677 0.1594630 0.1604042 0.1607371 0.1611166 0.1614973 0.1617337 0.1618667 0.1619659 0.1618997 0.1617503 0.1617568 0.1616756 0.1616170 0.1614093 0.1613461 0.1613334 0.1614309 0.1609864 0.1625810 0.1640315 0.1651627 0.1667992 0.1685158 0.1688266 0.1704163 0.1717021
0.1454860 0.1455715 0.1454852 0.1452013 0.1451458 0.1446465 0.1443901 0.1437584 0.1426397 0.1416495 0.1408675 0.1398544 0.1387241 0.1373241 0.1358833 0.1342303 0.1374699 0.1401069 0.1428558 0.1450074 0.1474290 0.1489919 0.1507040 0.1522222 0.1535641 0.1541722 0.1548570 0.1569806 0.1580537 0.1589488 0.1598427 0.1602587 0.1607228 0.1610154 0.1613781 0.1618399 0.1620151 0.1616345 0.1614025 0.1614366 0.1614383 0.1613489 0.1613869 0.1616396 0.1615391 0.1609401 0.1619460 0.1637030 0.1651711 0.1663004 0.1678380 0.1694885 0.1707519 0.1720518 0.1743741
0.1463798 0.1465801 0.1461896 0.1458798 0.1454423 0.1448030 0.1442021 0.1441359 0.1430248 0.1416415 0.1408369 0.1396107 0.1386514 0.1370293 0.1341262 0.1342781 0.1378168 0.1402929 0.1423777 0.1445694 0.1475724 0.1493683 0.1504648 0.1520251 0.1534517 0.1545918 0.1551928 0.1567315 0.1576580 0.1586354 0.1592785 0.1597974 0.1603364 0.1607349 0.1607555 0.1612386 0.1615563 0.1611931 0.1610581 0.1612294 0.1613151 0.1613062 0.1618600 0.1614618 0.1615536 0.1619699 0.1639795 0.1648876 0.1661146 0.1677288 0.1695456 0.1711696 0.1730959 0.1743330 0.1770309
0.1469037 0.1470445 0.1466813 0.1461835 0.1460995 0.1454157 0.1443231 0.1439289 0.1430220 0.1417749 0.1408119 0.1395662 0.1382897 0.1370352 0.1352368 0.1360351 0.1387111 0.1410184 0.1421979 0.1445163 0.1475573 0.1484465 0.1498592 0.1517013 0.1525420 0.1534411 0.1552216 0.1564529 0.1572673 0.1580786 0.1588578 0.1594018 0.1601309 0.1608193 0.1607897 0.1607083 0.1607550 0.1607605 0.1610959 0.1610814 0.1610743 0.1611792 0.1610135 0.1613515 0.1606587 0.1623642 0.1647300 0.1661763 0.1676987 0.1692030 0.1711501 0.1729564 0.1750731 0.1766389 0.1788214
0.1478058 0.1476906 0.1475639 0.1472060 0.1466687 0.1461249 0.1449302 0.1441384 0.1431348 0.1420404 0.1404229 0.1391651 0.1383845 0.1367566 0.1365810 0.1383454 0.1399682 0.1420881 0.1432804 0.1451415 0.1470685 0.1480488 0.1491925 0.1514024 0.1518179 0.1525369 0.1549523 0.1564329 0.1569560 0.1578028 0.1583689 0.1589945 0.1595271 0.1599058 0.1606533 0.1605751 0.1605551 0.1606890 0.1607091 0.1608709 0.1608960 0.1605676 0.1615459 0.1612222 0.1608857 0.1633160 0.1653435 0.1673504 0.1691549 0.1708008 0.1725540 0.1747718 0.1771758 0.1793756 0.1806321
0.1492675 0.1490038 0.1485337 0.1481705 0.1480164 0.1470186 0.1459309 0.1451631 0.1438210 0.1424251 0.1409654 0.1402447 0.1386919 0.1380998 0.1389289 0.1400045 0.1412747 0.1427491 0.1441323 0.1461007 0.1476328 0.1495246 0.1507611 0.1513660 0.1527435 0.1531894 0.1547221 0.1557305 0.1567379 0.1577509 0.1581209 0.1584992 0.1589370 0.1593754 0.1598637 0.1600553 0.1603023 0.1603928 0.1603330 0.1606713 0.1607712 0.1608533 0.1609292 0.1604196 0.1619494 0.1642734 0.1665912 0.1687583 0.1705029 0.1720531 0.1744944 0.1767727 0.1795466 0.1816003 0.1824964
0.1502978 0.1501886 0.1493016 0.1492690 0.1491322 0.1479657 0.1472087 0.1458908 0.1444665 0.1431312 0.1415438 0.1407751 0.1400102 0.1403805 0.1406820 0.1414076 0.1426883 0.1438714 0.1448063 0.1462256 0.1475529 0.1493153 0.1496072 0.1505122 0.1525054 0.1535332 0.1547092 0.1556446 0.1563050 0.1570881 0.1582429 0.1585153 0.1588629 0.1593082 0.1595229 0.1598797 0.1600042 0.1600303 0.1602110 0.1604721 0.1606400 0.1608433 0.1612426 0.1616568 0.1633274 0.1654522 0.1668524 0.1691006 0.1712929 0.1735027 0.1757500 0.1773691 0.1800929 0.1827729 0.1849423
0.1511589 0.1513391 0.1504619 0.1503986 0.1506939 0.1496564 0.1481757 0.1468521 0.1455474 0.1440102 0.1430371 0.1425946 0.1421431 0.1421869 0.1424147 0.1430880 0.1440412 0.1454720 0.1460972 0.1469171 0.1482755 0.1492209 0.1495280 0.1511330 0.1525854 0.1535325 0.1546909 0.1554822 0.1563233 0.1569464 0.1578261 0.1583002 0.1587317 0.1591225 0.1593330 0.1599510 0.1598733 0.1600440 0.1600972 0.1603366 0.1607222 0.1608263 0.1612639 0.1623133 0.1638941 0.1654581 0.1673532 0.1691758 0.1730392 0.1745923 0.1765458 0.1777507 0.1801718 0.1834493 0.1854950
0.1531123 0.1526396 0.1519443 0.1521174 0.1521115 0.1510163 0.1495918 0.1485023 0.1471442 0.1463893 0.1452087 0.1443911 0.1439231 0.1437481 0.1439934 0.1445429 0.1451552 0.1461733 0.1469455 0.1477089 0.1485990 0.1496066 0.1506267 0.1516910 0.1527991 0.1536024 0.1546221 0.1554557 0.1561761 0.1568281 0.1572657 0.1580020 0.1584274 0.1589017 0.1590873 0.1595296 0.1596495 0.1596783 0.1599283 0.1602462 0.1605468 0.1606857 0.1612464 0.1628731 0.1644514 0.1660961 0.1685555 0.1702925 0.1722239 0.1756412 0.1781079 0.1801725 0.1825407 0.1855116 0.1877592
0.1549972 0.1544311 0.1538048 0.1537742 0.1532953 0.1524456 0.1513818 0.1506526 0.1490168 0.1478969 0.1467220 0.1463041 0.1456905 0.1455537 0.1456091 0.1465320 0.1467752 0.1474154 0.1478248 0.1485417 0.1492417 0.1500989 0.1509071 0.1519621 0.1528512 0.1536407 0.1547552 0.1553083 0.1560608 0.1565216 0.1570412 0.1575577 0.1581970 0.1587317 0.1588325 0.1592133 0.1591046 0.1592947 0.1596490 0.1600476 0.1603497 0.1606063 0.1609357 0.1633266 0.1654119 0.1675192 0.1692817 0.1709104 0.1736892 0.1770064 0.1794875 0.1820593 0.1844170 0.1870275 0.1893031
0.1563945 0.1564975 0.1553240 0.1549476 0.1544354 0.1534713 0.1526993 0.1518618 0.1508453 0.1473369 0.1480933 0.1480703 0.1475737 0.1470461 0.1471139 0.1476015 0.1474628 0.1479652 0.1487034 0.1495825 0.1501160 0.1506548 0.1512552 0.1522270 0.1530390 0.1536600 0.1546419 0.1553114 0.1558267 0.1558415 0.1566647 0.1573856 0.1578125 0.1584448 0.1584742 0.1586878 0.1588171 0.1592097 0.1593232 0.1597632 0.1601292 0.1602362 0.1610375 0.1639061 0.1661794 0.1685711 0.1710795 0.1734084 0.1755675 0.1779117 0.1805958 0.1834110 0.1856307 0.1884458 0.1912925
0.1583739 0.1581547 0.1573955 0.1567004 0.1561427 0.1553288 0.1542127 0.1539404 0.1526772 0.1500490 0.1494673 0.1492369 0.1487235 0.1487633 0.1484533 0.1485516 0.1487379 0.1490302 0.1496767 0.1503848 0.1508398 0.1511716 0.1516804 0.1525574 0.1531751 0.1537220 0.1546328 0.1553208 0.1557700 0.1556858 0.1568708 0.1573390 0.1575299 0.1578727 0.1581383 0.1583444 0.1587812 0.1590309 0.1590558 0.1593446 0.1596444 0.1599640 0.1621706 0.1645250 0.1677435 0.1698990 0.1723487 0.1747972 0.1773551 0.1793461 0.1819081 0.1845655 0.1868961 0.1894168 0.1923622
0.1610464 0.1603317 0.1595418 0.1599713 0.1579846 0.1566223 0.1558898 0.1553003 0.1537865 0.1516804 0.1506523 0.1502744 0.1504077 0.1503262 0.1495694 0.1490158 0.1498128 0.1501312 0.1506480 0.1508596 0.1514005 0.1517932 0.1521268 0.1528188 0.1534033 0.1539700 0.1547203 0.1552892 0.1557992 0.1564606 0.1573559 0.1574069 0.1573890 0.1574987 0.1578838 0.1583148 0.1585394 0.1586022 0.1585180 0.1588794 0.1591955 0.1598750 0.1631044 0.1653500 0.1683223 0.1709046 0.1729499 0.1759459 0.1784463 0.1806501 0.1831137 0.1861273 0.1887564 0.1910008 0.1940985
0.1621387 0.1620061 0.1620949 0.1610016 0.1594375 0.1584726 0.1577985 0.1566203 0.1549866 0.1533773 0.1520409 0.1512957 0.1515450 0.1514296 0.1507812 0.1499000 0.1506175 0.1506321 0.1512558 0.1515043 0.1518887 0.1522493 0.1526441 0.1531341 0.1537008 0.1540324 0.1548151 0.1554609 0.1558463 0.1565153 0.1567154 0.1570699 0.1569377 0.1571635 0.1576293 0.1577747 0.1579640 0.1580770 0.1581070 0.1587463 0.1591257 0.1611218 0.1640316 0.1665930 0.1688874 0.1718000 0.1737408 0.1763871 0.1795883 0.1822669 0.1845260 0.1868940 0.1896208 0.1924360 0.1956967
0.1645115 0.1639100 0.1635046 0.1622375 0.1609727 0.1601398 0.1593367 0.1581097 0.1571036 0.1558097 0.1528555 0.1527567 0.1529461 0.1534608 0.1526625 0.1521143 0.1522565 0.1521383 0.1524649 0.1524160 0.1529120 0.1531819 0.1533093 0.1539519 0.1542805 0.1543275 0.1547496 0.1554769 0.1560287 0.1564333 0.1567149 0.1567384 0.1568435 0.1569134 0.1575398 0.1575645 0.1575452 0.1579695 0.1580011 0.1584741 0.1592474 0.1620110 0.1647548 0.1677902 0.1699911 0.1725558 0.1756734 0.1778875 0.1810669 0.1837618 0.1863174 0.1880214 0.1911332 0.1944572 0.1969548
0.1674310 0.1658577 0.1645256 0.1629509 0.1622685 0.1615698 0.1605456 0.1588206 0.1580486 0.1581888 0.1564544 0.1553795 0.1556823 0.1544712 0.1540375 0.1538344 0.1536158 0.1533945 0.1538361 0.1534919 0.1532349 0.1529745 0.1537047 0.1544928 0.1547457 0.1547559 0.1550354 0.1554261 0.1560883 0.1564465 0.1564437 0.1566692 0.1570369 0.1567472 0.1573028 0.1576422 0.1574862 0.1575414 0.1577041 0.1582737 0.1607698 0.1634682 0.1658697 0.1684762 0.1717815 0.1739507 0.1766100 0.1792074 0.1818758 0.1851302 0.1876732 0.1899804 0.1924154 0.1951890 0.1980963
0.1686087 0.1674123 0.1657328 0.1639742 0.1634469 0.1625366 0.1611338 0.1598558 0.1590689 0.1589772 0.1580083 0.1572544 0.1564591 0.1554584 0.1547664 0.1544524 0.1549658 0.1545669 0.1546599 0.1546972 0.1535939 0.1538587 0.1545263 0.1552339 0.1554562 0.1552388 0.1556879 0.1557157 0.1560192 0.1562876 0.1564972 0.1569055 0.1569456 0.1566644 0.1572487 0.1574783 0.1575095 0.1575654 0.1571641 0.1579033 0.1617792 0.1647567 0.1676354 0.1698420 0.1731660 0.1752103 0.1772275 0.1810495 0.1831559 0.1857947 0.1891136 0.1915432 0.1935081 0.1962756 0.1989590
