LUCAS_GEMMES_COP27/includes/subsidence/Scenario_B1/TOT_SUBSIDENCE_2100_SINCE_2018_MKD_ONLY.ASC
NCOLS                318
NROWS                364
XLLCORNER      400000.00
YLLCORNER      907000.00
CELLSIZE         1000.00
NODATA_VALUE    0.3402823E+39
[rows 264 to 287 of 364, columns 55 to 109 of 318]
3.4028235E+38 3.4028235E+38 3.4028235E+38 3.4028235E+38 3.4028235E+38 3.4028235E+38 3.4028235E+38 3.4028235E+38 3.4028235E+38 3.4028235E+38 3.4028235E+38 3.4028235E+38 3.4028235E+38 3.4028235E+38 3.4028235E+38 3.4028235E+38 3.4028235E+38 3.4028235E+38 3.4028235E+38 3.4028235E+38 3.4028235E+38 3.4028235E+38 3.4028235E+38 3.4028235E+38 0.4933610 0.5077084 0.5196244 0.5332171 0.5469350 0.5589344 0.5734799 0.5897933 0.5993375 0.6114715 0.6235180 0.6360379 0.6489258 0.6621016 0.6760576 0.6883858 0.6999136 0.7130145 0.7202128 0.7638898 0.8113514 0.8589144 0.9003944 0.9543406 0.9971905 1.037272 1.082239 1.125793 1.170481 1.212335 1.259349
3.4028235E+38 3.4028235E+38 3.4028235E+38 3.4028235E+38 3.4028235E+38 3.4028235E+38 3.4028235E+38 3.4028235E+38 3.4028235E+38 3.4028235E+38 3.4028235E+38 3.4028235E+38 3.4028235E+38 3.4028235E+38 3.4028235E+38 3.4028235E+38 3.4028235E+38 3.4028235E+38 3.4028235E+38 3.4028235E+38 3.4028235E+38 3.4028235E+38 3.4028235E+38 3.4028235E+38 0.4880019 0.5021459 0.5156325 0.5306823 0.5442909 0.5583665 0.5688863 0.5830016 0.5927548 0.6041198 0.6159314 0.6282890 0.6412685 0.6539474 0.6674185 0.6811269 0.6926780 0.7026390 0.7117447 0.7540700 0.7995538 0.8435521 0.8875300 0.9405315 0.9832295 1.023431 1.063708 1.109857 1.155083 1.199009 1.244892
3.4028235E+38 3.4028235E+38 3.4028235E+38 3.4028235E+38 3.4028235E+38 3.4028235E+38 3.4028235E+38 3.4028235E+38 3.4028235E+38 3.4028235E+38 3.4028235E+38 3.4028235E+38 3.4028235E+38 3.4028235E+38 3.4028235E+38 3.4028235E+38 3.4028235E+38 3.4028235E+38 3.4028235E+38 3.4028235E+38 3.4028235E+38 3.4028235E+38 3.4028235E+38 3.4028235E+38 0.4859770 0.5003955 0.5131948 0.5250615 0.5383461 0.5502950 0.5623199 0.5743221 0.5871514 0.5964459 0.6081932 0.6202251 0.6329145 0.6455590 0.6598053 0.6721317 0.6868134 0.6951644 0.7027854 0.7441994 0.7879426 0.8321486 0.8800421 0.9275216 0.9696329 1.008225 1.046160 1.092932 1.138961 1.182129 1.227504
3.4028235E+38 3.4028235E+38 3.4028235E+38 3.4028235E+38 3.4028235E+38 3.4028235E+38 3.4028235E+38 3.4028235E+38 3.4028235E+38 3.4028235E+38 3.4028235E+38 3.4028235E+38 3.4028235E+38 3.4028235E+38 3.4028235E+38 3.4028235E+38 3.4028235E+38 3.4028235E+38 3.4028235E+38 3.4028235E+38 3.4028235E+38 3.4028235E+38 3.4028235E+38 3.4028235E+38 0.4810464 0.4948654 0.5075352 0.5198912 0.5336844 0.5442183 0.5556456 0.5668436 0.5796911 0.5886506 0.5999182 0.6130717 0.6242901 0.6372029 0.6507651 0.6666695 0.6885298 0.6881548 0.6927496 0.7344329 0.7746153 0.8216572 0.8659220 0.9123136 0.9533070 0.9933220 1.034543 1.073013 1.120896 1.166659 1.212778
3.4028235E+38 3.4028235E+38 3.4028235E+38 3.4028235E+38 3.4028235E+38 3.4028235E+38 3.4028235E+38 3.4028235E+38 3.4028235E+38 3.4028235E+38 3.4028235E+38 3.4028235E+38 3.4028235E+38 3.4028235E+38 3.4028235E+38 3.4028235E+38 3.4028235E+38 3.4028235E+38 3.4028235E+38 3.4028235E+38 3.4028235E+38 3.4028235E+38 3.4028235E+38 3.4028235E+38 0.4793224 0.4924414 0.5051216 0.5155181 0.5264636 0.5389022 0.5507284 0.5596567 0.5728488 0.5806714 0.5914531 0.6016909 0.6155083 0.6277914 0.6399138 0.6571892 0.6670510 0.6709144 0.6778970 0.7185907 0.7620783 0.8056939 0.8506926 0.8953630 0.9341309 0.9751231 1.017229 1.057585 1.102852 1.147834 1.193345
3.4028235E+38 3.4028235E+38 3.4028235E+38 3.4028235E+38 3.4028235E+38 3.4028235E+38 3.4028235E+38 3.4028235E+38 3.4028235E+38 3.4028235E+38 3.4028235E+38 3.4028235E+38 3.4028235E+38 3.4028235E+38 3.4028235E+38 3.4028235E+38 3.4028235E+38 3.4028235E+38 3.4028235E+38 3.4028235E+38 3.4028235E+38 3.4028235E+38 3.4028235E+38 3.4028235E+38 0.4744547 0.4877078 0.4996654 0.5114145 0.5236700 0.5331061 0.5423135 0.5512769 0.5640625 0.5723373 0.5831240 0.5928406 0.6055424 0.6171801 0.6295661 0.6421065 0.6491840 0.6529891 0.6649626 0.7069095 0.7493171 0.7910863 0.8364072 0.8806278 0.9203726 0.9607057 0.9993515 1.039553 1.087130 1.130407 1.174655
3.4028235E+38 3.4028235E+38 3.4028235E+38 3.4028235E+38 3.4028235E+38 3.4028235E+38 3.4028235E+38 3.4028235E+38 3.4028235E+38 3.4028235E+38 3.4028235E+38 3.4028235E+38 3.4028235E+38 3.4028235E+38 3.4028235E+38 3.4028235E+38 3.4028235E+38 3.4028235E+38 3.4028235E+38 3.4028235E+38 3.4028235E+38 3.4028235E+38 3.4028235E+38 3.4028235E+38 0.4710070 0.4883302 0.5009077 0.5095611 0.5186453 0.5289481 0.5350839 0.5436409 0.5567249 0.5667816 0.5739841 0.5836542 0.5959350 0.6057389 0.6162804 0.6276314 0.6368198 0.6449714 0.6529200 0.6921054 0.7330055 0.7772973 0.8234057 0.8665113 0.9047746 0.9416565 0.9818152 1.025828 1.068156 1.110408 1.145477
3.4028235E+38 3.4028235E+38 3.4028235E+38 3.4028235E+38 3.4028235E+38 3.4028235E+38 3.4028235E+38 3.4028235E+38 3.4028235E+38 3.4028235E+38 3.4028235E+38 3.4028235E+38 3.4028235E+38 3.4028235E+38 3.4028235E+38 3.4028235E+38 3.4028235E+38 3.4028235E+38 3.4028235E+38 3.4028235E+38 3.4028235E+38 3.4028235E+38 3.4028235E+38 3.4028235E+38 0.4687051 0.4886994 0.5013233 0.5106274 0.5180694 0.5214323 0.5283245 0.5365794 0.5473596 0.5548972 0.5656864 0.5751977 0.5866037 0.5969141 0.6043245 0.6127241 0.6204685 0.6289949 0.6394046 0.6781018 0.7183923 0.7622026 0.8063735 0.8486796 0.8842431 0.9231942 0.9655800 1.006332 1.048732 1.089938 1.129536
3.4028235E+38 3.4028235E+38 3.4028235E+38 3.4028235E+38 3.4028235E+38 3.4028235E+38 3.4028235E+38 3.4028235E+38 3.4028235E+38 3.4028235E+38 3.4028235E+38 3.4028235E+38 3.4028235E+38 3.4028235E+38 3.4028235E+38 3.4028235E+38 3.4028235E+38 3.4028235E+38 3.4028235E+38 3.4028235E+38 3.4028235E+38 3.4028235E+38 3.4028235E+38 3.4028235E+38 3.4028235E+38 0.4761952 0.4873912 0.4970014 0.5047062 0.5127031 0.5194895 0.5293632 0.5376948 0.5455840 0.5566379 0.5644355 0.5741407 0.5848454 0.5947111 0.6033838 0.6095725 0.6156267 0.6246268 0.6637100 0.7035447 0.7455966 0.7909399 0.8304386 0.8673977 0.9074935 0.9481382 0.9876196 1.025874 1.068601 1.111665
3.4028235E+38 3.4028235E+38 3.4028235E+38 3.4028235E+38 3.4028235E+38 3.4028235E+38 3.4028235E+38 3.4028235E+38 3.4028235E+38 3.4028235E+38 3.4028235E+38 3.4028235E+38 3.4028235E+38 3.4028235E+38 3.4028235E+38 3.4028235E+38 3.4028235E+38 3.4028235E+38 3.4028235E+38 3.4028235E+38 3.4028235E+38 3.4028235E+38 3.4028235E+38 3.4028235E+38 0.4538354 0.4662968 0.4777626 0.4857244 0.4954876 0.5045604 0.5106392 0.5198799 0.5284564 0.5348432 0.5458349 0.5549496 0.5625156 0.5720181 0.5829805 0.5899125 0.5965577 0.6059484 0.6121432 0.6519657 0.6913450 0.7306300 0.7739884 0.8145518 0.8534870 0.8903971 0.9271329 0.9660007 1.005559 1.046818 1.096444
3.4028235E+38 3.4028235E+38 3.4028235E+38 3.4028235E+38 3.4028235E+38 3.4028235E+38 3.4028235E+38 3.4028235E+38 3.4028235E+38 3.4028235E+38 3.4028235E+38 3.4028235E+38 3.4028235E+38 3.4028235E+38 3.4028235E+38 3.4028235E+38 3.4028235E+38 3.4028235E+38 3.4028235E+38 3.4028235E+38 3.4028235E+38 3.4028235E+38 3.4028235E+38 3.4028235E+38 0.4458939 0.4573758 0.4679165 0.4772215 0.4851031 0.4934016 0.5017218 0.5107684 0.5191662 0.5253315 0.5362846 0.5439872 0.5515593 0.5602967 0.5699536 0.5765550 0.5826074 0.5914570 0.5999833 0.6367751 0.6756487 0.7165728 0.7572622 0.7947261 0.8309960 0.8721408 0.9082799 0.9485241 0.9872385 1.023575 1.065933
3.4028235E+38 3.4028235E+38 3.4028235E+38 3.4028235E+38 3.4028235E+38 3.4028235E+38 3.4028235E+38 3.4028235E+38 3.4028235E+38 3.4028235E+38 3.4028235E+38 3.4028235E+38 3.4028235E+38 3.4028235E+38 3.4028235E+38 3.4028235E+38 3.4028235E+38 3.4028235E+38 3.4028235E+38 3.4028235E+38 3.4028235E+38 3.4028235E+38 3.4028235E+38 3.4028235E+38 0.4384948 0.4484819 0.4588293 0.4689072 0.4778668 0.4862346 0.4932452 0.5028507 0.5108113 0.5162879 0.5270813 0.5300270 0.5414647 0.5485003 0.5551053 0.5644667 0.5716121 0.5784032 0.5863125 0.6209975 0.6585626 0.7001739 0.7417329 0.7771149 0.8157880 0.8545647 0.8910644 0.9288714 0.9646115 1.000319 1.034800
3.4028235E+38 3.4028235E+38 3.4028235E+38 3.4028235E+38 3.4028235E+38 3.4028235E+38 3.4028235E+38 3.4028235E+38 3.4028235E+38 3.4028235E+38 3.4028235E+38 3.4028235E+38 3.4028235E+38 3.4028235E+38 3.4028235E+38 3.4028235E+38 3.4028235E+38 3.4028235E+38 3.4028235E+38 3.4028235E+38 3.4028235E+38 3.4028235E+38 3.4028235E+38 3.4028235E+38 0.4316267 0.4414867 0.4512665 0.4605851 0.4693615 0.4778010 0.4843066 0.4936596 0.5013497 0.5073686 0.5167930 0.5239831 0.5309338 0.5331133 0.5395619 0.5480798 0.5596706 0.5642730 0.5711240 0.6012629 0.6369188 0.6794649 0.7249199 0.7648289 0.7991033 0.8335574 0.8696828 0.9073440 0.9447597 0.9877226 1.011410
3.4028235E+38 3.4028235E+38 3.4028235E+38 3.4028235E+38 3.4028235E+38 3.4028235E+38 3.4028235E+38 3.4028235E+38 3.4028235E+38 3.4028235E+38 3.4028235E+38 3.4028235E+38 3.4028235E+38 3.4028235E+38 3.4028235E+38 3.4028235E+38 3.4028235E+38 3.4028235E+38 3.4028235E+38 3.4028235E+38 3.4028235E+38 3.4028235E+38 3.4028235E+38 3.4028235E+38 0.4251578 0.4347450 0.4438901 0.4526493 0.4575696 0.4701054 0.4740523 0.4856902 0.4914361 0.4986262 0.5074441 0.5143321 0.5210185 0.5258434 0.5303147 0.5415720 0.5464537 0.5525861 0.5588660 0.5675707 0.6206843 0.6643416 0.7100989 0.7457104 0.7804341 0.8155227 0.8517903 0.8870574 0.9221777 0.9596214 0.9720098
3.4028235E+38 3.4028235E+38 3.4028235E+38 3.4028235E+38 3.4028235E+38 3.4028235E+38 3.4028235E+38 3.4028235E+38 3.4028235E+38 3.4028235E+38 3.4028235E+38 3.4028235E+38 3.4028235E+38 3.4028235E+38 3.4028235E+38 3.4028235E+38 3.4028235E+38 3.4028235E+38 3.4028235E+38 3.4028235E+38 3.4028235E+38 3.4028235E+38 3.4028235E+38 3.4028235E+38 0.4173934 0.4281910 0.4334812 0.4413492 0.4522779 0.4625467 0.4702533 0.4776547 0.4847600 0.4897377 0.4983690 0.5049846 0.5097923 0.5159710 0.5238180 0.5303599 0.5352790 0.5431260 0.5500009 0.5586908 0.6042519 0.6490523 0.6954237 0.7294869 0.7649242 0.7981328 0.8335695 0.8685802 0.9061361 0.9276684 0.9362083
3.4028235E+38 3.4028235E+38 3.4028235E+38 3.4028235E+38 3.4028235E+38 3.4028235E+38 3.4028235E+38 3.4028235E+38 3.4028235E+38 3.4028235E+38 3.4028235E+38 3.4028235E+38 3.4028235E+38 3.4028235E+38 3.4028235E+38 3.4028235E+38 3.4028235E+38 3.4028235E+38 3.4028235E+38 3.4028235E+38 3.4028235E+38 3.4028235E+38 3.4028235E+38 3.4028235E+38 0.4114496 0.4183635 0.4306846 0.4387556 0.4459436 0.4552552 0.4625705 0.4694912 0.4758574 0.4810024 0.4878937 0.4960054 0.5006797 0.5080092 0.5135797 0.5196517 0.5243999 0.5320171 0.5384523 0.5458192 0.5907611 0.6352940 0.6816928 0.7135904 0.7476615 0.7793055 0.8124577 0.8490304 0.8851971 0.8934125 0.9025310
3.4028235E+38 3.4028235E+38 3.4028235E+38 3.4028235E+38 3.4028235E+38 3.4028235E+38 3.4028235E+38 3.4028235E+38 3.4028235E+38 3.4028235E+38 3.4028235E+38 3.4028235E+38 3.4028235E+38 3.4028235E+38 3.4028235E+38 3.4028235E+38 3.4028235E+38 3.4028235E+38 3.4028235E+38 3.4028235E+38 3.4028235E+38 3.4028235E+38 3.4028235E+38 3.4028235E+38 0.4070999 0.4161133 0.4246257 0.4323631 0.4391985 0.4471381 0.4540384 0.4619500 0.4664744 0.4726450 0.4792672 0.4858562 0.4916092 0.4985869 0.5040112 0.5077738 0.5135339 0.5206906 0.5267543 0.5329918 0.5778456 0.6232398 0.6684262 0.6981447 0.7318186 0.7640582 0.7983316 0.8287435 0.8546734 0.8617717 0.8673164
3.4028235E+38 3.4028235E+38 3.4028235E+38 3.4028235E+38 3.4028235E+38 3.4028235E+38 3.4028235E+38 3.4028235E+38 3.4028235E+38 3.4028235E+38 3.4028235E+38 3.4028235E+38 3.4028235E+38 3.4028235E+38 3.4028235E+38 3.4028235E+38 3.4028235E+38 3.4028235E+38 3.4028235E+38 3.4028235E+38 3.4028235E+38 3.4028235E+38 3.4028235E+38 3.4028235E+38 0.4013481 0.4103221 0.4189803 0.4264179 0.4342023 0.4420766 0.4476979 0.4541546 0.4602977 0.4672884 0.4726780 0.4773472 0.4842058 0.4894076 0.4945285 0.4980083 0.5048289 0.5100174 0.5154116 0.5211182 0.5658569 0.6121716 0.6560638 0.6822624 0.7158945 0.7485942 0.7862269 0.8130046 0.8255361 0.8289193 0.8327397
3.4028235E+38 3.4028235E+38 3.4028235E+38 3.4028235E+38 3.4028235E+38 3.4028235E+38 3.4028235E+38 3.4028235E+38 3.4028235E+38 3.4028235E+38 3.4028235E+38 3.4028235E+38 3.4028235E+38 3.4028235E+38 3.4028235E+38 3.4028235E+38 3.4028235E+38 3.4028235E+38 3.4028235E+38 3.4028235E+38 3.4028235E+38 3.4028235E+38 3.4028235E+38 3.4028235E+38 0.3965010 0.4048368 0.4138187 0.4220414 0.4290642 0.4362921 0.4416254 0.4476723 0.4550479 0.4601282 0.4653974 0.4690490 0.4741294 0.4800752 0.4833245 0.4884523 0.4943100 0.4989923 0.5039815 0.5093105 0.5546719 0.6058017 0.6416736 0.6669706 0.6988578 0.7288358 0.7585469 0.7875442 0.7891793 0.7958220 0.7997491
3.4028235E+38 3.4028235E+38 3.4028235E+38 3.4028235E+38 3.4028235E+38 3.4028235E+38 3.4028235E+38 3.4028235E+38 3.4028235E+38 3.4028235E+38 3.4028235E+38 3.4028235E+38 3.4028235E+38 3.4028235E+38 3.4028235E+38 3.4028235E+38 3.4028235E+38 3.4028235E+38 3.4028235E+38 3.4028235E+38 3.4028235E+38 3.4028235E+38 3.4028235E+38 0.3842886 0.3927576 0.4005928 0.4091547 0.4178554 0.4244073 0.4314732 0.4374180 0.4417217 0.4480814 0.4530823 0.4580137 0.4628364 0.4658481 0.4698148 0.4744784 0.4804782 0.4843241 0.4881536 0.4923317 0.4968215 0.5407413 0.5862259 0.6261146 0.6509509 0.6797221 0.7083769 0.7346082 0.7569001 0.7586347 0.7629378 0.7666627
3.4028235E+38 3.4028235E+38 3.4028235E+38 3.4028235E+38 3.4028235E+38 3.4028235E+38 3.4028235E+38 3.4028235E+38 3.4028235E+38 3.4028235E+38 3.4028235E+38 3.4028235E+38 3.4028235E+38 3.4028235E+38 3.4028235E+38 3.4028235E+38 3.4028235E+38 3.4028235E+38 3.4028235E+38 3.4028235E+38 3.4028235E+38 3.4028235E+38 3.4028235E+38 0.3785767 0.3874376 0.3954574 0.4031896 0.4110389 0.4185067 0.4263583 0.4315565 0.4361124 0.4418671 0.4440039 0.4483396 0.4552343 0.4595339 0.4619560 0.4663132 0.4713171 0.4745646 0.4762476 0.4794186 0.4828640 0.5255484 0.5687045 0.6066461 0.6329385 0.6608428 0.6879867 0.7168089 0.7296907 0.7295526 0.7324004 0.7335007
3.4028235E+38 3.4028235E+38 3.4028235E+38 3.4028235E+38 3.4028235E+38 3.4028235E+38 3.4028235E+38 3.4028235E+38 3.4028235E+38 3.4028235E+38 3.4028235E+38 3.4028235E+38 3.4028235E+38 3.4028235E+38 3.4028235E+38 3.4028235E+38 3.4028235E+38 3.4028235E+38 3.4028235E+38 3.4028235E+38 3.4028235E+38 3.4028235E+38 3.4028235E+38 0.3762059 0.3844829 0.3922757 0.3998669 0.4070726 0.4130419 0.4205366 0.4293709 0.4310240 0.4345736 0.4384644 0.4420597 0.4477570 0.4505397 0.4542117 0.4582994 0.4599933 0.4621823 0.4647062 0.4672302 0.4715983 0.5132861 0.5537875 0.5904647 0.6159431 0.6427234 0.6677906 0.6939245 0.6965501 0.6999037 0.7015662 0.7037258
3.4028235E+38 3.4028235E+38 3.4028235E+38 3.4028235E+38 3.4028235E+38 3.4028235E+38 3.4028235E+38 3.4028235E+38 3.4028235E+38 3.4028235E+38 3.4028235E+38 3.4028235E+38 3.4028235E+38 3.4028235E+38 3.4028235E+38 3.4028235E+38 3.4028235E+38 3.4028235E+38 3.4028235E+38 3.4028235E+38 3.4028235E+38 3.4028235E+38 3.4028235E+38 0.3731232 0.3811737 0.3885275 0.3958428 0.4022516 0.4089651 0.4156913 0.4202031 0.4255935 0.4292856 0.4330416 0.4353964 0.4392504 0.4430081 0.4475374 0.4503185 0.4515157 0.4536929 0.4554279 0.4571522 0.4605982 0.5015597 0.5438312 0.5755911 0.6004652 0.6258180 0.6479915 0.6675925 0.6695874 0.6722434 0.6731459 0.6732247
3.4028235E+38 3.4028235E+38 3.4028235E+38 3.4028235E+38 3.4028235E+38 3.4028235E+38 3.4028235E+38 3.4028235E+38 3.4028235E+38 3.4028235E+38 3.4028235E+38 3.4028235E+38 3.4028235E+38 3.4028235E+38 3.4028235E+38 3.4028235E+38 3.4028235E+38 3.4028235E+38 3.4028235E+38 3.4028235E+38 3.4028235E+38 3.4028235E+38 3.4028235E+38 0.3696979 0.3773408 0.3839745 0.3904555 0.3965204 0.4025739 0.4088050 0.4136496 0.4189427 0.4227208 0.4266425 0.4302504 0.4323999 0.4364287 0.4379916 0.4399292 0.4424849 0.4460163 0.4475356 0.4471422 0.4481532 0.4887297 0.5301524 0.5589564 0.5826653 0.6100565 0.6338842 0.6452248 0.6415969 0.6454836 0.6455879 0.6425730
