LUCAS_GEMMES_COP27/includes/subsidence/Scenario_B1/TOT_SUBSIDENCE_2030_SINCE_2018_MKD_ONLY.ASC
NCOLS                318
NROWS                364
XLLCORNER      400000.00
YLLCORNER      907000.00
CELLSIZE         1000.00
NODATA_VALUE    0.3402823E+39
[rows 96 to 119 of 364, columns 108 to 161 of 318]
1.4804523E-02 1.4993820E-02 1.5229426E-02 1.5523318E-02 1.5891269E-02 1.6239412E-02 1.6831666E-02 1.7208587E-02 1.7361417E-02 1.7715268E-02 1.8111385E-02 1.8780503E-02 1.9226518E-02 1.9654356E-02 2.0060856E-02 2.0542044E-02 2.0869393E-02 2.1193959E-02 2.1701142E-02 2.2386573E-02 2.2946686E-02 2.3803294E-02 2.3886181E-02 2.4454005E-02 2.5114231E-02 2.5872767E-02 2.6668936E-02 2.7433343E-02 2.8357796E-02 2.9204398E-02 3.0284092E-02 3.1277388E-02 3.2478742E-02 3.3931278E-02 3.5600781E-02 3.8872436E-02 4.0368132E-02 4.0197782E-02 4.1587763E-02 4.2968564E-02 4.4270672E-02 4.5451999E-02 4.6808518E-02 4.7841221E-02 4.8695460E-02 4.9661979E-02 5.0401986E-02 5.1125541E-02 5.1740333E-02 5.2161232E-02 5.2655369E-02 5.3193897E-02 5.3674623E-02 5.4019928E-02
1.4991760E-02 1.5242964E-02 1.5509807E-02 1.5843049E-02 1.6430411E-02 1.6568027E-02 1.6923100E-02 1.7516188E-02 1.7679330E-02 1.8059779E-02 1.8479284E-02 1.9125778E-02 1.9572191E-02 2.0013206E-02 2.0285558E-02 2.0826064E-02 2.1176353E-02 2.1777391E-02 2.2239693E-02 2.2746235E-02 2.3271233E-02 2.3603842E-02 2.4268202E-02 2.5029719E-02 2.5521070E-02 2.6303627E-02 2.7037770E-02 2.7873233E-02 2.8768145E-02 2.9739022E-02 3.0885741E-02 3.1902522E-02 3.3171609E-02 3.4568630E-02 3.6247112E-02 3.7980765E-02 3.9311707E-02 4.0534027E-02 4.1756846E-02 4.2982049E-02 4.4274621E-02 4.5644909E-02 4.6951599E-02 4.8169218E-02 4.9413107E-02 5.0297484E-02 5.0955757E-02 5.1543310E-02 5.2266821E-02 5.2639931E-02 5.3149879E-02 5.3575635E-02 5.3954780E-02 5.4307595E-02
1.5246104E-02 1.5513085E-02 1.6040858E-02 1.6170494E-02 1.6546044E-02 1.7084979E-02 1.7248161E-02 1.7598677E-02 1.7982550E-02 1.8617272E-02 1.8824883E-02 1.9251969E-02 1.9897796E-02 2.0311438E-02 2.0684555E-02 2.2632711E-02 2.1686859E-02 2.2151954E-02 2.2590779E-02 2.2855572E-02 2.3357294E-02 2.3972012E-02 2.4782553E-02 2.5428012E-02 2.5946505E-02 2.6671827E-02 2.7479187E-02 2.8414331E-02 2.9331274E-02 3.0338533E-02 3.2595232E-02 3.2486409E-02 3.3726230E-02 3.5126761E-02 3.6725968E-02 3.8290910E-02 3.9927289E-02 4.1013949E-02 4.2124718E-02 4.3446124E-02 4.4778444E-02 4.6107449E-02 4.7350883E-02 4.8504695E-02 4.9557142E-02 5.0529331E-02 5.1349893E-02 5.2151695E-02 5.2625388E-02 5.3215817E-02 5.3605601E-02 5.3946882E-02 5.4357901E-02 5.4586768E-02
1.5722569E-02 1.5842613E-02 1.6168855E-02 1.6719785E-02 1.6867477E-02 1.7193522E-02 1.7683007E-02 1.7994530E-02 1.8318702E-02 1.8952556E-02 1.9372348E-02 1.9605719E-02 2.0038422E-02 2.0463668E-02 2.0961121E-02 2.1602392E-02 2.2009015E-02 2.2360198E-02 2.2852346E-02 2.3325019E-02 2.3842126E-02 2.4403825E-02 2.5029704E-02 2.5650218E-02 2.6291691E-02 2.7103432E-02 2.7902134E-02 2.8730080E-02 2.9665388E-02 3.0710429E-02 3.1829260E-02 3.2972775E-02 3.4309097E-02 3.5660259E-02 3.6975279E-02 3.8267240E-02 3.9570570E-02 4.0926583E-02 4.2504109E-02 4.3858349E-02 4.5557991E-02 4.6750195E-02 4.7870733E-02 4.9122058E-02 5.0353974E-02 5.1126912E-02 5.1993221E-02 5.2528486E-02 5.2991852E-02 5.3794160E-02 5.4000705E-02 5.4335594E-02 5.4625750E-02 5.4924905E-02
1.5843600E-02 1.6388778E-02 1.6547907E-02 1.6866479E-02 1.7403726E-02 1.7542835E-02 1.7937753E-02 1.8487334E-02 1.8634114E-02 1.9066084E-02 1.9695703E-02 2.0124309E-02 2.0376790E-02 2.0799130E-02 2.1271534E-02 2.1792896E-02 2.2336893E-02 2.2848912E-02 2.4948746E-02 2.3811899E-02 2.4362922E-02 2.4918713E-02 2.5368951E-02 2.6034258E-02 2.6837736E-02 2.7546197E-02 2.8285921E-02 2.9245466E-02 3.0211888E-02 3.1195454E-02 3.2339402E-02 3.3542596E-02 3.4864075E-02 3.6047168E-02 3.7319534E-02 3.8217910E-02 3.9741598E-02 4.1142359E-02 4.2768128E-02 4.3977268E-02 4.5729443E-02 4.7401890E-02 4.8389129E-02 4.9588405E-02 5.0675526E-02 5.1528215E-02 5.2308887E-02 5.2928135E-02 5.3567544E-02 5.4274842E-02 5.4745793E-02 5.4888800E-02 5.5168137E-02 5.5269033E-02
1.6224165E-02 1.6581453E-02 1.7086808E-02 1.7228480E-02 1.7559670E-02 1.7919660E-02 1.8255286E-02 1.8611807E-02 1.9192673E-02 1.9398939E-02 1.9825567E-02 2.0260230E-02 2.0695552E-02 2.1302648E-02 2.1647900E-02 2.2135653E-02 2.2670738E-02 2.3123577E-02 2.3614280E-02 2.4087228E-02 2.4602354E-02 2.5108799E-02 2.5716186E-02 2.6442952E-02 2.7217999E-02 2.8125338E-02 2.8788954E-02 2.9842749E-02 3.0810073E-02 3.1851694E-02 3.2740831E-02 3.4027502E-02 3.6518075E-02 3.6491193E-02 3.7286863E-02 3.8545825E-02 3.9733551E-02 4.1242950E-02 4.4222146E-02 4.4321217E-02 4.5994520E-02 4.7493093E-02 4.8824497E-02 5.0177008E-02 5.1186979E-02 5.2007109E-02 5.2737594E-02 5.3385735E-02 5.4062426E-02 5.4347411E-02 5.4790318E-02 5.5129871E-02 5.5412784E-02 5.5794433E-02
1.6768154E-02 1.6962934E-02 1.7273057E-02 1.7587643E-02 1.7941564E-02 1.8265843E-02 1.8796347E-02 1.8971480E-02 1.9370750E-02 1.9960586E-02 2.0195398E-02 2.0620286E-02 2.1108396E-02 2.1528512E-02 2.2146046E-02 2.2450544E-02 2.2917792E-02 2.3386426E-02 2.3891650E-02 2.4379820E-02 2.4940535E-02 2.5442071E-02 2.6045032E-02 2.6711106E-02 2.7527183E-02 2.8327644E-02 2.9174760E-02 3.0326791E-02 3.1313829E-02 3.2345861E-02 3.3411294E-02 3.4449540E-02 3.5693370E-02 3.6406882E-02 3.8931131E-02 3.8903296E-02 4.0122166E-02 4.1613713E-02 4.3222137E-02 4.4877484E-02 4.6357356E-02 4.7958016E-02 4.9372286E-02 5.0932318E-02 5.1826343E-02 5.2708298E-02 5.3317815E-02 5.4075718E-02 5.4482400E-02 5.4862931E-02 5.5138916E-02 5.5542856E-02 5.5904970E-02 5.6140840E-02
1.7105807E-02 1.7432127E-02 1.7622184E-02 1.7965473E-02 1.8427745E-02 1.8618271E-02 1.8983215E-02 1.9536503E-02 1.9744135E-02 2.0149976E-02 2.0551018E-02 2.0942442E-02 2.1332137E-02 2.1974973E-02 2.2247978E-02 2.2931717E-02 2.3220159E-02 2.3621015E-02 2.4310403E-02 2.4714887E-02 2.5333717E-02 2.5827140E-02 2.6443094E-02 2.6987180E-02 2.7781874E-02 2.8445728E-02 2.9392086E-02 3.0619539E-02 3.1695120E-02 3.2519393E-02 3.3603884E-02 3.4671456E-02 3.5610110E-02 3.6736637E-02 3.7990302E-02 3.9272167E-02 4.0563367E-02 4.1932151E-02 4.3524742E-02 4.5222409E-02 4.7162063E-02 4.8548259E-02 4.9898252E-02 5.1296726E-02 5.2341491E-02 5.3122863E-02 5.3836331E-02 5.4478377E-02 5.4971248E-02 5.5200532E-02 5.5666536E-02 5.5995136E-02 5.6275800E-02 5.6352645E-02
1.7443206E-02 1.7715853E-02 1.7995588E-02 1.8325880E-02 1.8777300E-02 1.9161925E-02 1.9381385E-02 1.9744009E-02 2.0092633E-02 2.0484999E-02 2.0901434E-02 2.1449171E-02 2.1687001E-02 2.2220299E-02 2.2767700E-02 2.3116477E-02 2.3545735E-02 2.4015054E-02 2.4406098E-02 2.5043644E-02 2.5652476E-02 2.6044734E-02 2.6787654E-02 2.7371339E-02 2.8075829E-02 2.8860010E-02 2.9629156E-02 3.0717105E-02 3.2296807E-02 3.2738715E-02 3.3676982E-02 3.4671620E-02 3.5533547E-02 3.7132055E-02 3.8305648E-02 3.9699152E-02 4.2308427E-02 4.2495817E-02 4.4079043E-02 4.5760497E-02 4.7714226E-02 4.9050927E-02 5.0566092E-02 5.2036956E-02 5.2941918E-02 5.3691208E-02 5.4498240E-02 5.5001557E-02 5.5552751E-02 5.5914983E-02 5.6289822E-02 5.6476489E-02 5.6717634E-02 5.6841195E-02
1.7672896E-02 1.8026322E-02 1.8433392E-02 1.8692218E-02 1.9019879E-02 1.9475017E-02 1.9866697E-02 2.0116925E-02 2.0426527E-02 2.0978548E-02 2.1231182E-02 2.1644570E-02 2.2169754E-02 2.2453345E-02 2.2999078E-02 2.3368917E-02 2.4029680E-02 2.4483405E-02 2.4785087E-02 2.5326431E-02 2.5693722E-02 2.6294321E-02 2.7044266E-02 2.7600102E-02 2.8242059E-02 2.8946042E-02 2.9745519E-02 3.2291278E-02 3.1833090E-02 3.3062011E-02 3.4084164E-02 3.4567021E-02 3.5947032E-02 3.7290990E-02 3.8778931E-02 4.0137403E-02 4.1592792E-02 4.3139018E-02 4.4626474E-02 4.6290867E-02 4.8078500E-02 4.9540907E-02 5.2761987E-02 5.2644372E-02 5.4981127E-02 5.4296017E-02 5.4989949E-02 5.5503100E-02 5.6190863E-02 5.6455657E-02 5.6600913E-02 5.6696489E-02 5.7027981E-02 5.7315454E-02
1.7986316E-02 1.8459763E-02 1.8864106E-02 1.9225847E-02 1.9365653E-02 1.9779939E-02 2.0255677E-02 2.0438548E-02 2.0777747E-02 2.1155782E-02 2.1701410E-02 2.1972612E-02 2.2413187E-02 2.2848681E-02 2.3277946E-02 2.3709677E-02 2.4344116E-02 2.4808779E-02 2.5104620E-02 2.5565550E-02 2.6008137E-02 2.6733316E-02 2.7320214E-02 2.7912557E-02 2.8411508E-02 2.9070996E-02 3.0100614E-02 3.0948207E-02 3.2114141E-02 3.3225961E-02 3.3800259E-02 3.5151355E-02 3.6553264E-02 3.7915543E-02 3.9383620E-02 4.0650874E-02 4.2221084E-02 4.3828346E-02 4.5347005E-02 4.7145434E-02 4.8783511E-02 5.0334886E-02 5.1915213E-02 5.3341970E-02 5.4337040E-02 5.4840311E-02 5.5443436E-02 5.5997819E-02 5.6482077E-02 5.6806952E-02 5.7008073E-02 5.7150602E-02 5.7504252E-02 5.7879567E-02
1.8483061E-02 1.8831939E-02 1.9215867E-02 1.9607309E-02 1.9919295E-02 2.0072211E-02 2.0476006E-02 2.0818025E-02 2.1335475E-02 2.1569766E-02 2.1941066E-02 2.2461735E-02 2.2757351E-02 2.3185499E-02 2.3775719E-02 2.4078496E-02 2.4538256E-02 2.5128990E-02 2.5392272E-02 2.5844730E-02 2.6312724E-02 2.6837751E-02 2.7544253E-02 2.8110616E-02 2.8548285E-02 2.9197119E-02 2.9987879E-02 3.0951142E-02 3.1433381E-02 3.2766536E-02 3.4052052E-02 3.5535589E-02 3.6927395E-02 3.8352840E-02 3.9937884E-02 4.1445963E-02 4.2966671E-02 4.4505447E-02 4.6052165E-02 4.7958657E-02 4.9397066E-02 5.1233798E-02 5.2673116E-02 5.4670438E-02 5.5203274E-02 5.5615038E-02 5.6136921E-02 5.6601375E-02 5.6993395E-02 5.7330295E-02 5.7688460E-02 5.7807863E-02 5.8060929E-02 5.8382988E-02
1.8959925E-02 1.9232914E-02 1.9539658E-02 1.9868281E-02 2.0340927E-02 2.0426854E-02 2.0859204E-02 2.1168165E-02 2.1625489E-02 2.1949783E-02 2.2223704E-02 2.2698134E-02 2.3098834E-02 2.3525678E-02 2.3963541E-02 2.4556465E-02 2.4898119E-02 2.5306985E-02 2.5678396E-02 2.6280321E-02 2.6750237E-02 2.7090766E-02 2.7608037E-02 2.8138526E-02 2.8677836E-02 2.9458061E-02 3.0020893E-02 3.0766271E-02 3.1339057E-02 3.2265753E-02 3.4206949E-02 3.5963207E-02 3.7547037E-02 3.8914032E-02 4.0548064E-02 4.1968249E-02 4.3665498E-02 4.5305803E-02 4.6711415E-02 4.8522368E-02 5.0143436E-02 5.1862538E-02 5.3769767E-02 5.5043265E-02 5.6012213E-02 5.6505367E-02 5.6961626E-02 5.7420030E-02 5.7728216E-02 5.8031037E-02 5.8408707E-02 5.8381945E-02 5.8381081E-02 5.8531553E-02
1.9341003E-02 1.9584894E-02 1.9943606E-02 2.0248905E-02 2.0549051E-02 2.0899810E-02 2.1351412E-02 2.1605939E-02 2.1974683E-02 2.2431560E-02 2.2636876E-02 2.3073733E-02 2.3470707E-02 2.3972996E-02 2.4309874E-02 2.4744987E-02 2.5188722E-02 2.5649853E-02 2.6016809E-02 2.6594520E-02 2.7051114E-02 2.7499229E-02 2.7794227E-02 2.8300941E-02 2.8973058E-02 2.9527500E-02 3.0084655E-02 3.0618921E-02 3.1440489E-02 3.3201210E-02 3.4543283E-02 3.6334544E-02 3.7680119E-02 3.9576411E-02 4.1077003E-02 4.2772561E-02 4.4582978E-02 4.5948744E-02 4.7698140E-02 4.9346581E-02 5.0921440E-02 5.2715257E-02 5.4935038E-02 5.6234255E-02 5.7003155E-02 5.7553038E-02 5.7909921E-02 5.8469936E-02 5.8536723E-02 5.8673024E-02 5.8926240E-02 5.8905631E-02 5.8907241E-02 5.9047639E-02
1.9828621E-02 2.0042583E-02 2.0341333E-02 2.0614792E-02 2.0923056E-02 2.1339580E-02 2.1674082E-02 2.2082910E-02 2.2379749E-02 2.2717312E-02 2.3042224E-02 2.3465812E-02 2.3833059E-02 2.4231181E-02 2.4765030E-02 2.5060453E-02 2.5468849E-02 2.6004001E-02 2.6368663E-02 2.6765443E-02 2.7276784E-02 2.7609766E-02 2.8029367E-02 2.8489552E-02 2.8967775E-02 2.9588163E-02 3.0109115E-02 3.0430503E-02 3.2135479E-02 3.3326879E-02 3.5192929E-02 3.6821961E-02 3.8469285E-02 4.0058061E-02 4.1705042E-02 4.3374635E-02 4.5005515E-02 4.6749018E-02 4.8525497E-02 5.0222039E-02 5.1835164E-02 5.3594217E-02 5.5287540E-02 5.7200611E-02 5.8462083E-02 5.8611646E-02 5.8935463E-02 5.9275493E-02 5.9346080E-02 5.9412152E-02 5.9514835E-02 5.9588760E-02 5.9650555E-02 5.9746310E-02
2.0354610E-02 2.0585716E-02 2.0876363E-02 2.1157615E-02 2.1439329E-02 2.1779850E-02 2.2140801E-02 2.2534236E-02 2.2951879E-02 2.3152284E-02 2.3517869E-02 2.3959070E-02 2.4387836E-02 2.4584882E-02 2.4993107E-02 2.5382943E-02 2.5773041E-02 2.6256040E-02 2.6831031E-02 2.7080454E-02 2.7455159E-02 2.7816780E-02 2.8389402E-02 2.8780319E-02 2.9091291E-02 2.9511191E-02 2.9954873E-02 3.1403713E-02 3.2796048E-02 3.4160964E-02 3.5821974E-02 3.7618935E-02 3.9225571E-02 4.0889479E-02 4.2533673E-02 4.4183530E-02 4.5818977E-02 4.7609389E-02 4.9316064E-02 5.0988793E-02 5.2568316E-02 5.4318801E-02 5.6105241E-02 5.8235124E-02 5.9505224E-02 5.9627518E-02 6.0170069E-02 6.0425684E-02 6.0237095E-02 6.0395941E-02 6.0353011E-02 6.0435802E-02 6.0409531E-02 6.0350344E-02
2.1011807E-02 2.1156758E-02 2.1318510E-02 2.1596938E-02 2.1853000E-02 2.2210419E-02 2.2737436E-02 2.3042865E-02 2.3313530E-02 2.3631059E-02 2.3975849E-02 2.4343073E-02 2.4750680E-02 2.5143862E-02 2.5358662E-02 2.5681630E-02 2.6144184E-02 2.6562907E-02 2.6988991E-02 2.7428918E-02 2.7753830E-02 2.8206661E-02 2.8575636E-02 2.8939925E-02 2.9372759E-02 2.9552028E-02 3.0104332E-02 3.2017708E-02 3.3655927E-02 3.5140976E-02 3.6735445E-02 3.9840132E-02 4.0087700E-02 4.1779503E-02 4.3439381E-02 4.5085147E-02 4.6772473E-02 4.8523188E-02 5.0221130E-02 5.1724702E-02 5.3460538E-02 5.5389315E-02 5.6806907E-02 5.8809593E-02 6.0036957E-02 6.0592324E-02 6.0950443E-02 6.1300024E-02 6.1151013E-02 6.1239406E-02 6.1417013E-02 6.1413795E-02 6.1317086E-02 6.1390772E-02
2.1724038E-02 2.1798857E-02 2.1994926E-02 2.2179008E-02 2.2439353E-02 2.2807814E-02 2.3036972E-02 2.3492955E-02 2.3843795E-02 2.4354927E-02 2.4686195E-02 2.4837442E-02 2.5127612E-02 2.5430948E-02 2.5682636E-02 2.5999747E-02 2.6421919E-02 2.6857257E-02 2.7185716E-02 2.7671710E-02 2.8059706E-02 2.8338544E-02 2.8821446E-02 2.9037260E-02 2.9546358E-02 2.9742986E-02 3.1441927E-02 3.2798551E-02 3.4509130E-02 3.6278792E-02 3.7688665E-02 3.9306670E-02 4.0888265E-02 4.2599037E-02 4.4475928E-02 4.6197221E-02 4.8009425E-02 4.9768075E-02 5.1319063E-02 5.2745864E-02 5.4344311E-02 5.5979639E-02 5.7546139E-02 5.9301183E-02 6.1080933E-02 6.1996192E-02 6.2144622E-02 6.2204808E-02 6.2278345E-02 6.2123120E-02 6.2179208E-02 6.2408492E-02 6.2308028E-02 6.2290549E-02
2.2268638E-02 2.2411458E-02 2.2712357E-02 2.2885330E-02 2.3127489E-02 2.3271486E-02 2.3670964E-02 2.4015702E-02 2.4491757E-02 2.5026135E-02 2.5354937E-02 2.5590010E-02 2.5634363E-02 2.5884539E-02 2.6149355E-02 2.6478268E-02 2.6681900E-02 2.7085766E-02 2.7431652E-02 2.7884558E-02 2.8307006E-02 2.8833203E-02 2.8996997E-02 2.9344529E-02 2.9658414E-02 3.1074576E-02 3.2482356E-02 3.3966027E-02 3.5646290E-02 3.7331738E-02 3.8752206E-02 4.0329762E-02 4.1859485E-02 4.3777503E-02 4.5606486E-02 4.7654048E-02 4.9627632E-02 5.1184118E-02 5.2453682E-02 5.3790957E-02 5.4949030E-02 5.6511834E-02 5.8343694E-02 6.0032472E-02 6.2010810E-02 6.2867701E-02 6.2874377E-02 6.3005835E-02 6.3201621E-02 6.3445777E-02 6.3259646E-02 6.3255191E-02 6.3197717E-02 6.3157633E-02
2.2873789E-02 2.3143522E-02 2.3282610E-02 2.3427129E-02 2.3579642E-02 2.3957357E-02 2.4280146E-02 2.4735853E-02 2.5258794E-02 2.5721923E-02 2.6058234E-02 2.6149020E-02 2.6238978E-02 2.6365004E-02 2.6596464E-02 2.6919439E-02 2.7006067E-02 2.7400039E-02 2.7677752E-02 2.8140344E-02 2.8629139E-02 2.9056020E-02 2.9404715E-02 2.9674143E-02 3.1092487E-02 3.2313064E-02 3.3741653E-02 3.5291597E-02 3.6953352E-02 3.8423538E-02 4.0252946E-02 4.1479290E-02 4.2839490E-02 4.4628955E-02 4.6818115E-02 4.9275860E-02 5.0857157E-02 5.3140596E-02 5.3711295E-02 5.4624617E-02 5.5718377E-02 5.7270423E-02 5.8832526E-02 6.0663685E-02 6.2251568E-02 6.3645869E-02 6.3741237E-02 6.4044893E-02 6.4065859E-02 6.4299643E-02 6.3822731E-02 6.3938454E-02 6.3885257E-02 6.3877046E-02
2.3666628E-02 2.3750983E-02 2.3890778E-02 2.4029553E-02 2.4209179E-02 2.4491973E-02 2.4895258E-02 2.5507405E-02 2.6320890E-02 2.6869282E-02 2.7318917E-02 2.7218379E-02 2.6889168E-02 2.6870392E-02 2.7007811E-02 2.7130000E-02 2.7397044E-02 2.7653575E-02 2.8058514E-02 2.8519943E-02 2.8826647E-02 2.9273592E-02 3.0469388E-02 3.1343594E-02 3.2333069E-02 3.3674940E-02 3.5170965E-02 3.6563657E-02 3.8114026E-02 3.9690554E-02 4.1483365E-02 4.3003127E-02 4.4384196E-02 4.6145052E-02 4.7749102E-02 4.9163178E-02 5.0636604E-02 5.2443743E-02 5.3684175E-02 5.6958243E-02 5.8438167E-02 5.7887658E-02 5.9448019E-02 6.1041221E-02 6.2488377E-02 6.4153969E-02 6.4578921E-02 6.4822242E-02 6.5124586E-02 6.4791977E-02 6.4600930E-02 6.4614326E-02 6.4683393E-02 6.4956918E-02
2.4483614E-02 2.4360970E-02 2.4474189E-02 2.4534054E-02 2.4690636E-02 2.4986617E-02 2.5404222E-02 2.6037931E-02 2.6941307E-02 2.7430244E-02 2.7781658E-02 2.7603716E-02 2.7286269E-02 2.7379952E-02 2.7531736E-02 2.7683094E-02 2.7871400E-02 2.8168373E-02 2.8339900E-02 2.8654739E-02 2.9741250E-02 3.0725919E-02 3.1703316E-02 3.2634936E-02 3.3699811E-02 3.5064526E-02 3.6433689E-02 3.8012996E-02 3.9434537E-02 4.1156389E-02 4.2635143E-02 4.4213250E-02 4.5866907E-02 4.7436103E-02 4.8767745E-02 5.0317585E-02 5.1547334E-02 5.3304404E-02 5.4602221E-02 5.6055501E-02 5.7299033E-02 5.8856577E-02 6.0347602E-02 6.1846748E-02 6.3153177E-02 6.4472720E-02 6.5542474E-02 6.5720305E-02 6.5894917E-02 6.5601245E-02 6.5683633E-02 6.5578774E-02 6.5390930E-02 6.5448970E-02
2.5385208E-02 2.5165126E-02 2.5116116E-02 2.5118984E-02 2.5290333E-02 2.5574945E-02 2.6035473E-02 2.6600674E-02 2.7435236E-02 2.8015062E-02 2.8126545E-02 2.8161205E-02 2.7942732E-02 2.7882479E-02 2.7754046E-02 2.8033391E-02 2.8229065E-02 2.8482959E-02 2.8566360E-02 2.9924154E-02 3.0843884E-02 3.1740502E-02 3.2918923E-02 3.4024864E-02 3.5067663E-02 3.6498547E-02 3.7813507E-02 3.9365187E-02 4.0688135E-02 4.2171702E-02 4.3785147E-02 4.5325495E-02 4.6875700E-02 4.8311293E-02 4.9841657E-02 5.1473051E-02 5.2931502E-02 5.4192781E-02 5.5536732E-02 5.6902930E-02 5.8297753E-02 5.9884980E-02 6.1417341E-02 6.2460929E-02 6.3613176E-02 6.4763129E-02 6.6209495E-02 6.6492900E-02 6.6447645E-02 6.6432700E-02 6.6357791E-02 6.6366181E-02 6.6179484E-02 6.6370025E-02
2.6209429E-02 2.5946520E-02 2.5788844E-02 2.5772840E-02 2.5872059E-02 2.6192121E-02 2.6514128E-02 2.6936330E-02 2.7451485E-02 2.7814806E-02 2.8344184E-02 2.8330825E-02 2.8232031E-02 2.8286576E-02 2.8458551E-02 2.8420031E-02 2.8594986E-02 2.9428564E-02 3.0089393E-02 3.0862369E-02 3.1997606E-02 3.3050440E-02 3.4253411E-02 3.5485603E-02 3.6584787E-02 3.7796713E-02 3.9402567E-02 4.0867142E-02 4.2106383E-02 4.3489791E-02 4.5065098E-02 4.6642676E-02 4.8219979E-02 4.9648508E-02 5.1168069E-02 5.2757353E-02 5.4187134E-02 5.5534035E-02 5.6834385E-02 5.8111072E-02 5.9553236E-02 6.1490193E-02 6.2934831E-02 6.3705727E-02 6.4663395E-02 6.5686777E-02 6.6563725E-02 6.7375511E-02 6.7242324E-02 6.7214563E-02 6.7079097E-02 6.7061886E-02 6.7147329E-02 6.7450091E-02
