LUCAS_GEMMES_COP27/includes/subsidence/Scenario_B1/TOT_SUBSIDENCE_2030_SINCE_2018_MKD_ONLY.ASC
NCOLS                318
NROWS                364
XLLCORNER      400000.00
YLLCORNER      907000.00
CELLSIZE         1000.00
NODATA_VALUE    0.3402823E+39
[rows 192 to 215 of 364, columns 162 to 215 of 318]
8.1241786E-02 7.6740623E-02 7.3745042E-02 7.2427914E-02 6.7962855E-02 6.3956335E-02 6.6781014E-02 7.2444066E-02 7.7219307E-02 8.0091268E-02 8.5797116E-02 8.9791611E-02 9.1930449E-02 9.5732823E-02 9.9118486E-02 0.1019711 0.1064410 0.1091557 0.1114968 0.1119029 0.1139021 0.1173798 0.1180314 0.1198989 0.1228193 0.1242963 0.1241724 0.1271984 0.1280184 0.1294692 0.1303390 0.1297057 0.1306721 0.1330999 0.1338865 0.1346449 0.1353107 0.1342914 0.1362467 0.1372226 0.1374074 0.1381392 0.1400161 0.1416540 0.1431357 0.1444580 0.1468373 0.1503646 0.1519677 0.1541184 0.1543747 0.1543285 0.1528926 0.1506661
7.8639135E-02 7.3776528E-02 7.2203681E-02 6.7085192E-02 6.5015048E-02 6.5099031E-02 6.8258598E-02 7.2711468E-02 7.7688962E-02 7.9788178E-02 8.4281981E-02 8.8199288E-02 9.1740429E-02 9.6927136E-02 0.1003024 0.1018380 0.1045892 0.1087923 0.1110946 0.1131416 0.1137198 0.1159604 0.1180727 0.1216723 0.1231053 0.1227264 0.1245200 0.1277800 0.1286320 0.1301332 0.1314314 0.1324818 0.1320090 0.1332932 0.1361512 0.1370487 0.1364412 0.1374260 0.1397310 0.1407646 0.1414290 0.1423573 0.1442309 0.1456875 0.1471360 0.1487166 0.1526484 0.1539483 0.1556722 0.1580283 0.1579652 0.1578696 0.1557987 0.1536670
7.4375182E-02 7.0966512E-02 6.8136364E-02 6.5382898E-02 6.1825357E-02 6.2500894E-02 6.7182496E-02 7.3947936E-02 7.5996041E-02 8.0584079E-02 8.4644914E-02 9.0256274E-02 9.3726382E-02 9.7261712E-02 0.1004009 0.1033286 0.1042340 0.1068120 0.1110005 0.1132413 0.1152382 0.1155921 0.1176553 0.1216242 0.1230263 0.1229121 0.1266809 0.1284718 0.1295212 0.1310576 0.1327544 0.1342548 0.1337750 0.1353902 0.1392252 0.1401294 0.1394172 0.1421895 0.1431175 0.1450731 0.1461425 0.1467718 0.1483272 0.1502868 0.1500038 0.1522636 0.1559274 0.1576363 0.1589455 0.1603090 0.1604097 0.1612958 0.1590572 0.1576808
7.1429178E-02 6.8766788E-02 6.5745845E-02 6.5388747E-02 6.3394412E-02 6.7100465E-02 6.8439305E-02 7.2952271E-02 7.7567101E-02 8.1957102E-02 8.7339327E-02 9.0609208E-02 9.4105124E-02 9.7382948E-02 0.1006512 0.1035239 0.1061876 0.1068414 0.1091526 0.1111355 0.1133130 0.1153017 0.1171350 0.1212664 0.1214002 0.1233698 0.1275436 0.1288321 0.1302555 0.1326980 0.1341352 0.1357040 0.1358491 0.1374034 0.1392155 0.1424928 0.1417352 0.1443891 0.1462451 0.1484343 0.1494327 0.1510426 0.1524332 0.1539035 0.1538049 0.1568752 0.1592315 0.1608260 0.1615227 0.1622888 0.1622434 0.1621045 0.1595859 0.1592667
6.9717422E-02 6.6466212E-02 6.6210657E-02 6.3231185E-02 6.1101273E-02 6.5960184E-02 6.9670528E-02 7.6540083E-02 8.0927670E-02 8.2418635E-02 8.5680887E-02 9.1325685E-02 9.4642386E-02 9.7905308E-02 0.1012975 0.1039620 0.1065656 0.1072239 0.1095493 0.1114959 0.1155823 0.1174205 0.1173073 0.1195946 0.1219186 0.1260469 0.1283324 0.1301696 0.1317817 0.1347177 0.1361048 0.1375938 0.1375918 0.1417807 0.1410865 0.1421500 0.1437131 0.1474000 0.1490006 0.1513025 0.1522982 0.1544260 0.1560692 0.1577227 0.1571862 0.1607068 0.1625015 0.1640198 0.1639674 0.1640804 0.1637731 0.1626363 0.1593655 0.1529407
6.8117648E-02 6.4877875E-02 6.3247755E-02 6.0454547E-02 6.4587988E-02 6.7374930E-02 7.3539987E-02 7.8093961E-02 8.2233980E-02 8.5824817E-02 8.6746573E-02 9.2726409E-02 9.6154124E-02 9.9249721E-02 0.1021229 0.1022283 0.1048941 0.1077796 0.1122795 0.1120525 0.1141229 0.1182989 0.1203045 0.1203445 0.1221675 0.1265578 0.1289867 0.1314784 0.1334033 0.1349787 0.1373109 0.1394700 0.1392734 0.1434180 0.1456232 0.1449255 0.1464544 0.1504269 0.1521302 0.1542138 0.1556414 0.1577457 0.1593281 0.1596367 0.1608011 0.1637676 0.1653349 0.1658861 0.1658806 0.1665211 0.1655189 0.1628556 0.1589299 0.1551988
6.8917274E-02 6.3422345E-02 6.3517727E-02 6.3542493E-02 6.6722542E-02 6.9801316E-02 7.5672314E-02 7.9927087E-02 8.3875418E-02 8.7409794E-02 8.7998271E-02 9.1198713E-02 9.6825927E-02 9.7165763E-02 0.1001285 0.1028835 0.1080642 0.1102749 0.1123614 0.1145681 0.1142521 0.1165776 0.1189500 0.1212357 0.1225557 0.1248402 0.1273152 0.1324874 0.1344463 0.1356685 0.1380282 0.1409461 0.1411523 0.1451921 0.1474850 0.1491632 0.1490561 0.1535044 0.1556404 0.1576568 0.1593128 0.1612050 0.1624868 0.1632056 0.1655182 0.1669486 0.1683322 0.1685217 0.1675992 0.1677043 0.1660854 0.1642320 0.1611530 0.1576577
6.7528799E-02 6.0745373E-02 6.0762599E-02 6.5353431E-02 6.8236738E-02 7.4644357E-02 7.7607453E-02 8.1424832E-02 8.5470572E-02 8.8872820E-02 9.2267439E-02 9.2438295E-02 9.4989106E-02 9.7609431E-02 0.1035552 0.1065570 0.1089375 0.1106513 0.1130354 0.1154325 0.1142097 0.1165245 0.1188916 0.1238519 0.1233039 0.1280957 0.1285234 0.1307860 0.1323274 0.1340389 0.1388173 0.1422033 0.1426199 0.1464561 0.1483698 0.1507458 0.1507517 0.1533498 0.1579486 0.1601449 0.1622641 0.1646350 0.1665905 0.1661304 0.1686843 0.1702735 0.1712003 0.1714668 0.1707115 0.1688518 0.1671810 0.1650733 0.1609963 0.1575872
6.1797276E-02 6.2196702E-02 6.4805761E-02 6.7513436E-02 7.3424250E-02 7.6687902E-02 8.0037415E-02 8.3661467E-02 8.7000683E-02 8.7175205E-02 9.0796784E-02 9.3313068E-02 9.5884189E-02 0.1016247 0.1050051 0.1078498 0.1096895 0.1112965 0.1136578 0.1135841 0.1150953 0.1195370 0.1184829 0.1209799 0.1234825 0.1258550 0.1310432 0.1343511 0.1358999 0.1351431 0.1376045 0.1413964 0.1435658 0.1450764 0.1495515 0.1508724 0.1526073 0.1553483 0.1581222 0.1625193 0.1652064 0.1681332 0.1698401 0.1694368 0.1717408 0.1732559 0.1741622 0.1741325 0.1732736 0.1712854 0.1700751 0.1657391 0.1620415 0.1582619
6.3013002E-02 6.5354630E-02 6.7418844E-02 7.0167452E-02 7.5933203E-02 7.8358650E-02 8.2105279E-02 8.2466230E-02 8.5750610E-02 8.8952094E-02 9.5264643E-02 9.7648665E-02 9.7271025E-02 0.1000259 0.1060267 0.1081913 0.1101697 0.1092198 0.1111807 0.1130783 0.1150365 0.1201489 0.1216110 0.1212552 0.1266011 0.1263614 0.1314531 0.1344419 0.1363774 0.1385899 0.1417006 0.1450998 0.1440696 0.1458769 0.1504801 0.1514424 0.1566437 0.1594303 0.1599503 0.1631232 0.1687825 0.1704467 0.1722932 0.1722351 0.1751261 0.1770268 0.1776537 0.1767818 0.1755832 0.1737975 0.1712253 0.1667016 0.1621310 0.1572565
6.8354458E-02 6.7564979E-02 7.3371843E-02 7.6058388E-02 7.8415200E-02 7.7441543E-02 8.1268087E-02 8.4545568E-02 8.7648466E-02 9.4074562E-02 9.6491486E-02 9.9206135E-02 0.1019928 0.1011658 0.1067213 0.1087462 0.1077027 0.1099060 0.1150617 0.1168520 0.1157224 0.1179912 0.1225623 0.1219701 0.1242918 0.1264067 0.1286695 0.1344754 0.1370214 0.1394165 0.1416828 0.1443831 0.1470635 0.1468983 0.1488474 0.1515757 0.1577360 0.1603602 0.1636601 0.1644335 0.1669498 0.1716906 0.1728276 0.1753850 0.1788881 0.1811461 0.1832249 0.1811470 0.1790242 0.1747559 0.1716812 0.1675150 0.1623621 0.1569958
6.9089130E-02 7.0156008E-02 7.6218545E-02 7.5265542E-02 7.7403143E-02 8.0434471E-02 8.3756834E-02 9.0226755E-02 8.9575753E-02 9.5615089E-02 9.7582251E-02 0.1003153 0.1024527 0.1017355 0.1040192 0.1061845 0.1083730 0.1140183 0.1158424 0.1177253 0.1201314 0.1177269 0.1232447 0.1261093 0.1248334 0.1267438 0.1284754 0.1308280 0.1367093 0.1396215 0.1423026 0.1442577 0.1463578 0.1471857 0.1496554 0.1527354 0.1586134 0.1618410 0.1623005 0.1593978 0.1641286 0.1710455 0.1757970 0.1805927 0.1831079 0.1855446 0.1869906 0.1855458 0.1815494 0.1769286 0.1717533 0.1667672 0.1615826 0.1565304
7.0830762E-02 7.2879300E-02 7.5431272E-02 7.7419296E-02 8.3086878E-02 8.6406633E-02 8.5984200E-02 9.2299968E-02 9.1388971E-02 9.7248539E-02 9.9123374E-02 0.1006920 9.9599347E-02 0.1023815 0.1050973 0.1102783 0.1126711 0.1145464 0.1162525 0.1183827 0.1204790 0.1184247 0.1240124 0.1260790 0.1281105 0.1266966 0.1275000 0.1285782 0.1349818 0.1388880 0.1422353 0.1442527 0.1462505 0.1474215 0.1528001 0.1533429 0.1567839 0.1605508 0.1656156 0.1653481 0.1667417 0.1751685 0.1816526 0.1849266 0.1874202 0.1894929 0.1894171 0.1874370 0.1843457 0.1803276 0.1737656 0.1679154 0.1620454 0.1552329
7.3861137E-02 7.9044551E-02 7.8079641E-02 8.3128303E-02 8.5967347E-02 8.9084834E-02 8.8257045E-02 9.4346553E-02 9.3203366E-02 9.5174104E-02 9.6983254E-02 9.8648205E-02 0.1008583 0.1033875 0.1089645 0.1107126 0.1122241 0.1138328 0.1160412 0.1183229 0.1168222 0.1185640 0.1205490 0.1219676 0.1237814 0.1253525 0.1243905 0.1260714 0.1327067 0.1380630 0.1415944 0.1445257 0.1446126 0.1476810 0.1528872 0.1564024 0.1603582 0.1615327 0.1641149 0.1721807 0.1728376 0.1787480 0.1836947 0.1902989 0.1920749 0.1933467 0.1932563 0.1887337 0.1863348 0.1810186 0.1737318 0.1667163 0.1592512 0.1532809
8.0269709E-02 7.8713909E-02 8.0442771E-02 8.6064979E-02 8.8797078E-02 9.1606542E-02 9.0439081E-02 9.6283957E-02 9.8419234E-02 9.6599907E-02 9.8330587E-02 0.1002451 0.1021822 0.1076420 0.1093846 0.1112889 0.1094843 0.1108284 0.1127348 0.1145566 0.1163735 0.1185422 0.1239595 0.1252870 0.1267030 0.1274815 0.1241366 0.1266568 0.1318266 0.1347579 0.1378584 0.1436755 0.1440186 0.1475475 0.1526079 0.1569513 0.1610186 0.1616735 0.1602265 0.1712132 0.1758359 0.1836838 0.1873913 0.1920458 0.1958202 0.1981024 0.1933089 0.1905309 0.1863433 0.1799757 0.1728648 0.1653318 0.1566719 0.1502197
8.0941364E-02 8.1727043E-02 8.3545759E-02 8.5561380E-02 9.1134802E-02 9.0293899E-02 9.2366636E-02 9.4127849E-02 9.5956996E-02 9.7799554E-02 9.9582940E-02 0.1014023 0.1066678 0.1084121 0.1067563 0.1085447 0.1102156 0.1153089 0.1165951 0.1181741 0.1196491 0.1180119 0.1195566 0.1250995 0.1232862 0.1242311 0.1291706 0.1287226 0.1349143 0.1366517 0.1366962 0.1403156 0.1432561 0.1456778 0.1512031 0.1564030 0.1605083 0.1621381 0.1640314 0.1710646 0.1768650 0.1828187 0.1894584 0.1948194 0.1983819 0.1988932 0.1939852 0.1910071 0.1851996 0.1791374 0.1707109 0.1615067 0.1533338 0.1445525
8.6363986E-02 8.4936872E-02 8.6685926E-02 8.8444144E-02 9.0470746E-02 9.2391253E-02 9.4258755E-02 9.5666602E-02 0.1006966 9.9183992E-02 0.1009359 0.1025824 0.1042122 0.1055858 0.1070358 0.1085081 0.1135882 0.1148058 0.1161209 0.1180996 0.1199193 0.1212944 0.1187074 0.1206819 0.1222882 0.1235288 0.1254197 0.1272380 0.1326682 0.1353877 0.1350460 0.1383342 0.1420296 0.1445627 0.1475742 0.1546690 0.1581604 0.1621122 0.1667638 0.1742692 0.1791116 0.1856687 0.1903346 0.1956536 0.1978434 0.1956069 0.1900285 0.1850407 0.1796712 0.1746564 0.1667430 0.1589396 0.1517668 0.1460637
8.7583810E-02 8.8791206E-02 9.3637899E-02 9.1773272E-02 9.3228966E-02 9.8006546E-02 9.9817753E-02 0.1011803 9.9437103E-02 0.1009763 0.1060988 0.1075245 0.1085281 0.1093602 0.1105810 0.1084885 0.1098745 0.1110189 0.1159630 0.1178916 0.1190569 0.1201351 0.1216849 0.1232601 0.1243054 0.1223678 0.1243207 0.1261014 0.1282732 0.1309411 0.1335368 0.1396310 0.1427849 0.1464178 0.1461576 0.1493247 0.1533275 0.1604395 0.1652503 0.1720878 0.1752970 0.1829562 0.1893233 0.1934028 0.1920162 0.1906626 0.1856429 0.1811118 0.1754726 0.1687723 0.1617056 0.1557397 0.1480862 0.1444654
9.5180854E-02 9.5888421E-02 9.8034874E-02 9.5691353E-02 9.9298313E-02 0.1003346 0.1018974 0.1001274 0.1013841 0.1059465 0.1063992 0.1081501 0.1089417 0.1098140 0.1112030 0.1124466 0.1136942 0.1112638 0.1124322 0.1139815 0.1189138 0.1200448 0.1210218 0.1222341 0.1231454 0.1249274 0.1230830 0.1249640 0.1304673 0.1335635 0.1356871 0.1374218 0.1400003 0.1440767 0.1467795 0.1511233 0.1511651 0.1573969 0.1620457 0.1664200 0.1733426 0.1816902 0.1841369 0.1857363 0.1833313 0.1839469 0.1799477 0.1758910 0.1705997 0.1629796 0.1560794 0.1496132 0.1414669 0.1392279
9.9374175E-02 9.9619374E-02 0.1003202 9.8309681E-02 0.1023154 0.1028283 0.1005576 0.1019016 0.1063349 0.1070166 0.1074155 0.1088472 0.1100452 0.1107273 0.1122622 0.1132793 0.1140319 0.1149867 0.1160553 0.1137033 0.1144998 0.1157098 0.1203188 0.1214956 0.1227628 0.1240795 0.1219248 0.1272427 0.1292673 0.1316977 0.1337788 0.1354641 0.1388263 0.1421405 0.1441453 0.1456943 0.1496495 0.1540026 0.1606616 0.1650054 0.1714100 0.1768914 0.1774379 0.1795805 0.1778666 0.1780514 0.1721813 0.1693074 0.1629812 0.1563885 0.1512174 0.1454662 0.1360953 0.1326043
0.1032925 0.1033389 0.1036105 0.1011065 0.1045121 0.1017476 0.1025866 0.1069694 0.1075765 0.1081465 0.1089245 0.1099609 0.1110448 0.1114716 0.1124477 0.1134603 0.1140955 0.1150381 0.1162272 0.1170582 0.1175272 0.1147653 0.1158849 0.1169250 0.1218667 0.1194833 0.1207237 0.1258436 0.1278674 0.1299734 0.1321497 0.1336854 0.1364181 0.1362769 0.1388901 0.1430680 0.1468001 0.1506383 0.1537980 0.1604002 0.1651185 0.1704268 0.1714312 0.1690051 0.1680318 0.1671512 0.1625732 0.1592463 0.1535473 0.1498277 0.1452178 0.1413053 0.1348486 0.1299517
0.1072227 0.1067569 0.1067088 0.1037009 0.1038924 0.1041314 0.1078984 0.1085393 0.1086599 0.1091254 0.1102524 0.1113378 0.1123948 0.1117834 0.1121268 0.1132965 0.1141422 0.1147717 0.1157420 0.1169035 0.1171936 0.1180111 0.1192378 0.1164524 0.1175164 0.1187172 0.1199975 0.1249541 0.1265661 0.1285608 0.1273321 0.1291988 0.1317416 0.1344183 0.1371022 0.1405489 0.1432534 0.1494141 0.1500143 0.1524660 0.1590754 0.1609480 0.1586631 0.1579480 0.1578928 0.1554697 0.1542203 0.1494240 0.1452636 0.1421293 0.1385655 0.1357447 0.1316828 0.1284822
0.1107634 0.1097769 0.1090739 0.1058822 0.1061615 0.1064177 0.1099035 0.1099847 0.1097023 0.1101645 0.1111922 0.1121279 0.1127128 0.1123321 0.1123051 0.1133756 0.1142423 0.1148030 0.1155971 0.1163796 0.1167792 0.1176456 0.1188596 0.1195922 0.1206364 0.1182650 0.1193750 0.1208605 0.1223224 0.1242872 0.1264461 0.1316048 0.1342179 0.1336193 0.1355700 0.1415003 0.1432113 0.1468751 0.1480985 0.1390463 0.1457268 0.1504284 0.1490301 0.1503227 0.1473211 0.1447072 0.1411615 0.1393962 0.1364568 0.1330718 0.1303431 0.1286317 0.1263531 0.1247618
0.1137666 0.1126711 0.1088732 0.1084535 0.1115041 0.1083898 0.1081222 0.1110032 0.1111113 0.1115554 0.1124154 0.1130120 0.1133391 0.1132881 0.1129319 0.1134225 0.1144601 0.1148288 0.1153135 0.1158417 0.1164799 0.1136440 0.1145464 0.1153812 0.1167208 0.1179481 0.1190694 0.1204235 0.1253875 0.1272430 0.1295263 0.1318816 0.1307688 0.1328948 0.1370326 0.1394467 0.1415386 0.1424403 0.1356235 0.1344717 0.1405052 0.1428025 0.1433779 0.1411406 0.1374012 0.1338919 0.1303206 0.1283693 0.1252656 0.1199954 0.1209892 0.1211275 0.1201493 0.1198281
