LUCAS_GEMMES_COP27/includes/subsidence/Scenario_B1/TOT_SUBSIDENCE_2090_SINCE_2018_MKD_ONLY.ASC
NCOLS                318
NROWS                364
XLLCORNER      400000.00
YLLCORNER      907000.00
CELLSIZE         1000.00
NODATA_VALUE    0.3402823E+39
[rows 288 to 311 of 364, columns 55 to 109 of 318]
3.4028235E+38 3.4028235E+38 3.4028235E+38 3.4028235E+38 3.4028235E+38 3.4028235E+38 3.4028235E+38 3.4028235E+38 3.4028235E+38 3.4028235E+38 3.4028235E+38 3.4028235E+38 3.4028235E+38 3.4028235E+38 3.4028235E+38 3.4028235E+38 3.4028235E+38 3.4028235E+38 3.4028235E+38 3.4028235E+38 3.4028235E+38 3.4028235E+38 3.4028235E+38 0.3197788 0.3262699 0.3312736 0.3361648 0.3410850 0.3460769 0.3510170 0.3538706 0.3571027 0.3605031 0.3642354 0.3675099 0.3704593 0.3741233 0.3756707 0.3765435 0.3783109 0.3811079 0.3826607 0.3837678 0.3826576 0.4191612 0.4551937 0.4781638 0.4957030 0.5174197 0.5358865 0.5393500 0.5389928 0.5415533 0.5384567 0.5369006
3.4028235E+38 3.4028235E+38 3.4028235E+38 3.4028235E+38 3.4028235E+38 3.4028235E+38 3.4028235E+38 3.4028235E+38 3.4028235E+38 3.4028235E+38 3.4028235E+38 3.4028235E+38 3.4028235E+38 3.4028235E+38 3.4028235E+38 3.4028235E+38 3.4028235E+38 3.4028235E+38 3.4028235E+38 3.4028235E+38 3.4028235E+38 3.4028235E+38 3.4028235E+38 0.3196172 0.3259194 0.3297655 0.3331062 0.3368915 0.3410904 0.3443919 0.3492527 0.3528450 0.3565492 0.3593234 0.3628291 0.3655059 0.3674263 0.3700353 0.3701932 0.3724588 0.3735034 0.3745630 0.3764457 0.3742162 0.4089585 0.4452620 0.4690111 0.4864191 0.5049849 0.5201800 0.5244380 0.5190494 0.5179443 0.5159991 0.5157733
3.4028235E+38 3.4028235E+38 3.4028235E+38 3.4028235E+38 3.4028235E+38 3.4028235E+38 3.4028235E+38 3.4028235E+38 3.4028235E+38 3.4028235E+38 3.4028235E+38 3.4028235E+38 3.4028235E+38 3.4028235E+38 3.4028235E+38 3.4028235E+38 3.4028235E+38 3.4028235E+38 3.4028235E+38 3.4028235E+38 3.4028235E+38 3.4028235E+38 0.3134751 0.3211877 0.3272501 0.3286149 0.3295212 0.3311582 0.3348064 0.3388088 0.3437702 0.3474576 0.3513413 0.3555764 0.3598945 0.3624186 0.3622484 0.3630311 0.3638849 0.3645094 0.3664229 0.3671784 0.3673529 0.3667226 0.4010699 0.4364363 0.4581097 0.4763911 0.4970819 0.5085388 0.5121132 0.5010403 0.4982925 0.4957179 0.4926757
3.4028235E+38 3.4028235E+38 3.4028235E+38 3.4028235E+38 3.4028235E+38 3.4028235E+38 3.4028235E+38 3.4028235E+38 3.4028235E+38 3.4028235E+38 3.4028235E+38 3.4028235E+38 3.4028235E+38 3.4028235E+38 3.4028235E+38 3.4028235E+38 3.4028235E+38 3.4028235E+38 3.4028235E+38 3.4028235E+38 3.4028235E+38 3.4028235E+38 0.3178512 0.3252937 0.3336361 0.3262635 0.3250223 0.3267965 0.3311918 0.3335763 0.3372278 0.3420831 0.3461327 0.3510635 0.3579822 0.3602895 0.3572890 0.3582345 0.3587626 0.3583436 0.3586758 0.3597472 0.3594819 0.3584446 0.3908050 0.4269370 0.4465868 0.4684052 0.4805425 0.4830966 0.4846574 0.4803902 0.4786244 0.4756218 0.4665766
3.4028235E+38 3.4028235E+38 3.4028235E+38 3.4028235E+38 3.4028235E+38 3.4028235E+38 3.4028235E+38 3.4028235E+38 3.4028235E+38 3.4028235E+38 3.4028235E+38 3.4028235E+38 3.4028235E+38 3.4028235E+38 3.4028235E+38 3.4028235E+38 3.4028235E+38 3.4028235E+38 3.4028235E+38 3.4028235E+38 3.4028235E+38 3.4028235E+38 0.3058633 0.3123354 0.3169971 0.3179972 0.3202353 0.3223302 0.3259289 0.3290940 0.3318345 0.3365014 0.3403481 0.3445275 0.3486372 0.3510692 0.3506424 0.3519858 0.3525746 0.3530248 0.3515905 0.3510293 0.3515575 0.3502926 0.3783979 0.4149359 0.4349215 0.4492928 0.4616209 0.4650090 0.4645058 0.4599738 0.4572080 0.4524638 0.4383143
3.4028235E+38 3.4028235E+38 3.4028235E+38 3.4028235E+38 3.4028235E+38 3.4028235E+38 3.4028235E+38 3.4028235E+38 3.4028235E+38 3.4028235E+38 3.4028235E+38 3.4028235E+38 3.4028235E+38 3.4028235E+38 3.4028235E+38 3.4028235E+38 3.4028235E+38 3.4028235E+38 3.4028235E+38 3.4028235E+38 3.4028235E+38 3.4028235E+38 0.2963282 0.3030497 0.3076547 0.3111156 0.3141860 0.3174229 0.3203736 0.3234093 0.3261798 0.3299658 0.3344621 0.3379793 0.3412293 0.3436482 0.3440675 0.3460603 0.3478543 0.3469340 0.3458629 0.3453255 0.3454863 0.3425372 0.3432997 0.4050842 0.4237647 0.4417136 0.4498206 0.4461277 0.4445616 0.4412166 0.4368677 0.4222085 0.4081950
3.4028235E+38 3.4028235E+38 3.4028235E+38 3.4028235E+38 3.4028235E+38 3.4028235E+38 3.4028235E+38 3.4028235E+38 3.4028235E+38 3.4028235E+38 3.4028235E+38 3.4028235E+38 3.4028235E+38 3.4028235E+38 3.4028235E+38 3.4028235E+38 3.4028235E+38 3.4028235E+38 3.4028235E+38 3.4028235E+38 3.4028235E+38 0.2814665 0.2887753 0.2952763 0.3001217 0.3039747 0.3083923 0.3117962 0.3150207 0.3175938 0.3215526 0.3243306 0.3276891 0.3318014 0.3345718 0.3370484 0.3381349 0.3399886 0.3392594 0.3401981 0.3404489 0.3384384 0.3372412 0.3391498 0.3399845 0.3975722 0.4130278 0.4261223 0.4297718 0.4295673 0.4277250 0.4231932 0.4097917 0.3947608 0.3830932
3.4028235E+38 3.4028235E+38 3.4028235E+38 3.4028235E+38 3.4028235E+38 3.4028235E+38 3.4028235E+38 3.4028235E+38 3.4028235E+38 3.4028235E+38 3.4028235E+38 3.4028235E+38 3.4028235E+38 3.4028235E+38 3.4028235E+38 3.4028235E+38 3.4028235E+38 3.4028235E+38 3.4028235E+38 3.4028235E+38 3.4028235E+38 0.2766632 0.2823252 0.2880080 0.2930818 0.2974069 0.3017737 0.3062181 0.3096794 0.3125914 0.3162131 0.3197241 0.3221462 0.3259207 0.3281249 0.3299683 0.3314792 0.3307167 0.3306504 0.3356422 0.3361682 0.3361861 0.3354653 0.3342679 0.3315769 0.3901645 0.4065973 0.4136769 0.4141833 0.4140492 0.4130968 0.4003629 0.3847746 0.3705038 0.3541993
3.4028235E+38 3.4028235E+38 3.4028235E+38 3.4028235E+38 3.4028235E+38 3.4028235E+38 3.4028235E+38 3.4028235E+38 3.4028235E+38 3.4028235E+38 3.4028235E+38 3.4028235E+38 3.4028235E+38 3.4028235E+38 3.4028235E+38 3.4028235E+38 3.4028235E+38 3.4028235E+38 3.4028235E+38 3.4028235E+38 3.4028235E+38 0.2714137 0.2765272 0.2820094 0.2869919 0.2915600 0.2956576 0.3005276 0.3043795 0.3078223 0.3111259 0.3144872 0.3168894 0.3197609 0.3240517 0.3254933 0.3277951 0.3286521 0.3306982 0.3307696 0.3302923 0.3314676 0.3308673 0.3289450 0.3242064 0.3794777 0.3970890 0.4021544 0.4013275 0.4008381 0.3883564 0.3725870 0.3606353 0.3446305 0.3485517
3.4028235E+38 3.4028235E+38 3.4028235E+38 3.4028235E+38 3.4028235E+38 3.4028235E+38 3.4028235E+38 3.4028235E+38 3.4028235E+38 3.4028235E+38 3.4028235E+38 3.4028235E+38 3.4028235E+38 3.4028235E+38 3.4028235E+38 3.4028235E+38 3.4028235E+38 3.4028235E+38 3.4028235E+38 3.4028235E+38 3.4028235E+38 0.2657920 0.2707663 0.2765799 0.2816094 0.2863477 0.2910580 0.2954565 0.2993813 0.3029780 0.3062369 0.3091153 0.3128830 0.3159707 0.3179102 0.3225491 0.3250909 0.3265485 0.3269842 0.3255114 0.3278362 0.3279518 0.3279118 0.3257444 0.3212688 0.3739652 0.3891129 0.3897814 0.3896965 0.3798509 0.3622820 0.3376567 0.3397871 0.3401927 0.3514629
3.4028235E+38 3.4028235E+38 3.4028235E+38 3.4028235E+38 3.4028235E+38 3.4028235E+38 3.4028235E+38 3.4028235E+38 3.4028235E+38 3.4028235E+38 3.4028235E+38 3.4028235E+38 3.4028235E+38 3.4028235E+38 3.4028235E+38 3.4028235E+38 3.4028235E+38 3.4028235E+38 3.4028235E+38 3.4028235E+38 3.4028235E+38 3.4028235E+38 0.2665133 0.2721323 0.2775691 0.2824854 0.2868767 0.2909289 0.2948407 0.2987204 0.3022285 0.3053397 0.3088632 3.4028235E+38 0.3139456 0.3188671 0.3214165 0.3234396 0.3245139 0.3254687 0.3264045 0.3274388 0.3268706 0.3231061 0.3161208 0.3777987 0.3839644 0.3797747 0.3723201 0.3535104 0.3337061 0.3352143 0.3422175 0.3462431 0.3517992
3.4028235E+38 3.4028235E+38 3.4028235E+38 3.4028235E+38 3.4028235E+38 3.4028235E+38 3.4028235E+38 3.4028235E+38 3.4028235E+38 3.4028235E+38 3.4028235E+38 3.4028235E+38 3.4028235E+38 3.4028235E+38 3.4028235E+38 3.4028235E+38 3.4028235E+38 3.4028235E+38 3.4028235E+38 3.4028235E+38 3.4028235E+38 3.4028235E+38 0.2629458 0.2679034 0.2736567 0.2787011 0.2829888 0.2870269 0.2912438 0.2952099 3.4028235E+38 3.4028235E+38 3.4028235E+38 3.4028235E+38 0.3123643 0.3153075 0.3180512 0.3208839 0.3224632 0.3248120 0.3269841 0.3285262 0.3287160 0.3229449 0.3117201 0.3728687 0.3710905 0.3674231 0.3251328 0.3313310 0.3363481 0.3419172 0.3451827 0.3492762 0.3557533
3.4028235E+38 3.4028235E+38 3.4028235E+38 3.4028235E+38 3.4028235E+38 3.4028235E+38 3.4028235E+38 3.4028235E+38 3.4028235E+38 3.4028235E+38 3.4028235E+38 3.4028235E+38 3.4028235E+38 3.4028235E+38 3.4028235E+38 3.4028235E+38 3.4028235E+38 3.4028235E+38 3.4028235E+38 3.4028235E+38 3.4028235E+38 3.4028235E+38 3.4028235E+38 0.2650595 0.2701122 0.2751985 0.2794315 3.4028235E+38 3.4028235E+38 3.4028235E+38 3.4028235E+38 3.4028235E+38 3.4028235E+38 0.3067358 0.3095556 0.3125250 0.3157373 0.3186790 0.3209833 0.3240979 0.3276397 0.3315396 0.3359765 0.3406287 0.3092703 0.3679241 0.3616966 0.3167540 0.3222532 0.3392276 0.3594871 0.3479895 0.3473447 0.3513071 0.3546356
3.4028235E+38 3.4028235E+38 3.4028235E+38 3.4028235E+38 3.4028235E+38 3.4028235E+38 3.4028235E+38 3.4028235E+38 3.4028235E+38 3.4028235E+38 3.4028235E+38 3.4028235E+38 3.4028235E+38 3.4028235E+38 3.4028235E+38 3.4028235E+38 3.4028235E+38 3.4028235E+38 3.4028235E+38 3.4028235E+38 3.4028235E+38 3.4028235E+38 3.4028235E+38 3.4028235E+38 3.4028235E+38 3.4028235E+38 3.4028235E+38 3.4028235E+38 3.4028235E+38 3.4028235E+38 3.4028235E+38 3.4028235E+38 3.4028235E+38 0.3038055 0.3069662 0.3099067 0.3135066 0.3156657 0.3188183 0.3230854 0.3278330 0.3345032 0.3437647 0.3576847 0.3669852 0.3657830 0.3101074 0.3118674 0.3248722 0.3338057 0.3421273 0.3428512 0.3465139 0.3519441 0.3578768
3.4028235E+38 3.4028235E+38 3.4028235E+38 3.4028235E+38 3.4028235E+38 3.4028235E+38 3.4028235E+38 3.4028235E+38 3.4028235E+38 3.4028235E+38 3.4028235E+38 3.4028235E+38 3.4028235E+38 3.4028235E+38 3.4028235E+38 3.4028235E+38 3.4028235E+38 3.4028235E+38 3.4028235E+38 3.4028235E+38 3.4028235E+38 3.4028235E+38 3.4028235E+38 3.4028235E+38 3.4028235E+38 3.4028235E+38 3.4028235E+38 3.4028235E+38 3.4028235E+38 3.4028235E+38 3.4028235E+38 3.4028235E+38 0.3721119 0.3011291 0.3041674 0.3073185 0.3111618 0.3137708 0.3173169 0.3217766 0.3271171 0.3335274 0.3478974 0.3712416 0.4237902 0.3084808 0.3291224 0.3180183 0.3236282 0.3324134 0.3388396 0.3426671 0.3452124 0.3504174 0.3567962
3.4028235E+38 3.4028235E+38 3.4028235E+38 3.4028235E+38 3.4028235E+38 3.4028235E+38 3.4028235E+38 3.4028235E+38 3.4028235E+38 3.4028235E+38 3.4028235E+38 3.4028235E+38 3.4028235E+38 3.4028235E+38 3.4028235E+38 3.4028235E+38 3.4028235E+38 3.4028235E+38 3.4028235E+38 3.4028235E+38 3.4028235E+38 3.4028235E+38 3.4028235E+38 3.4028235E+38 3.4028235E+38 3.4028235E+38 3.4028235E+38 3.4028235E+38 3.4028235E+38 3.4028235E+38 3.4028235E+38 3.4028235E+38 0.2953990 0.2991193 0.3013162 0.3054271 0.3084179 0.3112099 0.3153802 0.3202045 0.3242905 0.3324521 0.3434615 0.3582741 0.3476655 0.3362652 0.3228187 0.3241104 0.3280436 0.3318883 0.3361645 0.3404636 0.3428794 0.3478483 0.3531123
3.4028235E+38 3.4028235E+38 3.4028235E+38 3.4028235E+38 3.4028235E+38 3.4028235E+38 3.4028235E+38 3.4028235E+38 3.4028235E+38 3.4028235E+38 3.4028235E+38 3.4028235E+38 3.4028235E+38 3.4028235E+38 3.4028235E+38 3.4028235E+38 3.4028235E+38 3.4028235E+38 3.4028235E+38 3.4028235E+38 3.4028235E+38 3.4028235E+38 3.4028235E+38 3.4028235E+38 3.4028235E+38 3.4028235E+38 3.4028235E+38 3.4028235E+38 3.4028235E+38 3.4028235E+38 3.4028235E+38 0.2893173 0.2927462 0.3620386 0.2988647 0.3024364 0.3058937 0.3093147 0.3131554 0.3174703 0.3222756 0.3280471 0.3330298 0.3403688 0.3380614 0.3330812 0.3272425 0.3261686 0.3277697 0.3304262 0.3339496 0.3377080 0.3393286 0.3446734 0.3490853
3.4028235E+38 3.4028235E+38 3.4028235E+38 3.4028235E+38 3.4028235E+38 3.4028235E+38 3.4028235E+38 3.4028235E+38 3.4028235E+38 3.4028235E+38 3.4028235E+38 3.4028235E+38 3.4028235E+38 3.4028235E+38 3.4028235E+38 3.4028235E+38 3.4028235E+38 3.4028235E+38 3.4028235E+38 3.4028235E+38 3.4028235E+38 3.4028235E+38 3.4028235E+38 3.4028235E+38 3.4028235E+38 3.4028235E+38 0.2660719 0.2713644 0.2761746 0.2807441 0.2848463 0.2884313 0.2916162 0.2945751 0.2972426 0.3004556 0.3040063 0.3072764 0.3108408 0.3145706 0.3185078 0.3229851 0.3272211 0.3302935 0.3303818 0.3286990 0.3268848 0.3262470 0.3268672 0.3287034 0.3297189 0.3332954 0.3370231 0.3402342 0.3438869
3.4028235E+38 3.4028235E+38 3.4028235E+38 3.4028235E+38 3.4028235E+38 3.4028235E+38 3.4028235E+38 3.4028235E+38 3.4028235E+38 3.4028235E+38 3.4028235E+38 3.4028235E+38 3.4028235E+38 3.4028235E+38 3.4028235E+38 3.4028235E+38 3.4028235E+38 3.4028235E+38 3.4028235E+38 3.4028235E+38 3.4028235E+38 3.4028235E+38 3.4028235E+38 3.4028235E+38 3.4028235E+38 3.4028235E+38 0.2628159 0.3258734 0.3315544 0.2808471 0.2850619 0.2884324 0.2912440 0.2939353 0.2964661 0.2993127 0.3025098 0.3056661 0.3090501 0.3121243 0.3152671 0.3187127 0.3214749 0.3237374 0.3247805 0.3248399 0.3246989 0.3252265 0.3252361 0.3262605 0.3287164 0.3311773 0.3327680 0.3351502 0.3395966
3.4028235E+38 3.4028235E+38 3.4028235E+38 3.4028235E+38 3.4028235E+38 3.4028235E+38 3.4028235E+38 3.4028235E+38 3.4028235E+38 3.4028235E+38 3.4028235E+38 3.4028235E+38 3.4028235E+38 3.4028235E+38 3.4028235E+38 3.4028235E+38 3.4028235E+38 3.4028235E+38 3.4028235E+38 3.4028235E+38 3.4028235E+38 3.4028235E+38 0.2897865 0.2964318 3.4028235E+38 3.4028235E+38 0.2648516 0.2710994 0.2769896 0.2820043 0.2865577 0.2894066 0.2914306 0.2934109 0.2951100 0.2967783 0.2999700 0.3044781 0.3073723 0.3100545 0.3119952 0.3147205 0.3170353 0.3194528 0.3208498 0.3216193 0.3217923 0.3228787 0.3227015 0.3198642 0.3253849 0.3272924 0.3276127 0.3295935 0.3319661
3.4028235E+38 3.4028235E+38 3.4028235E+38 3.4028235E+38 3.4028235E+38 3.4028235E+38 3.4028235E+38 3.4028235E+38 3.4028235E+38 3.4028235E+38 3.4028235E+38 3.4028235E+38 3.4028235E+38 3.4028235E+38 3.4028235E+38 3.4028235E+38 3.4028235E+38 3.4028235E+38 3.4028235E+38 3.4028235E+38 3.4028235E+38 0.2808615 0.2406182 0.2451456 0.2497396 3.4028235E+38 3.4028235E+38 0.2700219 0.2780181 0.2846946 0.2902440 0.2917498 0.2923521 0.2929396 0.2927402 0.2962711 0.3000908 0.3039555 0.3058701 0.3068491 0.3064926 0.3108313 0.3134659 0.3159665 0.3176789 0.3188611 0.3191487 0.3198332 0.3206112 0.3208037 0.3229198 0.3242952 0.3237768 0.3256904 0.3276354
3.4028235E+38 3.4028235E+38 3.4028235E+38 3.4028235E+38 3.4028235E+38 3.4028235E+38 3.4028235E+38 3.4028235E+38 3.4028235E+38 3.4028235E+38 3.4028235E+38 3.4028235E+38 3.4028235E+38 3.4028235E+38 3.4028235E+38 3.4028235E+38 3.4028235E+38 3.4028235E+38 3.4028235E+38 3.4028235E+38 3.4028235E+38 0.2780066 0.2390590 0.2428474 0.2501168 0.2550016 3.4028235E+38 3.4028235E+38 0.2785710 0.2892131 0.2986751 0.2959413 0.2935184 0.2916400 0.2905837 0.2946366 0.2978151 0.3070647 0.3025866 0.3032466 0.3047728 0.3064364 0.3104624 0.3128667 0.3155349 0.3172508 0.3177471 0.3176782 0.3176199 0.3178041 0.3179851 0.3194588 0.3195569 0.3186742 0.3219046
3.4028235E+38 3.4028235E+38 3.4028235E+38 3.4028235E+38 3.4028235E+38 3.4028235E+38 3.4028235E+38 3.4028235E+38 3.4028235E+38 3.4028235E+38 3.4028235E+38 3.4028235E+38 3.4028235E+38 3.4028235E+38 3.4028235E+38 3.4028235E+38 3.4028235E+38 3.4028235E+38 3.4028235E+38 3.4028235E+38 3.4028235E+38 0.2751609 0.2382547 0.2430151 0.2484351 0.2552391 0.2634151 0.2725708 0.2800941 0.2928846 0.3188338 0.2985473 0.2908974 0.2872620 0.2863867 0.2902268 0.2929285 0.3027409 0.3004082 0.3004820 0.3012730 0.3042898 0.3079165 0.3107924 0.3146644 0.3181376 0.3171375 0.3158921 0.3150352 0.3131831 0.3133828 0.3140069 0.3133388 0.3152932 0.3162127
3.4028235E+38 3.4028235E+38 3.4028235E+38 3.4028235E+38 3.4028235E+38 3.4028235E+38 3.4028235E+38 3.4028235E+38 3.4028235E+38 3.4028235E+38 3.4028235E+38 3.4028235E+38 3.4028235E+38 3.4028235E+38 3.4028235E+38 3.4028235E+38 3.4028235E+38 3.4028235E+38 3.4028235E+38 3.4028235E+38 3.4028235E+38 3.4028235E+38 0.2373645 0.2430988 0.2492873 0.2568289 0.2642608 0.2712371 0.2795082 0.2878243 0.2960832 0.2920263 0.2877007 0.2840270 0.2862493 0.2858673 0.2905320 0.2937071 0.2942044 0.2954659 0.2979952 0.3013721 0.3063872 0.3095792 0.3151436 0.3218303 0.3176678 0.3144320 0.3124667 0.3102039 0.3093494 0.3096188 0.3095829 0.3097776 0.3103365
