LUCAS_GEMMES_COP27/includes/subsidence/Scenario_B1/TOT_SUBSIDENCE_2030_SINCE_2018_MKD_ONLY.ASC
NCOLS                318
NROWS                364
XLLCORNER      400000.00
YLLCORNER      907000.00
CELLSIZE         1000.00
NODATA_VALUE    0.3402823E+39
[rows 120 to 143 of 364, columns 162 to 215 of 318]
6.8972841E-02 6.9083214E-02 6.9413215E-02 6.8851322E-02 6.6820785E-02 6.6050291E-02 6.5438643E-02 6.5142751E-02 6.4700171E-02 6.3908786E-02 6.3391790E-02 6.2911525E-02 6.2431946E-02 6.1745062E-02 6.1304852E-02 6.1494946E-02 6.1200514E-02 6.0880721E-02 6.0853630E-02 6.1130092E-02 6.0923323E-02 6.0920581E-02 6.0838610E-02 6.0718834E-02 6.0713574E-02 6.0646623E-02 6.0773626E-02 6.0807228E-02 6.0643494E-02 6.0804576E-02 6.0856238E-02 6.0795635E-02 6.0828775E-02 6.0960948E-02 6.1007813E-02 6.0997605E-02 6.0887679E-02 6.1023057E-02 6.1025709E-02 6.1006546E-02 6.1011553E-02 6.0887158E-02 6.1882287E-02 6.2949002E-02 6.4326108E-02 6.5447137E-02 6.6261947E-02 6.7059696E-02 6.7860350E-02 6.8700567E-02 7.0064634E-02 7.1394265E-02 7.2017416E-02 7.2881922E-02
7.0004031E-02 6.9434896E-02 6.8892837E-02 6.8058297E-02 6.7399219E-02 6.6869900E-02 6.6408247E-02 6.5876991E-02 6.5280318E-02 6.4771041E-02 6.4326435E-02 6.4028576E-02 6.3301742E-02 6.3096717E-02 6.1989412E-02 6.1783195E-02 6.1535284E-02 6.1545581E-02 6.1693564E-02 6.1655954E-02 6.1402217E-02 6.1406866E-02 6.1287925E-02 6.1152756E-02 6.0989693E-02 6.0952157E-02 6.1023459E-02 6.1013728E-02 6.0861930E-02 6.1010137E-02 6.1049461E-02 6.0923383E-02 6.0910612E-02 6.0898021E-02 6.1061785E-02 6.1039999E-02 6.0863137E-02 6.0932875E-02 6.0965389E-02 6.0926720E-02 6.0835481E-02 6.0911477E-02 6.2335566E-02 6.3492537E-02 6.4692065E-02 6.5855965E-02 6.7170009E-02 6.7685187E-02 6.8352148E-02 6.9670022E-02 7.0713207E-02 7.2066218E-02 7.2959960E-02 7.3470205E-02
7.0523605E-02 7.0239261E-02 6.9537193E-02 6.8856940E-02 6.8059698E-02 6.7650631E-02 6.7536131E-02 6.6988796E-02 6.6037163E-02 6.5496564E-02 6.5298319E-02 6.4988896E-02 6.4158335E-02 6.3998327E-02 6.3332930E-02 6.3028529E-02 6.1486199E-02 6.1333075E-02 6.2020153E-02 6.1902002E-02 6.1848447E-02 6.1810240E-02 6.1726823E-02 6.1504170E-02 6.1400354E-02 6.1326787E-02 6.1375841E-02 6.1279073E-02 6.1169058E-02 6.1266243E-02 6.1233252E-02 6.1067045E-02 6.1158180E-02 6.0999870E-02 6.1124414E-02 6.1074346E-02 6.0851857E-02 6.0947895E-02 6.0913056E-02 6.0873270E-02 6.0898498E-02 6.1729848E-02 6.2902510E-02 6.4463258E-02 6.5686300E-02 6.6543713E-02 6.7615688E-02 6.8926573E-02 6.9474146E-02 7.0833996E-02 7.1394473E-02 7.2352186E-02 7.3633075E-02 7.3894575E-02
7.1222708E-02 7.0919007E-02 7.0283726E-02 6.9804564E-02 6.9329560E-02 6.8874151E-02 6.8111271E-02 6.7232296E-02 6.7219883E-02 6.6445053E-02 6.6266641E-02 6.5337658E-02 6.4787298E-02 6.4236373E-02 6.3671172E-02 6.3274711E-02 6.2788233E-02 6.1825857E-02 6.1569750E-02 6.2042564E-02 6.1806977E-02 6.1662868E-02 6.2062547E-02 6.1848387E-02 6.1822787E-02 6.1632603E-02 6.1563984E-02 6.1454907E-02 6.1397895E-02 6.1481580E-02 6.1419651E-02 6.1215922E-02 6.1305285E-02 6.1094716E-02 6.1194822E-02 6.1117306E-02 6.0855210E-02 6.0957253E-02 6.0898066E-02 6.0730979E-02 6.0988158E-02 6.2354207E-02 6.3661039E-02 6.4933836E-02 6.6481173E-02 6.7661047E-02 6.8404421E-02 6.9404140E-02 7.0277348E-02 7.1572930E-02 7.2368190E-02 7.2619498E-02 7.3655322E-02 7.3745772E-02
7.2061494E-02 7.1757823E-02 7.1267396E-02 7.0773080E-02 7.0473969E-02 6.9938228E-02 6.8815410E-02 6.8097129E-02 6.7554891E-02 6.7449734E-02 6.7045763E-02 6.5980956E-02 6.5445095E-02 6.5009996E-02 6.4550996E-02 6.4075127E-02 6.3624829E-02 6.3094318E-02 6.1963707E-02 6.2670484E-02 6.2465787E-02 6.1941624E-02 6.2286869E-02 6.2230185E-02 6.2237695E-02 6.2027752E-02 6.1857849E-02 6.1707526E-02 6.1715305E-02 6.1634511E-02 6.1409697E-02 6.1332420E-02 6.1444789E-02 6.1215803E-02 6.1101705E-02 6.0965493E-02 6.0854882E-02 6.0959384E-02 6.0899094E-02 6.0888454E-02 6.2074468E-02 6.3080803E-02 6.4771965E-02 6.5711111E-02 6.7369193E-02 6.8576992E-02 6.9686204E-02 6.9962725E-02 7.0706785E-02 7.2052866E-02 7.2120488E-02 7.2305530E-02 7.3276296E-02 7.3403403E-02
7.3382899E-02 7.3010579E-02 7.2316870E-02 7.2051391E-02 7.1470603E-02 7.0772380E-02 7.0081919E-02 6.9308534E-02 6.8886742E-02 6.8456560E-02 6.7655697E-02 6.6862419E-02 6.6141576E-02 6.5691203E-02 6.5517917E-02 6.5060779E-02 6.4286098E-02 6.3738927E-02 6.2478572E-02 6.2261209E-02 6.2964857E-02 6.2663823E-02 6.2523335E-02 6.2499806E-02 6.2514395E-02 6.2423974E-02 6.2155902E-02 6.1975569E-02 6.2009111E-02 6.1892241E-02 6.1569750E-02 6.1691076E-02 6.1647505E-02 6.1530367E-02 6.1166167E-02 6.0995683E-02 6.0890779E-02 6.0768142E-02 6.0531616E-02 6.1066821E-02 6.2872931E-02 6.3964501E-02 6.5703049E-02 6.6614002E-02 6.7913100E-02 6.9533646E-02 6.9915742E-02 7.0564583E-02 7.0970953E-02 7.1191788E-02 7.2106436E-02 7.2125584E-02 7.2668403E-02 7.3875934E-02
7.4661627E-02 7.4262097E-02 7.3573396E-02 7.3099807E-02 7.2352663E-02 7.1389705E-02 7.1288481E-02 7.0764974E-02 7.0203260E-02 6.9611907E-02 6.8618551E-02 6.8013132E-02 6.7655817E-02 6.6979110E-02 6.6457674E-02 6.5626189E-02 6.5021321E-02 6.4643607E-02 6.3971460E-02 6.2860370E-02 6.2565625E-02 6.2223032E-02 6.1850414E-02 6.2135577E-02 6.2040761E-02 6.2622398E-02 6.2556088E-02 6.2262177E-02 6.2112570E-02 6.1785161E-02 6.1324239E-02 6.1809406E-02 6.1838433E-02 6.1704665E-02 6.1303735E-02 6.1100185E-02 6.1220020E-02 6.1088562E-02 6.0688213E-02 6.1932266E-02 6.3320786E-02 6.4838797E-02 6.6258833E-02 6.7572609E-02 6.8823054E-02 7.0228577E-02 7.0516422E-02 7.1647152E-02 7.1954131E-02 7.1105406E-02 7.1533814E-02 7.2496414E-02 7.2881177E-02 7.4530378E-02
7.6612607E-02 7.5689763E-02 7.5007394E-02 7.4565768E-02 7.3776856E-02 7.2497994E-02 7.2394893E-02 7.2025821E-02 7.1247995E-02 7.0562199E-02 6.9725901E-02 6.9150776E-02 6.8720803E-02 6.8106189E-02 6.7412823E-02 6.6390634E-02 6.5865934E-02 6.5747648E-02 6.5114245E-02 6.4477429E-02 6.3130379E-02 6.2608927E-02 6.2152758E-02 6.2353134E-02 6.1507717E-02 6.2634647E-02 6.2753275E-02 6.2410772E-02 6.2274113E-02 6.1832219E-02 6.1406866E-02 6.1884686E-02 6.2019989E-02 6.1865598E-02 6.1419562E-02 6.1210543E-02 6.1048165E-02 6.0536638E-02 6.0670048E-02 6.2630191E-02 6.4124569E-02 6.6439867E-02 6.7288697E-02 6.8491802E-02 6.9836482E-02 7.0830643E-02 7.0793778E-02 7.1001738E-02 7.1637437E-02 7.1889356E-02 7.2110608E-02 7.2879076E-02 7.3312461E-02 7.4558794E-02
7.8674600E-02 7.7517509E-02 7.6641470E-02 7.5986698E-02 7.5215489E-02 7.3965222E-02 7.3563769E-02 7.2968885E-02 7.1761683E-02 7.1047977E-02 7.0292056E-02 6.9749385E-02 6.9537073E-02 6.8989232E-02 6.8327069E-02 6.7616865E-02 6.6884130E-02 6.6411451E-02 6.5938637E-02 6.5125525E-02 6.3967004E-02 6.3110098E-02 6.2703699E-02 6.2277153E-02 6.2858060E-02 6.2691525E-02 6.2258497E-02 6.2466547E-02 6.2391222E-02 6.2127799E-02 6.1963573E-02 6.2116966E-02 6.2176421E-02 6.2008426E-02 6.1525390E-02 6.1616480E-02 6.1492413E-02 6.0698405E-02 6.1748669E-02 6.3367441E-02 6.5170258E-02 6.6873565E-02 6.8341300E-02 6.9028661E-02 7.0047751E-02 7.0399538E-02 7.1330324E-02 7.0717558E-02 7.1011841E-02 7.2209895E-02 7.1972564E-02 7.1959019E-02 7.2931349E-02 7.3927969E-02
8.0526680E-02 7.9546511E-02 7.8739986E-02 7.7552825E-02 7.7152595E-02 7.6247931E-02 7.4836865E-02 7.4213579E-02 7.3218092E-02 7.2093457E-02 7.1348429E-02 7.0601657E-02 7.0551172E-02 6.9805354E-02 6.9140553E-02 6.8231061E-02 6.7339495E-02 6.6527173E-02 6.6225618E-02 6.5799326E-02 6.5229669E-02 6.3580409E-02 6.3052863E-02 6.2367052E-02 6.2381044E-02 6.2096506E-02 6.2366828E-02 6.2450558E-02 6.2309220E-02 6.2277451E-02 6.2148958E-02 6.2286586E-02 6.2247455E-02 6.2091634E-02 6.1635658E-02 6.1467886E-02 6.1484247E-02 6.1541900E-02 6.3251227E-02 6.4921901E-02 6.6199958E-02 6.7840993E-02 6.9015577E-02 6.9208458E-02 6.8288013E-02 6.8678573E-02 7.1108192E-02 6.9630504E-02 7.1150377E-02 7.1709514E-02 7.2040468E-02 7.1659058E-02 7.3332548E-02 7.4066371E-02
8.2277864E-02 8.0658033E-02 8.0246672E-02 7.9319522E-02 7.8425303E-02 7.7577531E-02 7.6101333E-02 7.4926034E-02 7.4560300E-02 7.3803201E-02 7.2987050E-02 7.2183877E-02 7.1108595E-02 6.9741130E-02 6.9453821E-02 6.8794206E-02 6.7917958E-02 6.7241743E-02 6.6644028E-02 6.6346765E-02 6.5482363E-02 6.4569771E-02 6.3345432E-02 6.2923133E-02 6.2703401E-02 6.2327251E-02 6.2013835E-02 6.1658055E-02 6.1412826E-02 6.2015802E-02 6.1664894E-02 6.1625838E-02 6.1989933E-02 6.2136993E-02 6.1762944E-02 6.2271327E-02 6.1771125E-02 6.2272027E-02 6.4465091E-02 6.6911697E-02 6.8460613E-02 6.9654867E-02 6.9798514E-02 6.8115950E-02 6.8780214E-02 7.1512371E-02 7.2428122E-02 7.1829766E-02 7.0555508E-02 7.0918247E-02 7.1432352E-02 7.1965292E-02 7.2596192E-02 7.3113039E-02
8.4731147E-02 8.3269820E-02 8.2259208E-02 8.1094891E-02 7.9992861E-02 7.8924060E-02 7.7918202E-02 7.6657966E-02 7.5719953E-02 7.4988499E-02 7.4008882E-02 7.3023602E-02 7.1771458E-02 7.1069941E-02 6.9986224E-02 6.9786176E-02 6.9098547E-02 6.8477362E-02 6.7765623E-02 6.6591948E-02 6.5762267E-02 6.5440163E-02 6.4076662E-02 6.3569456E-02 6.2721461E-02 6.2525809E-02 6.2222674E-02 6.1831683E-02 6.1485991E-02 6.1258033E-02 6.1955139E-02 6.1334878E-02 6.1785489E-02 6.1806440E-02 6.1940566E-02 6.1568752E-02 6.1584607E-02 6.3608259E-02 6.6299379E-02 6.8097338E-02 6.9513395E-02 6.9995061E-02 6.8470463E-02 6.8795443E-02 7.1588933E-02 7.1955755E-02 7.2262272E-02 7.2539657E-02 7.2497815E-02 7.1416348E-02 7.1709052E-02 7.2197497E-02 7.2835982E-02 7.3364556E-02
8.6971179E-02 8.5670978E-02 8.4174320E-02 8.2838312E-02 8.1576481E-02 8.0377549E-02 7.8931719E-02 7.7382356E-02 7.6831579E-02 7.6043159E-02 7.4936509E-02 7.3989600E-02 7.2782099E-02 7.1714684E-02 7.0869148E-02 7.0058078E-02 6.9707498E-02 6.9334120E-02 6.8569601E-02 6.7455322E-02 6.6424519E-02 6.5992340E-02 6.5079004E-02 6.4377263E-02 6.3450202E-02 6.2749118E-02 6.2370524E-02 6.1987236E-02 6.1563492E-02 6.1116278E-02 6.0809895E-02 6.0405284E-02 6.1447755E-02 6.1639845E-02 6.2088326E-02 6.3436955E-02 6.4056769E-02 6.5252990E-02 6.7607179E-02 6.9025859E-02 6.9554090E-02 6.8934679E-02 6.9442570E-02 7.2005659E-02 7.2826579E-02 7.3119432E-02 7.3245645E-02 7.3053956E-02 7.3177606E-02 7.3029339E-02 7.2128057E-02 7.2520152E-02 7.3047355E-02 7.3630527E-02
8.9072466E-02 8.6991340E-02 8.5915849E-02 8.4559590E-02 8.3179295E-02 8.1788316E-02 8.0360353E-02 7.8737080E-02 7.8092545E-02 7.7175856E-02 7.5994775E-02 7.5113267E-02 7.4230596E-02 7.3263407E-02 7.2197452E-02 7.0802331E-02 7.0103303E-02 6.9700688E-02 6.9170445E-02 6.8241060E-02 6.7183480E-02 6.6829488E-02 6.5835103E-02 6.5080091E-02 6.4658761E-02 6.3891128E-02 6.3408270E-02 6.2924922E-02 6.2339127E-02 6.1685339E-02 6.0771659E-02 6.0544416E-02 6.0414314E-02 6.0034230E-02 6.1040252E-02 6.2652811E-02 6.4484477E-02 6.6386759E-02 6.8352133E-02 6.8781316E-02 6.8876222E-02 6.9265366E-02 7.1918398E-02 7.2824329E-02 7.3297605E-02 7.3771313E-02 7.3616564E-02 7.3269829E-02 7.3260546E-02 7.3552296E-02 7.3258385E-02 7.3541269E-02 7.3159233E-02 7.3935479E-02
9.1056481E-02 8.8780075E-02 8.7089792E-02 8.5494339E-02 8.3649486E-02 8.2952231E-02 8.1741929E-02 8.0462947E-02 7.9394177E-02 7.8237563E-02 7.7046767E-02 7.6083228E-02 7.5086460E-02 7.4053422E-02 7.3154002E-02 7.2175950E-02 7.1025014E-02 6.9863752E-02 6.9492936E-02 6.8875298E-02 6.7992330E-02 6.6950396E-02 6.6626906E-02 6.5841600E-02 6.5471128E-02 6.4494327E-02 6.3994646E-02 6.3472152E-02 6.2595963E-02 6.1401531E-02 6.1013490E-02 6.1395824E-02 6.0462564E-02 6.0376704E-02 6.0886279E-02 6.2291235E-02 6.5168262E-02 6.8112239E-02 6.7984581E-02 6.8976268E-02 6.9327056E-02 7.1008518E-02 7.1950763E-02 7.2581679E-02 7.2978184E-02 7.3135495E-02 7.3365852E-02 7.3689044E-02 7.3732957E-02 7.3659971E-02 7.3770255E-02 7.3880851E-02 7.4027583E-02 7.4543342E-02
9.1594562E-02 9.0520412E-02 8.9296550E-02 8.7449476E-02 8.5453123E-02 8.4445834E-02 8.3144546E-02 8.1769079E-02 8.0483794E-02 7.9142764E-02 7.8120708E-02 7.7160910E-02 7.5966790E-02 7.4911103E-02 7.3942378E-02 7.3086113E-02 7.2097853E-02 7.1133345E-02 7.0235252E-02 6.9466293E-02 6.8650842E-02 6.7725390E-02 6.6869751E-02 6.5969348E-02 6.5440282E-02 6.4808384E-02 6.4892113E-02 6.4330071E-02 6.3000947E-02 6.2624484E-02 6.2198475E-02 6.2147036E-02 6.1910778E-02 6.1586931E-02 6.1684340E-02 6.2443867E-02 6.4391166E-02 6.8020120E-02 7.0126534E-02 7.1583837E-02 7.1078271E-02 6.9745094E-02 7.1984559E-02 7.3002383E-02 7.3694825E-02 7.3533505E-02 7.3581398E-02 7.3755980E-02 7.3967874E-02 7.4042350E-02 7.3913142E-02 7.4221864E-02 7.4660957E-02 7.5110972E-02
9.2997715E-02 9.1147318E-02 9.0617403E-02 8.8743702E-02 8.7109625E-02 8.5706159E-02 8.4283143E-02 8.2890213E-02 8.1440523E-02 8.0180064E-02 7.9176351E-02 7.8120381E-02 7.6868698E-02 7.5866014E-02 7.4941561E-02 7.3768795E-02 7.2709590E-02 7.1790159E-02 7.0900559E-02 7.0031568E-02 6.9226995E-02 6.8507120E-02 6.7521721E-02 6.6673070E-02 6.6058815E-02 6.5401599E-02 6.5259278E-02 6.3780680E-02 6.3382700E-02 6.3255891E-02 6.3009232E-02 6.2697336E-02 6.2366471E-02 6.1993688E-02 6.1893418E-02 6.3997671E-02 6.6214293E-02 6.8574056E-02 7.0684463E-02 7.2035536E-02 7.1662962E-02 7.0926696E-02 7.1031615E-02 7.3634863E-02 7.3090538E-02 7.1636140E-02 7.1928263E-02 7.2659850E-02 7.3055476E-02 7.3294640E-02 7.3794931E-02 7.3840275E-02 7.4687466E-02 7.5289771E-02
9.4702974E-02 9.2396379E-02 9.0955734E-02 8.9796394E-02 8.8303879E-02 8.6775824E-02 8.5305333E-02 8.3902389E-02 8.2481474E-02 8.1439048E-02 8.0328315E-02 7.8978777E-02 7.7823967E-02 7.6700419E-02 7.5651869E-02 7.4453965E-02 7.3511451E-02 7.2579622E-02 7.1518287E-02 7.0611253E-02 6.9873095E-02 6.8992987E-02 6.8188146E-02 6.7430377E-02 6.6634074E-02 6.6057727E-02 6.5462530E-02 6.4667717E-02 6.4118490E-02 6.3835755E-02 6.3453734E-02 6.3089430E-02 6.2633410E-02 6.2095404E-02 6.2180266E-02 6.4748555E-02 6.6911951E-02 6.8981841E-02 7.0952371E-02 7.2686985E-02 7.2959989E-02 7.2398320E-02 7.3830470E-02 7.3726654E-02 7.3667184E-02 7.3330060E-02 7.3731750E-02 7.4652091E-02 7.4870914E-02 7.4754953E-02 7.4025720E-02 7.4398071E-02 7.5232267E-02 7.5809211E-02
9.4507337E-02 9.3816429E-02 9.1979727E-02 9.0216905E-02 8.9191630E-02 8.7690294E-02 8.6186200E-02 8.4774107E-02 8.3468556E-02 8.2437009E-02 8.1441104E-02 7.9933181E-02 7.8596458E-02 7.7717736E-02 7.6394513E-02 7.5280249E-02 7.4276805E-02 7.3258221E-02 7.2168499E-02 7.1285740E-02 7.0373341E-02 6.9324449E-02 6.8520054E-02 6.7929327E-02 6.7009002E-02 6.6186085E-02 6.5374151E-02 6.4837590E-02 6.4719528E-02 6.4390078E-02 6.3898161E-02 6.3446552E-02 6.2812760E-02 6.2342033E-02 6.3686043E-02 6.5304071E-02 6.7483261E-02 6.9341034E-02 7.0996225E-02 7.2851002E-02 7.4116886E-02 7.4788168E-02 7.5169191E-02 7.4264109E-02 7.5255051E-02 7.5241014E-02 7.5053871E-02 7.5379804E-02 7.6069281E-02 7.6148003E-02 7.6144710E-02 7.6198459E-02 7.5990662E-02 7.6544359E-02
9.7078860E-02 9.4791695E-02 9.2817441E-02 9.1026843E-02 8.9413792E-02 8.8322461E-02 8.6928606E-02 8.5794613E-02 8.4749609E-02 8.3320752E-02 8.2111508E-02 8.0863133E-02 7.9523370E-02 7.8489587E-02 7.7229708E-02 7.6199710E-02 7.5061023E-02 7.3993936E-02 7.2827727E-02 7.1873993E-02 7.0809677E-02 6.9832578E-02 6.9003388E-02 6.8245709E-02 6.7479357E-02 6.6493392E-02 6.5921918E-02 6.5245926E-02 6.5356940E-02 6.4924315E-02 6.4375579E-02 6.3816354E-02 6.3168526E-02 6.3011095E-02 6.4594984E-02 6.6141307E-02 6.8091750E-02 6.9597155E-02 7.1131095E-02 7.2836861E-02 7.4389592E-02 7.5288534E-02 7.5538531E-02 7.4807122E-02 7.5705349E-02 7.6321900E-02 7.6592579E-02 7.6271415E-02 7.7061892E-02 7.7306464E-02 7.7479929E-02 7.7678978E-02 7.7908725E-02 7.8136668E-02
9.7055838E-02 9.5660135E-02 9.3315929E-02 9.1636494E-02 9.0015501E-02 8.8546291E-02 8.7648898E-02 8.6535022E-02 8.5492924E-02 8.4154382E-02 8.2910553E-02 8.1760958E-02 8.0486968E-02 7.9272509E-02 7.8161910E-02 7.7084199E-02 7.5929075E-02 7.4585259E-02 7.3425308E-02 7.2450846E-02 7.1482375E-02 7.0394218E-02 6.9459751E-02 6.8313852E-02 6.7720413E-02 6.7156494E-02 6.6742256E-02 6.5955088E-02 6.5962970E-02 6.5663785E-02 6.4958915E-02 6.4209491E-02 6.3535273E-02 6.3373700E-02 6.5475211E-02 6.6983581E-02 6.8559125E-02 7.0181116E-02 7.1666092E-02 7.3230803E-02 7.4660793E-02 7.5534329E-02 7.5755447E-02 7.5657621E-02 7.6786980E-02 7.7157736E-02 7.7398106E-02 7.6570541E-02 7.6915637E-02 7.8370690E-02 7.8657001E-02 7.8949437E-02 7.8985110E-02 7.9494223E-02
9.7021714E-02 9.5380440E-02 9.3916893E-02 9.1950014E-02 9.0380281E-02 8.8872194E-02 8.8177443E-02 8.7093607E-02 8.6018801E-02 8.4751487E-02 8.3669394E-02 8.2522988E-02 8.1249848E-02 8.0129027E-02 7.9018936E-02 7.7918753E-02 7.6758146E-02 7.4815810E-02 7.3844537E-02 7.3065430E-02 7.1940273E-02 7.0297286E-02 6.9828451E-02 6.9040492E-02 6.8751007E-02 6.8371907E-02 6.7927703E-02 6.7387640E-02 6.6820756E-02 6.6309214E-02 6.5677434E-02 6.4953372E-02 6.4395338E-02 6.5192834E-02 6.6524416E-02 6.8054467E-02 6.9372609E-02 7.0809588E-02 7.2510794E-02 7.3885933E-02 7.5095564E-02 7.5888306E-02 7.5591683E-02 7.6127574E-02 7.7651590E-02 7.7987134E-02 7.8241110E-02 7.8495115E-02 7.8353584E-02 7.9360411E-02 7.9716548E-02 8.0121741E-02 8.0174714E-02 8.0697790E-02
9.6934423E-02 9.5939904E-02 9.4003618E-02 9.1877162E-02 9.0460941E-02 8.9249119E-02 8.8251337E-02 8.7534547E-02 8.6574212E-02 8.5561514E-02 8.4461376E-02 8.3395660E-02 8.2279906E-02 8.0998525E-02 7.9979777E-02 7.8958035E-02 7.7510372E-02 7.6113403E-02 7.5031206E-02 7.3842958E-02 7.2353095E-02 7.1279287E-02 7.0738330E-02 7.0515335E-02 6.9982469E-02 6.9425970E-02 6.8894520E-02 6.8381742E-02 6.7776069E-02 6.7128927E-02 6.6502884E-02 6.5830067E-02 6.5435871E-02 6.6381916E-02 6.7732513E-02 6.8957955E-02 7.0271403E-02 7.1615323E-02 7.2945625E-02 7.4132174E-02 7.5621814E-02 7.6389611E-02 7.6066002E-02 7.7267513E-02 7.8591466E-02 7.9060137E-02 7.9135939E-02 7.9748183E-02 7.8822613E-02 7.9177946E-02 8.0188766E-02 8.0743089E-02 8.1229925E-02 8.1742093E-02
9.6941143E-02 9.5409229E-02 9.3533173E-02 9.2152759E-02 9.0600595E-02 8.9513004E-02 8.7813228E-02 8.7972254E-02 8.7286368E-02 8.6364210E-02 8.5327670E-02 8.4211394E-02 8.3222121E-02 8.1983507E-02 8.1055090E-02 7.9657853E-02 7.8356251E-02 7.7148393E-02 7.5861081E-02 7.4478328E-02 7.3427245E-02 7.2865129E-02 7.2393388E-02 7.1808234E-02 7.1229249E-02 7.0627570E-02 7.0086569E-02 6.9428071E-02 6.8812877E-02 6.8125471E-02 6.7448840E-02 6.6191241E-02 6.6126525E-02 6.7679539E-02 6.8971395E-02 7.0045486E-02 7.1476370E-02 7.2755679E-02 7.4009940E-02 7.4956864E-02 7.5857073E-02 7.6875120E-02 7.7257529E-02 7.8018561E-02 7.9514474E-02 7.9633564E-02 7.9033807E-02 8.0154315E-02 8.0140382E-02 8.0315560E-02 8.1104398E-02 8.2116887E-02 8.2610518E-02 8.3168253E-02
