LUCAS_GEMMES_COP27/includes/subsidence/Scenario_B1/TOT_SUBSIDENCE_2050_SINCE_2018_MKD_ONLY.ASC
NCOLS                318
NROWS                364
XLLCORNER      400000.00
YLLCORNER      907000.00
CELLSIZE         1000.00
NODATA_VALUE    0.3402823E+39
[rows 264 to 287 of 364, columns 110 to 164 of 318]
0.5382654 0.5633076 0.5857081 0.5999837 0.6054454 0.6140031 0.6186407 0.6198352 0.6195521 0.6167060 0.6189015 0.6226796 0.6198632 0.6172456 0.6157061 0.6163384 0.6137187 0.6105777 0.6082639 0.6028556 0.5994614 0.5925176 0.5870943 0.5842732 0.5773469 0.5717216 0.5657322 0.5591666 0.5506451 0.5476810 0.5414292 0.5342814 0.5259190 0.5163063 0.5059295 0.4995582 0.4916649 0.4800847 0.4660064 0.4579431 0.4480354 0.4358991 0.4240536 0.4128777 0.3965299 0.3788202 0.3842006 3.4028235E+38 3.4028235E+38 3.4028235E+38 3.4028235E+38 3.4028235E+38 3.4028235E+38 3.4028235E+38 3.4028235E+38
0.5322962 0.5526590 0.5754931 0.5851708 0.5907855 0.5963200 0.5992732 0.6020257 0.6037962 0.6037428 0.6044868 0.6051780 0.6017500 0.6032274 0.6028659 0.6025363 0.6007098 0.5998359 0.5943522 0.5857732 0.5852302 0.5818449 0.5742861 0.5704229 0.5639861 0.5584916 0.5525833 0.5461704 0.5374061 0.5332716 0.5260525 0.5184332 0.5098599 0.5011890 0.4911281 0.4812195 0.4699934 0.4585171 0.4451644 0.4373100 0.4269419 0.4148408 0.4033954 0.3877895 0.3721065 3.4028235E+38 3.4028235E+38 3.4028235E+38 3.4028235E+38 3.4028235E+38 3.4028235E+38 3.4028235E+38 3.4028235E+38 3.4028235E+38 3.4028235E+38
0.5219474 0.5418310 0.5595689 0.5676247 0.5736523 0.5784510 0.5822429 0.5847236 0.5854477 0.5886685 0.5896167 0.5919994 0.5883597 0.5888200 0.5865779 0.5862702 0.5840693 0.5815952 0.5766052 0.5735653 0.5728240 0.5682464 0.5605389 0.5536073 0.5496011 0.5458076 0.5401025 0.5345106 0.5244497 0.5171160 0.5113966 0.5042988 0.4962578 0.4851329 0.4722560 0.4631001 0.4510463 0.4373914 0.4265021 0.4176428 0.4066708 0.3952439 0.3826685 3.4028235E+38 3.4028235E+38 3.4028235E+38 3.4028235E+38 3.4028235E+38 3.4028235E+38 3.4028235E+38 3.4028235E+38 3.4028235E+38 3.4028235E+38 3.4028235E+38 3.4028235E+38
0.5137401 0.5353688 0.5477270 0.5525544 0.5596240 0.5636555 0.5662211 0.5684040 0.5715544 0.5730673 0.5728453 0.5745996 0.5746425 0.5716293 0.5695983 0.5681922 0.5670793 0.5657967 0.5648081 0.5601712 0.5573947 0.5527130 0.5471820 0.5388147 0.5356221 0.5333422 0.5274534 0.5217378 0.5136731 0.5041128 0.4969398 0.4873379 0.4771877 0.4666366 0.4537997 0.4447124 0.4309389 0.4188973 0.4092621 0.3983494 0.3838747 0.3775035 3.4028235E+38 3.4028235E+38 3.4028235E+38 3.4028235E+38 3.4028235E+38 3.4028235E+38 3.4028235E+38 3.4028235E+38 3.4028235E+38 3.4028235E+38 3.4028235E+38 3.4028235E+38 3.4028235E+38
0.5036893 0.5238502 0.5306808 0.5357313 0.5396652 0.5451197 0.5506927 0.5545225 0.5562956 0.5562153 0.5583492 0.5591305 0.5586466 0.5569088 0.5560641 0.5547997 0.5534449 0.5521589 0.5509927 0.5467197 0.5449481 0.5402199 0.5343541 0.5293766 0.5236531 0.5187000 0.5150132 0.5092607 0.5004573 0.4872561 0.4790185 0.4695146 0.4589795 0.4470225 0.4357041 0.4264491 0.4121669 0.4017611 0.3920607 0.3791647 0.3738722 3.4028235E+38 3.4028235E+38 3.4028235E+38 3.4028235E+38 3.4028235E+38 3.4028235E+38 3.4028235E+38 3.4028235E+38 3.4028235E+38 3.4028235E+38 3.4028235E+38 3.4028235E+38 3.4028235E+38 3.4028235E+38
0.4928102 0.5084399 0.5174389 0.5216858 0.5251635 0.5277979 0.5319766 0.5362353 0.5395496 0.5406688 0.5440372 0.5445932 0.5424562 0.5415273 0.5419157 0.5390716 0.5369121 0.5359703 0.5338554 0.5299485 0.5273211 0.5239111 0.5191399 0.5157766 0.5094253 0.5036581 0.4990176 0.4923780 0.4819010 0.4704797 0.4603213 0.4513000 0.4392630 0.4289314 0.4180182 0.4108677 0.3943340 0.3765502 0.3757417 0.3704202 3.4028235E+38 3.4028235E+38 3.4028235E+38 3.4028235E+38 3.4028235E+38 3.4028235E+38 3.4028235E+38 3.4028235E+38 3.4028235E+38 3.4028235E+38 3.4028235E+38 3.4028235E+38 3.4028235E+38 3.4028235E+38 3.4028235E+38
0.4853745 0.4963548 0.5015124 0.5068401 0.5115296 0.5146273 0.5168155 0.5206397 0.5252461 0.5254911 0.5271993 0.5283825 0.5275869 0.5264932 0.5251038 0.5228021 0.5206474 0.5193373 0.5163753 0.5133251 0.5106874 0.5072181 0.5034420 0.4997923 0.4915902 0.4871885 0.4816813 0.4769143 0.4668528 0.4550492 0.4428307 0.4319672 0.4216509 0.4136778 0.4003181 0.3906739 0.3751035 0.3677976 0.3670014 3.4028235E+38 3.4028235E+38 3.4028235E+38 3.4028235E+38 3.4028235E+38 3.4028235E+38 3.4028235E+38 3.4028235E+38 3.4028235E+38 3.4028235E+38 3.4028235E+38 3.4028235E+38 3.4028235E+38 3.4028235E+38 3.4028235E+38 3.4028235E+38
0.4710279 0.4794198 0.4870903 0.4907798 0.4966262 0.4990193 0.5026392 0.5056820 0.5084259 0.5088511 0.5097917 0.5129234 0.5139092 0.5113860 0.5096810 0.5076854 0.5051461 0.5027108 0.4998930 0.4970900 0.4945812 0.4916395 0.4865110 0.4809679 0.4745053 0.4700514 0.4645072 0.4555428 0.4462771 0.4362824 0.4268669 0.4161069 0.4037729 0.3951972 0.3818818 0.3727620 0.3631707 0.3593906 3.4028235E+38 3.4028235E+38 3.4028235E+38 3.4028235E+38 3.4028235E+38 3.4028235E+38 3.4028235E+38 3.4028235E+38 3.4028235E+38 3.4028235E+38 3.4028235E+38 3.4028235E+38 3.4028235E+38 3.4028235E+38 3.4028235E+38 3.4028235E+38 3.4028235E+38
0.4579868 0.4654861 0.4711040 0.4749407 0.4774272 0.4813398 0.4862400 0.4905653 0.4926673 0.4922876 0.4941037 0.4958495 0.4961962 0.4948169 0.4938809 0.4935896 0.4899223 0.4870930 0.4826104 0.4786132 0.4769243 0.4751974 0.4676482 0.4616126 0.4560037 0.4502738 0.4456875 0.4359030 0.4268255 0.4182750 0.4113835 0.3990880 0.3873125 0.3761469 0.3704944 0.3657519 0.3566301 0.3526851 3.4028235E+38 3.4028235E+38 3.4028235E+38 3.4028235E+38 3.4028235E+38 3.4028235E+38 3.4028235E+38 3.4028235E+38 3.4028235E+38 3.4028235E+38 3.4028235E+38 3.4028235E+38 3.4028235E+38 3.4028235E+38 3.4028235E+38 3.4028235E+38 3.4028235E+38
0.4456900 0.4489020 0.4544750 0.4593948 0.4614905 0.4655684 0.4693877 0.4739456 0.4773197 0.4774568 0.4776188 0.4799374 0.4805194 0.4793444 0.4778345 0.4758030 0.4724176 0.4718906 0.4661438 0.4601511 0.4571339 0.4536607 0.4478891 0.4427246 0.4367732 0.4311616 0.4239253 0.4157742 0.4073479 0.3989656 0.3915721 0.3818479 0.3687990 0.3661755 0.3614306 3.4028235E+38 0.3530180 3.4028235E+38 3.4028235E+38 3.4028235E+38 3.4028235E+38 3.4028235E+38 3.4028235E+38 3.4028235E+38 3.4028235E+38 3.4028235E+38 3.4028235E+38 3.4028235E+38 3.4028235E+38 3.4028235E+38 3.4028235E+38 3.4028235E+38 3.4028235E+38 3.4028235E+38 3.4028235E+38
0.4266499 0.4333055 0.4380934 0.4416471 0.4447666 0.4488896 0.4524940 0.4570496 0.4617102 0.4607474 0.4619575 0.4648944 0.4650882 0.4630996 0.4609681 0.4570171 0.4519368 0.4487484 0.4447896 0.4399733 0.4357091 0.4314345 0.4270569 0.4242404 0.4159945 0.4092788 0.4028177 0.3949910 0.3869146 0.3799234 0.3712542 0.3656694 0.3582457 0.3580588 0.3540315 3.4028235E+38 3.4028235E+38 3.4028235E+38 3.4028235E+38 3.4028235E+38 3.4028235E+38 3.4028235E+38 3.4028235E+38 3.4028235E+38 3.4028235E+38 3.4028235E+38 3.4028235E+38 3.4028235E+38 3.4028235E+38 3.4028235E+38 3.4028235E+38 3.4028235E+38 3.4028235E+38 3.4028235E+38 3.4028235E+38
0.4126350 0.4184179 0.4230728 0.4272681 0.4295275 0.4322514 0.4355544 0.4394255 0.4419306 0.4446149 0.4465480 0.4499341 0.4537548 0.4490554 0.4474197 0.4400209 0.4347132 0.4299662 0.4256832 0.4218211 0.4166876 0.4122387 0.4085667 0.4046358 0.3971280 0.3907701 0.3866072 0.3778319 0.3691015 0.3598691 0.3588711 0.3562163 0.3507940 0.3476092 3.4028235E+38 3.4028235E+38 3.4028235E+38 3.4028235E+38 3.4028235E+38 3.4028235E+38 3.4028235E+38 3.4028235E+38 3.4028235E+38 3.4028235E+38 3.4028235E+38 3.4028235E+38 3.4028235E+38 3.4028235E+38 3.4028235E+38 3.4028235E+38 3.4028235E+38 3.4028235E+38 3.4028235E+38 3.4028235E+38 3.4028235E+38
0.3979837 0.4030046 0.4077134 0.4118358 0.4138680 0.4156467 0.4187689 0.4223180 0.4240569 0.4280848 0.4313953 0.4357970 0.4314279 0.4279634 0.4236267 0.4184586 0.4140606 0.4082909 0.4049962 0.4035192 0.3967535 0.3915917 0.3868877 0.3822614 0.3773097 0.3711618 0.3661984 0.3550089 0.3531055 0.3487375 0.3447018 0.3425211 0.3406201 0.3384561 3.4028235E+38 3.4028235E+38 3.4028235E+38 3.4028235E+38 3.4028235E+38 3.4028235E+38 3.4028235E+38 3.4028235E+38 3.4028235E+38 3.4028235E+38 3.4028235E+38 3.4028235E+38 3.4028235E+38 3.4028235E+38 3.4028235E+38 3.4028235E+38 3.4028235E+38 3.4028235E+38 3.4028235E+38 3.4028235E+38 3.4028235E+38
0.3833203 0.3878094 0.3906229 0.3935727 0.3953732 0.3977795 0.4018312 0.4058591 0.4052610 0.4085463 0.4105017 0.4116660 0.4076087 0.4055085 0.4011455 0.3969685 0.3922069 0.3878094 0.3847367 0.3810017 0.3755110 0.3712317 0.3671343 0.3628692 0.3591056 0.3544755 0.3470713 0.3450770 0.3463787 0.3440501 0.3378485 0.3358375 0.3300078 3.4028235E+38 3.4028235E+38 3.4028235E+38 3.4028235E+38 3.4028235E+38 3.4028235E+38 3.4028235E+38 3.4028235E+38 3.4028235E+38 3.4028235E+38 3.4028235E+38 3.4028235E+38 3.4028235E+38 3.4028235E+38 3.4028235E+38 3.4028235E+38 3.4028235E+38 3.4028235E+38 3.4028235E+38 3.4028235E+38 3.4028235E+38 3.4028235E+38
0.3675651 0.3734404 0.3759830 0.3785998 0.3796645 0.3805119 0.3832935 0.3856381 0.3865988 0.3891904 0.3896595 0.3873541 0.3838503 0.3815923 0.3779517 0.3761863 0.3718726 0.3680656 0.3627014 0.3583609 0.3542854 0.3510216 0.3469608 0.3444992 0.3406763 0.3402689 0.3382899 0.3402463 0.3413486 0.3393723 0.3361738 0.3332497 0.3245867 3.4028235E+38 3.4028235E+38 3.4028235E+38 3.4028235E+38 3.4028235E+38 3.4028235E+38 3.4028235E+38 3.4028235E+38 3.4028235E+38 3.4028235E+38 3.4028235E+38 3.4028235E+38 3.4028235E+38 3.4028235E+38 3.4028235E+38 3.4028235E+38 3.4028235E+38 3.4028235E+38 3.4028235E+38 3.4028235E+38 3.4028235E+38 3.4028235E+38
0.3523176 0.3594102 0.3632357 0.3632178 0.3633851 0.3640120 0.3665251 0.3685812 0.3689491 0.3687616 0.3668755 0.3643101 0.3623524 0.3596647 0.3568738 0.3527796 0.3490193 0.3454124 0.3422679 0.3374134 0.3339422 0.3326028 0.3294223 0.3258950 0.3296331 0.3337196 0.3371315 0.3362357 0.3371721 0.3326146 0.3289195 0.3250884 0.3195868 3.4028235E+38 3.4028235E+38 3.4028235E+38 3.4028235E+38 3.4028235E+38 3.4028235E+38 3.4028235E+38 3.4028235E+38 3.4028235E+38 3.4028235E+38 3.4028235E+38 3.4028235E+38 3.4028235E+38 3.4028235E+38 3.4028235E+38 3.4028235E+38 3.4028235E+38 3.4028235E+38 3.4028235E+38 3.4028235E+38 3.4028235E+38 3.4028235E+38
0.3363367 0.3413774 0.3478413 0.3458278 0.3459950 0.3474336 0.3507696 0.3542917 0.3525051 0.3498937 0.3474884 0.3449857 0.3430495 0.3380141 0.3356273 0.3325855 0.3283788 0.3242605 0.3212154 0.3183618 0.3166509 0.3132812 0.3134227 0.3146416 0.3215876 0.3270030 0.3305359 0.3290517 0.3268024 0.3236812 0.3210461 0.3194209 0.3115135 3.4028235E+38 3.4028235E+38 3.4028235E+38 3.4028235E+38 3.4028235E+38 3.4028235E+38 3.4028235E+38 3.4028235E+38 3.4028235E+38 3.4028235E+38 3.4028235E+38 3.4028235E+38 3.4028235E+38 3.4028235E+38 3.4028235E+38 3.4028235E+38 3.4028235E+38 3.4028235E+38 3.4028235E+38 3.4028235E+38 3.4028235E+38 3.4028235E+38
0.3197764 0.3231242 0.3277221 0.3290228 0.3300230 0.3314590 0.3333700 0.3349186 0.3335322 0.3309031 0.3283145 0.3255378 0.3229693 0.3181542 0.3147733 0.3130093 0.3088235 0.3050394 0.3038254 0.3013524 0.2976120 0.3010333 0.3053700 0.3091974 0.3131767 0.3169832 0.3190876 0.3201631 0.3167455 0.3135175 0.3107908 0.3070199 3.4028235E+38 3.4028235E+38 3.4028235E+38 3.4028235E+38 3.4028235E+38 3.4028235E+38 3.4028235E+38 3.4028235E+38 3.4028235E+38 3.4028235E+38 3.4028235E+38 3.4028235E+38 3.4028235E+38 3.4028235E+38 3.4028235E+38 3.4028235E+38 3.4028235E+38 3.4028235E+38 3.4028235E+38 3.4028235E+38 3.4028235E+38 3.4028235E+38 3.4028235E+38
0.3047321 0.3062149 0.3096934 0.3117527 0.3130217 0.3144422 0.3157791 0.3156976 0.3177441 0.3129960 0.3099809 0.3062485 0.3025897 0.2976590 0.2944853 0.2928249 0.2902496 0.2881267 0.2835325 0.2858242 0.2880458 0.2938666 0.2980000 0.3022608 0.3061115 0.3078361 0.3091511 0.3126794 0.3075575 0.3037714 0.3004645 0.2964257 3.4028235E+38 3.4028235E+38 3.4028235E+38 3.4028235E+38 3.4028235E+38 3.4028235E+38 3.4028235E+38 3.4028235E+38 3.4028235E+38 3.4028235E+38 3.4028235E+38 3.4028235E+38 3.4028235E+38 3.4028235E+38 3.4028235E+38 3.4028235E+38 3.4028235E+38 3.4028235E+38 3.4028235E+38 3.4028235E+38 3.4028235E+38 3.4028235E+38 3.4028235E+38
0.2903631 0.2909159 0.2936742 0.2952690 0.2964993 0.2976441 0.2964188 0.2958609 0.2953802 0.2931053 0.2922046 0.2869927 0.2831989 0.2787361 0.2753215 0.2740792 0.2726167 0.2694951 0.2730811 0.2792526 0.2855865 0.2871617 0.2904666 0.2939157 0.2968585 0.2983171 0.2988920 0.2999497 0.2969925 0.2940395 0.2904093 3.4028235E+38 3.4028235E+38 3.4028235E+38 3.4028235E+38 3.4028235E+38 3.4028235E+38 3.4028235E+38 3.4028235E+38 3.4028235E+38 3.4028235E+38 3.4028235E+38 3.4028235E+38 3.4028235E+38 3.4028235E+38 3.4028235E+38 3.4028235E+38 3.4028235E+38 3.4028235E+38 3.4028235E+38 3.4028235E+38 3.4028235E+38 3.4028235E+38 3.4028235E+38 3.4028235E+38
0.2761957 0.2767331 0.2781928 0.2792737 0.2801560 0.2787085 0.2768348 0.2756891 0.2747913 0.2716717 0.2697920 0.2671327 0.2638996 0.2610952 0.2587877 0.2544793 0.2573374 0.2602481 0.2671052 0.2719904 0.2768963 0.2802756 0.2833831 0.2856005 0.2864827 0.2883571 0.2892203 0.2893345 0.2847857 0.2851252 0.2805829 3.4028235E+38 3.4028235E+38 3.4028235E+38 3.4028235E+38 3.4028235E+38 3.4028235E+38 3.4028235E+38 3.4028235E+38 3.4028235E+38 3.4028235E+38 3.4028235E+38 3.4028235E+38 3.4028235E+38 3.4028235E+38 3.4028235E+38 3.4028235E+38 3.4028235E+38 3.4028235E+38 3.4028235E+38 3.4028235E+38 3.4028235E+38 3.4028235E+38 3.4028235E+38 3.4028235E+38
0.2621508 0.2631215 0.2649535 0.2656370 0.2641934 0.2618355 0.2595996 0.2569312 0.2549975 0.2530433 0.2520909 0.2498948 0.2483269 0.2462668 0.2422343 0.2454683 0.2514428 0.2569760 0.2613497 0.2656022 0.2697543 0.2734797 0.2770799 0.2787318 0.2780589 0.2808240 0.2789779 0.2784357 0.2752477 0.2744619 3.4028235E+38 3.4028235E+38 3.4028235E+38 3.4028235E+38 3.4028235E+38 3.4028235E+38 3.4028235E+38 3.4028235E+38 3.4028235E+38 3.4028235E+38 3.4028235E+38 3.4028235E+38 3.4028235E+38 3.4028235E+38 3.4028235E+38 3.4028235E+38 3.4028235E+38 3.4028235E+38 3.4028235E+38 3.4028235E+38 3.4028235E+38 3.4028235E+38 3.4028235E+38 3.4028235E+38 3.4028235E+38
0.2493661 0.2507382 0.2516142 0.2503635 0.2473927 0.2448624 0.2424773 0.2403113 0.2383935 0.2370689 0.2348356 0.2331248 0.2296490 0.2348936 0.2337810 0.2398143 0.2454157 0.2537871 0.2561502 0.2596405 0.2631983 0.2671069 0.2733526 0.2720865 0.2706479 0.2694534 0.2703486 0.2721687 0.2669981 0.2635424 3.4028235E+38 3.4028235E+38 3.4028235E+38 3.4028235E+38 3.4028235E+38 3.4028235E+38 3.4028235E+38 3.4028235E+38 3.4028235E+38 3.4028235E+38 3.4028235E+38 3.4028235E+38 3.4028235E+38 3.4028235E+38 3.4028235E+38 3.4028235E+38 3.4028235E+38 3.4028235E+38 3.4028235E+38 3.4028235E+38 3.4028235E+38 3.4028235E+38 3.4028235E+38 3.4028235E+38 3.4028235E+38
0.2371720 0.2386021 0.2373582 0.2344082 0.2318517 0.2293549 0.2267642 0.2243307 0.2219167 0.2209487 0.2197076 0.2163355 0.2201032 0.2262507 0.2304183 0.2349613 0.2394357 0.2457156 0.2498386 0.2539481 0.2566922 0.2595056 0.2636649 0.2643385 0.2627373 0.2599375 0.2608912 0.2594869 0.2564555 0.2534317 3.4028235E+38 3.4028235E+38 3.4028235E+38 3.4028235E+38 3.4028235E+38 3.4028235E+38 3.4028235E+38 3.4028235E+38 3.4028235E+38 3.4028235E+38 3.4028235E+38 3.4028235E+38 3.4028235E+38 3.4028235E+38 3.4028235E+38 3.4028235E+38 3.4028235E+38 3.4028235E+38 3.4028235E+38 3.4028235E+38 3.4028235E+38 3.4028235E+38 3.4028235E+38 3.4028235E+38 3.4028235E+38
