LUCAS_GEMMES_COP27/includes/subsidence/Scenario_B1/TOT_SUBSIDENCE_2030_SINCE_2018_MKD_ONLY.ASC
NCOLS                318
NROWS                364
XLLCORNER      400000.00
YLLCORNER      907000.00
CELLSIZE         1000.00
NODATA_VALUE    0.3402823E+39
[rows 96 to 119 of 364, columns 162 to 215 of 318]
5.4419428E-02 5.4603323E-02 5.4931730E-02 5.5515230E-02 5.5707589E-02 5.5961132E-02 5.6082383E-02 5.6116283E-02 5.6052864E-02 5.6260496E-02 5.6143031E-02 5.6221277E-02 5.6362823E-02 5.6439281E-02 5.6536436E-02 5.6676105E-02 5.6872949E-02 5.7345375E-02 5.7928905E-02 5.8328062E-02 5.8983147E-02 5.9952572E-02 6.0961202E-02 6.1457098E-02 6.1805069E-02 6.1820760E-02 6.2133536E-02 6.2843278E-02 6.3071847E-02 6.3219205E-02 6.3543841E-02 6.3425481E-02 6.3535348E-02 6.3694432E-02 6.3854247E-02 6.3965917E-02 6.4055681E-02 6.4091563E-02 6.4096346E-02 6.4087301E-02 6.4078704E-02 6.4100310E-02 6.4136729E-02 6.3744485E-02 6.3827112E-02 6.3496202E-02 6.3252196E-02 6.3270777E-02 6.3169792E-02 6.2900975E-02 6.2530056E-02 6.2398002E-02 6.1871648E-02 6.1572596E-02
5.4624885E-02 5.4808959E-02 5.5113658E-02 5.5416271E-02 5.5616707E-02 5.6051791E-02 5.6169346E-02 5.6059629E-02 5.6137249E-02 5.6068480E-02 5.6082219E-02 5.5991814E-02 5.6103736E-02 5.6187630E-02 5.6303322E-02 5.6245491E-02 5.6319147E-02 5.6679055E-02 5.7292923E-02 5.7776883E-02 5.8321580E-02 5.9176371E-02 5.9878901E-02 6.0552746E-02 6.0889497E-02 6.0944259E-02 6.1289549E-02 6.2133089E-02 6.2613204E-02 6.2868431E-02 6.3110039E-02 6.2972456E-02 6.3210174E-02 6.3383609E-02 6.3513353E-02 6.3646093E-02 6.3754499E-02 6.3823059E-02 6.3898906E-02 6.3938841E-02 6.3809112E-02 6.3978285E-02 6.4096510E-02 6.3873649E-02 6.3615754E-02 6.3254267E-02 6.2933192E-02 6.2741295E-02 6.2628597E-02 6.2330469E-02 6.1969101E-02 6.1814576E-02 6.1094284E-02 6.1041936E-02
5.4864720E-02 5.5152163E-02 5.5442154E-02 5.5601344E-02 5.5760562E-02 5.5940494E-02 5.6004643E-02 5.6088179E-02 5.6017488E-02 5.6143224E-02 5.6111798E-02 5.5872694E-02 5.5962399E-02 5.6016460E-02 5.6128204E-02 5.5993497E-02 5.5967674E-02 5.6173384E-02 5.6682155E-02 5.7254925E-02 5.7687685E-02 5.8545977E-02 5.9113637E-02 6.0023621E-02 6.0577363E-02 6.0777619E-02 6.1084196E-02 6.1830804E-02 6.2146649E-02 6.2109217E-02 6.2407717E-02 6.2666237E-02 6.2892169E-02 6.3070998E-02 6.3238934E-02 6.3385442E-02 6.3626021E-02 6.3526034E-02 6.3511521E-02 6.3580319E-02 6.3551396E-02 6.3706025E-02 6.3610062E-02 6.3495189E-02 6.3177213E-02 6.3032702E-02 6.2848508E-02 6.2855661E-02 6.2688485E-02 6.2283084E-02 6.1735958E-02 6.1022922E-02 6.1272517E-02 6.1961517E-02
5.5220380E-02 5.5420101E-02 5.5724621E-02 5.6106716E-02 5.5961728E-02 5.6061596E-02 5.6361631E-02 5.6291610E-02 5.6225151E-02 5.6239039E-02 5.6112617E-02 5.5942580E-02 5.5916652E-02 5.5973709E-02 5.5925310E-02 5.5736631E-02 5.5745289E-02 5.5719137E-02 5.6012541E-02 5.6438610E-02 5.6900054E-02 5.7629675E-02 5.8367491E-02 5.9167296E-02 5.9778869E-02 6.0313508E-02 6.0790703E-02 6.1232775E-02 6.1757043E-02 6.1768055E-02 6.2101156E-02 6.2365055E-02 6.2670335E-02 6.2829927E-02 6.3012630E-02 6.3167408E-02 6.3295797E-02 6.3340917E-02 6.3278809E-02 6.3317329E-02 6.3374951E-02 6.3376561E-02 6.3199952E-02 6.3108236E-02 6.2976122E-02 6.2825501E-02 6.2673181E-02 6.2745586E-02 6.2686682E-02 6.2382683E-02 6.1939895E-02 6.1498687E-02 6.1972737E-02 6.1857954E-02
5.5641338E-02 5.5742323E-02 5.5984497E-02 5.6402206E-02 5.6339279E-02 5.6371555E-02 5.6507662E-02 5.6371883E-02 5.6312308E-02 5.6250319E-02 5.6107417E-02 5.6049094E-02 5.5855259E-02 5.5787832E-02 5.5639505E-02 5.5606455E-02 5.5459082E-02 5.5299938E-02 5.5310160E-02 5.5795267E-02 5.5686712E-02 5.6724072E-02 5.7685152E-02 5.8431432E-02 5.9302464E-02 6.0012564E-02 6.0338020E-02 6.0701758E-02 6.1236441E-02 6.1414227E-02 6.1762005E-02 6.2054679E-02 6.2423185E-02 6.2710106E-02 6.2739000E-02 6.2941581E-02 6.3197613E-02 6.3124135E-02 6.3097253E-02 6.3116625E-02 6.3120425E-02 6.3023686E-02 6.3000053E-02 6.2905878E-02 6.2803790E-02 6.2700301E-02 6.2503025E-02 6.2485605E-02 6.2627509E-02 6.2197611E-02 6.1628565E-02 6.1836258E-02 6.2356293E-02 6.2604770E-02
5.6029350E-02 5.6080475E-02 5.6307524E-02 5.6391567E-02 5.6651711E-02 5.6504339E-02 5.6632027E-02 5.6498215E-02 5.6432202E-02 5.6142822E-02 5.6187496E-02 5.6062222E-02 5.5785686E-02 5.5500597E-02 5.5342570E-02 5.5135906E-02 5.4927349E-02 5.4703653E-02 5.4562867E-02 5.4507762E-02 5.5006266E-02 5.6024924E-02 5.7167813E-02 5.8071658E-02 5.8860317E-02 5.9634283E-02 5.9959918E-02 6.0344264E-02 6.0889095E-02 6.1224103E-02 6.1630666E-02 6.1892644E-02 6.2162578E-02 6.2571496E-02 6.2675282E-02 6.2759832E-02 6.2940702E-02 6.3049316E-02 6.3083589E-02 6.3118353E-02 6.3097611E-02 6.2799513E-02 6.2736809E-02 6.2672168E-02 6.2639236E-02 6.2503517E-02 6.2422991E-02 6.2296882E-02 6.2361717E-02 6.1999038E-02 6.1790273E-02 6.2206924E-02 6.2684715E-02 6.3123882E-02
5.6295812E-02 5.6409061E-02 5.6631982E-02 5.6806415E-02 5.6704447E-02 5.6712121E-02 5.6705415E-02 5.6620464E-02 5.6474745E-02 5.6360543E-02 5.6120127E-02 5.5995107E-02 5.5608287E-02 5.5324808E-02 5.5076718E-02 5.4765359E-02 5.4430634E-02 5.4065883E-02 5.3777061E-02 5.3673953E-02 5.4856956E-02 5.5869684E-02 5.7091177E-02 5.7936311E-02 5.8413088E-02 5.9021041E-02 5.9614986E-02 6.0208023E-02 6.0682610E-02 6.1217099E-02 6.1538264E-02 6.1773121E-02 6.2054798E-02 6.2382922E-02 6.2544912E-02 6.2644884E-02 6.2827364E-02 6.2838778E-02 6.2794209E-02 6.2826306E-02 6.2792048E-02 6.2709153E-02 6.2697023E-02 6.2621176E-02 6.2579215E-02 6.2316000E-02 6.2330857E-02 6.2306017E-02 6.2369764E-02 6.1916441E-02 6.2132776E-02 6.2632203E-02 6.2897205E-02 6.3538894E-02
5.6563124E-02 5.6726202E-02 5.6883797E-02 5.6964934E-02 5.6912541E-02 5.6857079E-02 5.6891918E-02 5.6813315E-02 5.6588694E-02 5.6397334E-02 5.6270063E-02 5.5900648E-02 5.5511460E-02 5.5219814E-02 5.4848671E-02 5.4434851E-02 5.3969577E-02 5.3457960E-02 5.2617408E-02 5.3223900E-02 5.4571144E-02 5.5853009E-02 5.6862384E-02 5.7693496E-02 5.8128223E-02 5.8884576E-02 5.9619814E-02 6.0114369E-02 6.0386002E-02 6.0959101E-02 6.1523348E-02 6.1535627E-02 6.1899886E-02 6.2249839E-02 6.2338412E-02 6.2466070E-02 6.2588453E-02 6.2642008E-02 6.2670454E-02 6.2705666E-02 6.2663779E-02 6.2582552E-02 6.2579811E-02 6.2537730E-02 6.2504679E-02 6.2411562E-02 6.2390059E-02 6.2378675E-02 6.2416375E-02 6.2220693E-02 6.2778592E-02 6.3273475E-02 6.3623264E-02 6.4189032E-02
5.6980386E-02 5.7115510E-02 5.7281747E-02 5.7333857E-02 5.7334796E-02 5.7257101E-02 5.7100862E-02 5.7056651E-02 5.6820527E-02 5.6693330E-02 5.6399658E-02 5.5907473E-02 5.5469826E-02 5.5121988E-02 5.4674760E-02 5.4180041E-02 5.3576544E-02 5.2953608E-02 5.2248105E-02 5.3539976E-02 5.4577991E-02 5.5667311E-02 5.6496918E-02 5.7447582E-02 5.8021873E-02 5.8682248E-02 5.9253842E-02 5.9749559E-02 5.9971094E-02 6.0221002E-02 6.1010569E-02 6.1396480E-02 6.1705828E-02 6.2037513E-02 6.2161669E-02 6.2330127E-02 6.2421292E-02 6.2538132E-02 6.2687099E-02 6.2752739E-02 6.2581673E-02 6.2472880E-02 6.2482730E-02 6.2472984E-02 6.2421799E-02 6.2429905E-02 6.2529042E-02 6.2484741E-02 6.2245294E-02 6.2613606E-02 6.3199311E-02 6.3692525E-02 6.4034417E-02 6.4541101E-02
5.7503730E-02 5.7554856E-02 5.7625979E-02 5.7724684E-02 5.7766125E-02 5.7569280E-02 5.7416081E-02 5.7190284E-02 5.6899041E-02 5.6623921E-02 5.6585282E-02 5.6095421E-02 5.5485547E-02 5.5128485E-02 5.4587856E-02 5.4169074E-02 5.3470388E-02 5.2247666E-02 5.2277498E-02 5.3689659E-02 5.4660618E-02 5.5495009E-02 5.6350499E-02 5.7520658E-02 5.8209240E-02 5.8596089E-02 5.9185937E-02 5.9721246E-02 6.0138389E-02 6.0346410E-02 6.0921878E-02 6.1253577E-02 6.1604992E-02 6.1824724E-02 6.2012032E-02 6.2187269E-02 6.2326953E-02 6.2307417E-02 6.2470466E-02 6.2591150E-02 6.2435955E-02 6.2362149E-02 6.2425032E-02 6.2448233E-02 6.2422752E-02 6.2652797E-02 6.2478721E-02 6.2508255E-02 6.2671795E-02 6.3405335E-02 6.3654542E-02 6.4027697E-02 6.4561784E-02 6.5178201E-02
5.8104619E-02 5.8108121E-02 5.8040246E-02 5.7969570E-02 5.7979077E-02 5.7808563E-02 5.7577655E-02 5.7498112E-02 5.7184711E-02 5.6720451E-02 5.6517437E-02 5.6106836E-02 5.5556774E-02 5.5138767E-02 5.4594174E-02 5.4021850E-02 5.3476654E-02 5.2696466E-02 5.3031273E-02 5.4074571E-02 5.4978132E-02 5.5450395E-02 5.6343317E-02 5.7527766E-02 5.7845563E-02 5.8383003E-02 5.9064031E-02 5.9386104E-02 5.9712812E-02 6.0352400E-02 6.0814932E-02 6.1107233E-02 6.1391518E-02 6.1683863E-02 6.1871991E-02 6.2127531E-02 6.2377587E-02 6.2335938E-02 6.2274396E-02 6.2287748E-02 6.2277108E-02 6.2386081E-02 6.2374830E-02 6.2364951E-02 6.2396526E-02 6.2333912E-02 6.2512353E-02 6.2205791E-02 6.2823236E-02 6.3672870E-02 6.4141855E-02 6.4632177E-02 6.5109491E-02 6.5770507E-02
5.8589175E-02 5.8700442E-02 5.8505118E-02 5.8371261E-02 5.8289468E-02 5.8194503E-02 5.8013648E-02 5.7744876E-02 5.7491392E-02 5.6989729E-02 5.6626946E-02 5.6163877E-02 5.5680692E-02 5.5006847E-02 5.4452479E-02 5.4065391E-02 5.3354487E-02 5.3242892E-02 5.3956106E-02 5.4591164E-02 5.5425256E-02 5.5880457E-02 5.6593731E-02 5.7329431E-02 5.7701543E-02 5.8134466E-02 5.8958292E-02 5.9112355E-02 5.9377119E-02 6.0265854E-02 6.0826257E-02 6.0989872E-02 6.1306566E-02 6.1506480E-02 6.1725751E-02 6.1910495E-02 6.2035903E-02 6.2304869E-02 6.2248826E-02 6.2237129E-02 6.2274098E-02 6.2259629E-02 6.2323481E-02 6.2325642E-02 6.2189221E-02 6.2613472E-02 6.2490523E-02 6.2305242E-02 6.3152358E-02 6.3873798E-02 6.4569265E-02 6.5176785E-02 6.5712273E-02 6.6288024E-02
5.9006602E-02 5.9176415E-02 5.8950827E-02 5.8984563E-02 5.8838293E-02 5.8599994E-02 5.8422700E-02 5.8336422E-02 5.7882935E-02 5.7398975E-02 5.7058290E-02 5.6463987E-02 5.5852383E-02 5.5240318E-02 5.4887548E-02 5.4196566E-02 5.3905092E-02 5.4229766E-02 5.4645568E-02 5.5131674E-02 5.5700898E-02 5.6225747E-02 5.7004109E-02 5.7586491E-02 5.8306977E-02 5.8767408E-02 5.8965683E-02 5.9469402E-02 5.9625596E-02 6.0197711E-02 6.0551316E-02 6.0915679E-02 6.1297894E-02 6.1410502E-02 6.1537281E-02 6.1685935E-02 6.1835259E-02 6.2001154E-02 6.2061146E-02 6.2150434E-02 6.2172994E-02 6.2131032E-02 6.2259749E-02 6.2291697E-02 6.2306732E-02 6.2338203E-02 6.2165082E-02 6.2704951E-02 6.3508481E-02 6.4339489E-02 6.5102026E-02 6.5681145E-02 6.6167966E-02 6.7024812E-02
5.9416085E-02 5.9495091E-02 5.9435666E-02 5.9420586E-02 5.9345499E-02 5.8967084E-02 5.8909997E-02 5.8814362E-02 5.8287293E-02 5.7951391E-02 5.7371020E-02 5.6744248E-02 5.6154221E-02 5.5467516E-02 5.5102035E-02 5.4737493E-02 5.4870337E-02 5.4965287E-02 5.5228665E-02 5.5728093E-02 5.6176513E-02 5.6510493E-02 5.7057455E-02 5.7551429E-02 5.8221743E-02 5.8317870E-02 5.8651239E-02 5.9383735E-02 5.9763446E-02 6.0200602E-02 6.0536608E-02 6.0765028E-02 6.1043903E-02 6.1476976E-02 6.1554238E-02 6.1672732E-02 6.1824545E-02 6.1882094E-02 6.1995447E-02 6.2036142E-02 6.2035516E-02 6.2092498E-02 6.2182963E-02 6.2240928E-02 6.2313065E-02 6.2452286E-02 6.2614068E-02 6.3196257E-02 6.3961446E-02 6.4417452E-02 6.5197572E-02 6.5962613E-02 6.6728428E-02 6.7500159E-02
5.9770390E-02 5.9857249E-02 5.9947535E-02 5.9824437E-02 5.9855714E-02 5.9468627E-02 5.9396967E-02 5.9473783E-02 5.9005320E-02 5.8353588E-02 5.7776511E-02 5.7201788E-02 5.6528568E-02 5.6076512E-02 5.5867061E-02 5.5646241E-02 5.5629700E-02 5.5694625E-02 5.5936992E-02 5.6294903E-02 5.6846410E-02 5.7056993E-02 5.7342157E-02 5.7858273E-02 5.8188617E-02 5.8305904E-02 5.8902845E-02 5.9424028E-02 5.9766650E-02 6.0189933E-02 6.0469836E-02 6.0769096E-02 6.0990512E-02 6.1317444E-02 6.1473250E-02 6.1626643E-02 6.1758414E-02 6.1816037E-02 6.2035874E-02 6.1984241E-02 6.2048167E-02 6.2048629E-02 6.2131852E-02 6.2282816E-02 6.2314823E-02 6.2482998E-02 6.2875584E-02 6.3406155E-02 6.3947856E-02 6.4656049E-02 6.5234795E-02 6.6629991E-02 6.7112595E-02 6.7782953E-02
6.0686156E-02 6.0404196E-02 6.0344622E-02 6.0628340E-02 6.0407817E-02 6.0095504E-02 6.0112908E-02 6.0074300E-02 5.9579656E-02 5.8948249E-02 5.8469176E-02 5.7877734E-02 5.7521105E-02 5.6996495E-02 5.6619704E-02 5.6392431E-02 5.6280941E-02 5.6353137E-02 5.6545436E-02 5.6762591E-02 5.7138801E-02 5.7411149E-02 5.7675764E-02 5.7992682E-02 5.8354527E-02 5.8733121E-02 5.9126526E-02 5.9523433E-02 5.9806645E-02 6.0173512E-02 6.0472488E-02 6.0723528E-02 6.0962707E-02 6.1105832E-02 6.1367035E-02 6.1501130E-02 6.1668590E-02 6.1726227E-02 6.1877578E-02 6.1916605E-02 6.1913788E-02 6.1990634E-02 6.2099844E-02 6.2219962E-02 6.2267378E-02 6.2473238E-02 6.3041776E-02 6.3612819E-02 6.4181238E-02 6.5099001E-02 6.5704316E-02 6.6328138E-02 6.7527935E-02 6.8377092E-02
6.1173648E-02 6.1190426E-02 6.1227754E-02 6.1416522E-02 6.1154276E-02 6.0872734E-02 6.0808703E-02 6.0567632E-02 6.0177699E-02 5.9700117E-02 5.9350878E-02 5.8631033E-02 5.8133990E-02 5.7619691E-02 5.7418674E-02 5.7126909E-02 5.7035863E-02 5.7021052E-02 5.7373002E-02 5.7431787E-02 5.7655334E-02 5.7774544E-02 5.8024049E-02 5.8260456E-02 5.8563367E-02 5.8853209E-02 5.9242085E-02 5.9545845E-02 5.9831277E-02 6.0238600E-02 6.0416281E-02 6.0683727E-02 6.0852438E-02 6.1029419E-02 6.1201364E-02 6.1418131E-02 6.1610803E-02 6.1627164E-02 6.1760589E-02 6.1711460E-02 6.1772034E-02 6.1895117E-02 6.2038317E-02 6.2147215E-02 6.2241644E-02 6.2362343E-02 6.3211843E-02 6.3970789E-02 6.4708546E-02 6.5323099E-02 6.5888062E-02 6.6882074E-02 6.8049967E-02 6.8905115E-02
6.2047601E-02 6.1915874E-02 6.1978713E-02 6.2015861E-02 6.2021315E-02 6.1518714E-02 6.1321542E-02 6.1066523E-02 6.0637563E-02 6.0262665E-02 5.9842557E-02 5.9399635E-02 5.8057547E-02 5.8201060E-02 5.8139622E-02 5.7906196E-02 5.7648599E-02 5.7644531E-02 5.7806432E-02 5.7701737E-02 5.7867303E-02 5.8134645E-02 5.8455631E-02 5.8633029E-02 5.8794692E-02 5.8998451E-02 5.9353322E-02 5.9639707E-02 5.9846044E-02 6.0202464E-02 6.0437113E-02 6.0611889E-02 6.0599908E-02 6.0890079E-02 6.1137214E-02 6.1274245E-02 6.1499864E-02 6.1492771E-02 6.1568409E-02 6.1605498E-02 6.1741516E-02 6.1777085E-02 6.1932474E-02 6.2061146E-02 6.2103316E-02 6.2402248E-02 6.3425764E-02 6.4252347E-02 6.5117598E-02 6.6008225E-02 6.6833332E-02 6.7587256E-02 6.8401217E-02 6.9333941E-02
6.2919915E-02 6.2826142E-02 6.2940881E-02 6.2833488E-02 6.2723592E-02 6.2384397E-02 6.2060073E-02 6.1791196E-02 6.1392933E-02 6.0879469E-02 6.0705706E-02 6.0149387E-02 5.9059396E-02 5.8770195E-02 5.8612272E-02 5.8364198E-02 5.8349565E-02 5.8181107E-02 5.8191448E-02 5.8228061E-02 5.8303177E-02 5.8524370E-02 5.8779016E-02 5.8924302E-02 5.9001938E-02 5.9170187E-02 5.9487402E-02 5.9686333E-02 5.9864253E-02 6.0189858E-02 6.0443297E-02 6.0592145E-02 6.0542941E-02 6.0966790E-02 6.1112076E-02 6.1177373E-02 6.1291605E-02 6.1377302E-02 6.1441258E-02 6.1589852E-02 6.1670899E-02 6.1678320E-02 6.1774179E-02 6.1882049E-02 6.2006921E-02 6.2815160E-02 6.3676402E-02 6.4854994E-02 6.5629512E-02 6.6486880E-02 6.7352489E-02 6.8257511E-02 6.8948895E-02 6.9837540E-02
6.3707903E-02 6.3676655E-02 6.3989013E-02 6.3966662E-02 6.3630685E-02 6.3275412E-02 6.3427240E-02 6.2539920E-02 6.1919376E-02 6.1548159E-02 6.1251029E-02 6.0586050E-02 5.9716612E-02 5.9261248E-02 5.9056476E-02 5.9056997E-02 5.8982134E-02 5.8654517E-02 5.8397457E-02 5.8643430E-02 5.8746532E-02 5.8910772E-02 5.8953613E-02 5.9135303E-02 5.9248850E-02 5.9342548E-02 5.9578240E-02 5.9772685E-02 5.9972882E-02 6.0232192E-02 6.0423091E-02 6.0587272E-02 6.0829744E-02 6.1164334E-02 6.1144441E-02 6.1125144E-02 6.1152622E-02 6.1282456E-02 6.1424404E-02 6.1496764E-02 6.1511129E-02 6.1478525E-02 6.1600685E-02 6.1716899E-02 6.1975121E-02 6.3157052E-02 6.3986987E-02 6.5078497E-02 6.6014498E-02 6.6731974E-02 6.7802399E-02 6.8680137E-02 6.9452062E-02 7.0305824E-02
6.4625636E-02 6.4609066E-02 6.4574391E-02 6.4441442E-02 6.4343140E-02 6.4330727E-02 6.3826770E-02 6.3119709E-02 6.2654838E-02 6.2306136E-02 6.1771914E-02 6.1076716E-02 6.0391083E-02 5.9819326E-02 5.9476346E-02 5.9509754E-02 5.9407741E-02 5.9131652E-02 5.8752462E-02 5.8987170E-02 5.8954298E-02 5.9147090E-02 5.9209898E-02 5.9321776E-02 5.9424594E-02 5.9541151E-02 5.9700057E-02 5.9902728E-02 6.0004234E-02 6.0278788E-02 6.0497314E-02 6.0602203E-02 6.0837507E-02 6.0891986E-02 6.1021000E-02 6.0957879E-02 6.1027586E-02 6.1182335E-02 6.1227337E-02 6.1282143E-02 6.1314568E-02 6.1323345E-02 6.1550573E-02 6.1686814E-02 6.2435150E-02 6.3508555E-02 6.4452723E-02 6.5289378E-02 6.6347122E-02 6.7043513E-02 6.7990139E-02 6.9130391E-02 7.0072442E-02 7.0853755E-02
6.5480396E-02 6.5528929E-02 6.5458372E-02 6.5432861E-02 6.5130576E-02 6.4897344E-02 6.4301163E-02 6.3719556E-02 6.3304886E-02 6.2902644E-02 6.2348738E-02 6.1897293E-02 6.1339393E-02 6.0151041E-02 6.0052797E-02 6.0070306E-02 6.0224846E-02 5.9862345E-02 5.9609443E-02 5.9621066E-02 5.9518918E-02 5.9611708E-02 5.9566393E-02 5.9722617E-02 5.9796423E-02 5.9812814E-02 6.0029164E-02 6.0126811E-02 6.0119525E-02 6.0254857E-02 6.0503840E-02 6.0688585E-02 6.0816780E-02 6.0903728E-02 6.0896248E-02 6.0919911E-02 6.0930789E-02 6.1130524E-02 6.1139494E-02 6.1125427E-02 6.1270669E-02 6.1276093E-02 6.1444491E-02 6.1730444E-02 6.2766299E-02 6.3784733E-02 6.4904764E-02 6.5711766E-02 6.6645935E-02 6.7773446E-02 6.8565920E-02 6.9698632E-02 7.0642486E-02 7.1540713E-02
6.6642955E-02 6.6621706E-02 6.6771433E-02 6.6572681E-02 6.5862998E-02 6.5262750E-02 6.4568236E-02 6.4215884E-02 6.3860908E-02 6.3380092E-02 6.2644362E-02 6.2274352E-02 6.2274292E-02 6.1516985E-02 6.1064512E-02 6.1140105E-02 6.0593575E-02 6.0394913E-02 6.0270831E-02 6.0145333E-02 6.0012385E-02 6.0157984E-02 5.9978738E-02 5.9860423E-02 5.9727803E-02 5.9968099E-02 6.0235873E-02 6.0303748E-02 6.0283288E-02 6.0364053E-02 6.0486466E-02 6.0710400E-02 6.0822234E-02 6.0801491E-02 6.0866475E-02 6.0985968E-02 6.0863614E-02 6.1053574E-02 6.1165616E-02 6.1092064E-02 6.1101675E-02 6.1154559E-02 6.1354980E-02 6.2295824E-02 6.3308150E-02 6.4207330E-02 6.5174207E-02 6.6388458E-02 6.7181990E-02 6.8146467E-02 6.9080204E-02 7.0031017E-02 7.1180180E-02 7.2073922E-02
6.7722693E-02 6.8280697E-02 6.7799255E-02 6.7008123E-02 6.6448733E-02 6.5711081E-02 6.4950228E-02 6.4658478E-02 6.4222753E-02 6.3605398E-02 6.3041106E-02 6.2667236E-02 6.2560022E-02 6.2114909E-02 6.1776489E-02 6.1421990E-02 6.0990706E-02 6.0678899E-02 6.0513720E-02 6.0660169E-02 6.0466751E-02 6.0450673E-02 6.0442060E-02 5.9996933E-02 6.0062349E-02 6.0280412E-02 6.0511276E-02 6.0569853E-02 6.0464457E-02 6.0606644E-02 6.0593396E-02 6.0683385E-02 6.0759738E-02 6.0816705E-02 6.0951337E-02 6.0947761E-02 6.0825929E-02 6.1026677E-02 6.1094970E-02 6.1085805E-02 6.1096147E-02 6.0939908E-02 6.1214969E-02 6.2678248E-02 6.3795730E-02 6.4872414E-02 6.5697238E-02 6.6921562E-02 6.7673311E-02 6.8410054E-02 6.9788158E-02 7.0537105E-02 7.1471870E-02 7.2644085E-02
