LUCAS_GEMMES_COP27/includes/subsidence/Scenario_B1/TOT_SUBSIDENCE_2090_SINCE_2018_MKD_ONLY.ASC
NCOLS                318
NROWS                364
XLLCORNER      400000.00
YLLCORNER      907000.00
CELLSIZE         1000.00
NODATA_VALUE    0.3402823E+39
[rows 216 to 239 of 364, columns 110 to 164 of 318]
0.8015110 0.8116998 0.8220620 0.8326796 0.8435418 0.8524133 0.8610979 0.8698220 0.8776418 0.8894594 0.8972306 0.9022466 0.9105077 0.9182375 0.9237610 0.9230645 0.9272463 0.9361792 0.9379798 0.9390535 0.9377739 0.9328665 0.9327100 0.9385813 0.9360244 0.9265833 0.9201710 0.9259071 0.9211439 0.9262756 0.9208986 0.9166711 0.9062392 0.8985074 0.8921039 0.8758188 0.8700944 0.8712753 0.8590315 0.8461293 0.8310578 0.8072011 0.8145897 0.8006717 0.7845426 0.7639102 0.7403600 0.7234771 0.7070792 0.6994388 0.6899158 0.6793500 0.6720403 0.6460875 0.6393929
0.8171536 0.8269575 0.8370889 0.8479160 0.8576573 0.8664390 0.8755968 0.8844762 0.8920024 0.9020515 0.9099832 0.9164866 0.9232039 0.9309018 0.9374031 0.9418834 0.9396927 0.9408223 0.9501674 0.9515629 0.9456847 0.9476408 0.9541087 0.9537927 0.9507961 0.9497014 0.9403849 0.9504058 0.9379033 0.9303067 0.9298767 0.9322636 0.9239137 0.9175342 0.9000131 0.8937458 0.8864222 0.8770743 0.8801817 0.8691722 0.8583892 0.8364083 0.8268961 0.8273553 0.8144638 0.8022606 0.7784044 0.7551818 0.7371035 0.7223277 0.7102810 0.6995848 0.6716681 0.6628658 0.6737368
0.8338572 0.8425800 0.8529362 0.8641868 0.8746179 0.8810956 0.8908522 0.9006073 0.9103788 0.9146637 0.9268712 0.9348881 0.9379745 0.9460052 0.9517793 0.9570726 0.9587407 0.9517626 0.9560022 0.9622256 0.9611619 0.9679044 0.9697973 0.9721341 0.9649647 0.9595389 0.9589000 0.9561422 0.9584664 0.9569577 0.9446166 0.9451397 0.9348669 0.9281081 0.9232000 0.9259329 0.9152765 0.8981645 0.8926959 0.8942356 0.8849610 0.8799829 0.8559960 0.8421413 0.8494211 0.8278320 0.8039844 0.7808964 0.7596925 0.7407972 0.7280796 0.6997695 0.6883655 0.6967364 0.6895125
0.8527263 0.8613577 0.8717054 0.8820255 0.8907146 0.8971401 0.9064026 0.9196682 0.9244580 0.9310288 0.9424084 0.9510934 0.9599490 0.9621709 0.9666467 0.9706556 0.9741167 0.9767627 0.9734150 0.9758258 0.9825402 0.9836856 0.9856007 0.9822895 0.9845997 0.9761856 0.9824801 0.9728317 0.9684806 0.9738421 0.9589316 0.9566478 0.9547935 0.9588861 0.9596348 0.9549612 0.9384601 0.9343411 0.9160206 0.9075638 0.9175169 0.9119622 0.9023385 0.8760115 0.8646702 0.8526223 0.8284248 0.8035081 0.7807736 0.7458931 0.7309740 0.7173131 0.7044268 0.6945343 0.7046082
0.8711126 0.8784150 0.8931363 0.9028019 0.9100215 0.9182587 0.9278976 0.9364140 0.9436815 0.9497101 0.9583459 0.9650148 0.9725360 0.9760636 0.9815108 0.9829662 0.9897509 0.9881324 0.9905316 0.9930396 1.001589 1.000087 0.9929591 0.9927086 0.9937596 0.9921592 0.9993001 0.9889506 0.9860340 0.9819376 0.9794041 0.9855676 0.9734339 0.9647093 0.9732689 0.9729105 0.9680932 0.9656160 0.9553949 0.9366251 0.9471065 0.9402186 0.9334527 0.9333920 0.8930149 0.8557861 0.8493507 0.8278021 0.7874648 0.7692017 0.7718160 0.7542016 0.7391256 0.7142870 0.7184839
0.8889325 0.8964058 0.9087937 0.9199419 0.9264371 0.9370666 0.9452047 0.9543918 0.9638045 0.9704844 0.9751253 0.9776478 0.9879342 0.9925447 0.9980803 1.003227 1.000451 1.003594 1.014632 1.011395 1.009662 1.012965 1.006784 1.008413 1.014764 1.013877 1.016845 1.013776 1.015051 1.005794 1.009665 1.007706 1.006462 0.9928923 0.9852178 0.9948769 0.9856944 0.9810637 0.9825723 0.9657145 0.9597182 0.9673638 0.9652243 0.9604166 0.9284579 0.8861270 0.8489380 0.8321774 0.8091728 0.8050156 0.7901758 0.7722289 0.7596676 0.7310414 0.7152675
0.9133564 0.9217641 0.9275414 0.9384167 0.9459805 0.9568597 0.9608544 0.9699766 0.9802786 0.9877036 0.9913402 0.9926654 0.9989812 1.009728 1.016449 1.011850 1.014250 1.026018 1.029245 1.030980 1.025498 1.023381 1.026611 1.037421 1.034708 1.031718 1.034956 1.032882 1.036273 1.024804 1.020467 1.030955 1.029015 1.023832 1.009933 1.000941 0.9930544 0.9938192 1.010979 1.011549 0.9919307 0.9868112 1.008566 0.9911062 0.9517810 0.9255083 0.8807323 0.8419308 0.8454908 0.8250251 0.8067358 0.7899568 0.7754605 0.7633023 0.7315200
0.9352801 0.9433187 0.9522321 0.9622371 0.9666951 0.9745210 0.9814438 0.9919606 0.9993317 1.006671 1.011001 1.016272 1.019164 1.027458 1.028917 1.030528 1.037336 1.043790 1.046470 1.047969 1.050353 1.044307 1.043865 1.054343 1.049716 1.051522 1.055225 1.056339 1.056741 1.053414 1.039511 1.052850 1.049675 1.049018 1.045494 1.029270 1.025484 1.035787 1.038142 1.042107 1.041088 1.020159 1.018149 1.003587 0.9742088 0.9311967 0.9015083 0.8768728 0.8378357 0.8468522 0.8279598 0.8095371 0.7911497 0.7803708 0.7681541
0.9564365 0.9637712 0.9719328 0.9837891 0.9917014 0.9991845 1.002590 1.008547 1.019157 1.026136 1.028125 1.031556 1.036389 1.041922 1.047302 1.055907 1.058902 1.060551 1.061231 1.064916 1.068459 1.069073 1.060265 1.059662 1.066829 1.072062 1.075628 1.076725 1.073132 1.072218 1.062073 1.063852 1.072403 1.072469 1.071252 1.071541 1.052472 1.049531 1.061288 1.063317 1.069248 1.084394 1.049225 1.007357 0.9781477 0.9540489 0.9387246 0.9138038 0.8739333 0.8728258 0.8502800 0.8303670 0.8099772 0.7972783 0.7870276
0.9792242 0.9886447 0.9961293 1.004168 1.011417 1.018858 1.026851 1.030462 1.036907 1.042999 1.051098 1.053674 1.055053 1.061907 1.072628 1.074730 1.073505 1.074302 1.077003 1.083287 1.087963 1.088147 1.079962 1.081092 1.082852 1.094441 1.096665 1.098289 1.097619 1.098543 1.096746 1.082552 1.084767 1.095206 1.092724 1.091873 1.083997 1.071106 1.074100 1.089753 1.091423 1.106853 1.073140 1.026853 0.9962156 0.9872887 0.9614784 0.9363151 0.8948984 0.8707439 0.8745487 0.8527820 0.8321677 0.8158135 0.8045620
1.004131 1.009930 1.018716 1.025822 1.033242 1.040845 1.049249 1.057936 1.062445 1.062762 1.065907 1.068057 1.073046 1.084382 1.092659 1.092304 1.090841 1.095319 1.099697 1.104242 1.106189 1.109590 1.100718 1.112323 1.105701 1.109416 1.116489 1.118750 1.119973 1.119186 1.117669 1.118271 1.106661 1.107124 1.114952 1.115250 1.110099 1.113542 1.100234 1.102941 1.110402 1.119489 1.069014 1.038784 1.013697 0.9904323 0.9826675 0.9589697 0.9343393 0.8952829 0.8725042 0.8783774 0.8541797 0.8379551 0.8258476
1.030485 1.037047 1.044040 1.048986 1.056477 1.064450 1.071900 1.079619 1.083321 1.087448 1.085351 1.086736 1.093009 1.102851 1.108338 1.110928 1.112303 1.120327 1.125384 1.125712 1.126680 1.122208 1.119037 1.129830 1.136404 1.125137 1.125288 1.135796 1.137219 1.137064 1.137273 1.137955 1.139039 1.124867 1.124769 1.139712 1.139538 1.140682 1.138921 1.142701 1.129857 1.107248 1.083034 1.069716 1.044932 1.010105 0.9865266 0.9812310 0.9559900 0.9346735 0.8969871 0.8764970 0.8825347 0.8644102 0.8494003
1.056729 1.062749 1.066939 1.072451 1.080906 1.087405 1.093276 1.099258 1.104513 1.104539 1.107289 1.115698 1.117649 1.123081 1.124744 1.129088 1.137020 1.141504 1.144577 1.144609 1.135958 1.138309 1.147782 1.151488 1.151314 1.150264 1.143607 1.148605 1.161831 1.159407 1.157221 1.154524 1.156032 1.158981 1.146575 1.151400 1.164654 1.165870 1.163655 1.170138 1.146876 1.117018 1.108585 1.085140 1.059962 1.036736 1.003727 0.9828531 0.9787326 0.9594010 0.9407336 0.9039673 0.8837917 0.8904779 0.8739881
1.081196 1.087777 1.091168 1.096297 1.102719 1.108992 1.113944 1.118257 1.119606 1.127667 1.134584 1.138709 1.146964 1.146054 1.146333 1.146481 1.157325 1.159241 1.159619 1.163180 1.156386 1.162726 1.161268 1.162870 1.171245 1.166166 1.168917 1.158227 1.164222 1.174536 1.176337 1.173656 1.175718 1.181861 1.183393 1.172685 1.185701 1.197475 1.189586 1.166854 1.145198 1.126424 1.103218 1.098707 1.079584 1.056422 1.039554 1.005095 1.001904 0.9833674 0.9657127 0.9464090 0.9094000 0.8936011 0.8997897
1.107020 1.109750 1.112064 1.115140 1.128838 1.131487 1.136048 1.136593 1.144599 1.156767 1.162824 1.164854 1.169240 1.171267 1.173245 1.168372 1.170605 1.170882 1.177053 1.170329 1.171322 1.171660 1.170963 1.183970 1.187263 1.177734 1.175467 1.180279 1.178436 1.184765 1.197840 1.198564 1.204408 1.210241 1.206668 1.197024 1.200290 1.216222 1.181154 1.167677 1.168444 1.152440 1.115237 1.098016 1.098915 1.074371 1.064717 1.028888 1.009433 1.012654 0.9950306 0.9741471 0.9545179 0.9192940 0.9059566
1.127596 1.133085 1.136696 1.144244 1.153368 1.155154 1.155264 1.159567 1.165899 1.176448 1.180279 1.182878 1.187513 1.191133 1.195715 1.195304 1.196295 1.190733 1.187727 1.189912 1.201088 1.197253 1.199493 1.207300 1.202155 1.201503 1.201669 1.206102 1.214149 1.214017 1.210565 1.221936 1.227391 1.236212 1.233065 1.236819 1.217666 1.206380 1.189358 1.189471 1.178897 1.165556 1.149348 1.116036 1.099024 1.092509 1.083893 1.072719 1.033014 1.021251 1.023689 1.002245 0.9808156 0.9653924 0.9313955
1.152168 1.161659 1.163351 1.168101 1.173474 1.176216 1.178798 1.186272 1.185583 1.189855 1.199556 1.202277 1.206158 1.210300 1.215764 1.215202 1.214114 1.218057 1.209234 1.213203 1.209307 1.217357 1.221611 1.226789 1.222670 1.226781 1.234619 1.238113 1.241434 1.244941 1.231153 1.229367 1.249089 1.251628 1.252573 1.249057 1.225512 1.219873 1.204305 1.205687 1.195000 1.180901 1.166011 1.147062 1.114294 1.112556 1.108328 1.072764 1.066833 1.039615 1.026371 1.028254 1.009489 0.9964209 0.9780252
1.178994 1.186585 1.189041 1.193956 1.191250 1.200141 1.205493 1.208952 1.210476 1.209094 1.212995 1.214418 1.223999 1.227482 1.229979 1.234447 1.233840 1.236643 1.228820 1.236938 1.229352 1.229674 1.242085 1.246675 1.233867 1.244868 1.249783 1.253468 1.256118 1.250051 1.253103 1.250416 1.259821 1.270098 1.265332 1.243474 1.237821 1.246892 1.219661 1.206956 1.207532 1.190743 1.176203 1.160120 1.129371 1.116315 1.120824 1.105917 1.094566 1.081273 1.046963 1.033951 1.036863 1.021055 1.008579
1.204566 1.211643 1.216803 1.215354 1.218740 1.226846 1.232106 1.232353 1.233617 1.237610 1.237375 1.232808 1.238902 1.243941 1.251389 1.255450 1.254282 1.246076 1.248100 1.258821 1.257235 1.251523 1.256338 1.261235 1.261391 1.275187 1.264203 1.270548 1.274563 1.279525 1.281016 1.288323 1.275476 1.270939 1.263562 1.258092 1.265386 1.258510 1.245503 1.217809 1.218051 1.205530 1.193008 1.178663 1.164227 1.137926 1.129876 1.134062 1.119667 1.102343 1.087834 1.060591 1.046703 1.044882 1.031168
1.229721 1.239310 1.237287 1.235824 1.242871 1.248301 1.249050 1.250655 1.254788 1.260432 1.259091 1.256161 1.248378 1.254092 1.258216 1.268198 1.260313 1.262618 1.271821 1.271774 1.275190 1.279619 1.284682 1.283300 1.278690 1.278445 1.273527 1.295656 1.295506 1.300123 1.302318 1.303573 1.303699 1.283035 1.277388 1.288782 1.278884 1.271581 1.257871 1.235078 1.222092 1.226062 1.215508 1.202024 1.185454 1.175214 1.148140 1.136180 1.138128 1.126475 1.112914 1.094516 1.061257 1.045726 1.049493
1.254373 1.257637 1.261087 1.262414 1.263908 1.268156 1.265578 1.268315 1.277407 1.277969 1.276147 1.278295 1.273487 1.276265 1.274129 1.278507 1.277773 1.279226 1.279676 1.287512 1.295502 1.297004 1.298865 1.300549 1.304372 1.310502 1.300409 1.301220 1.315945 1.312720 1.319095 1.319722 1.302406 1.296827 1.290872 1.299242 1.291268 1.286627 1.271468 1.263909 1.241717 1.234211 1.232360 1.219230 1.206645 1.200862 1.187628 1.157772 1.160477 1.145357 1.127202 1.109022 1.091845 1.062215 1.052281
1.279614 1.285416 1.286457 1.283771 1.277978 1.283810 1.284863 1.290789 1.293308 1.294129 1.292254 1.295981 1.298027 1.297822 1.294417 1.296140 1.296689 1.291204 1.295487 1.303349 1.308609 1.311003 1.311111 1.314197 1.317100 1.323640 1.325454 1.316164 1.318069 1.333782 1.333625 1.321193 1.321247 1.328151 1.306721 1.316665 1.306653 1.299484 1.293360 1.288341 1.274553 1.248457 1.234776 1.236031 1.222779 1.215364 1.204944 1.178098 1.161278 1.164511 1.142951 1.126716 1.110172 1.097177 1.070609
1.298595 1.307063 1.302238 1.296049 1.301274 1.302367 1.306070 1.305651 1.306620 1.306837 1.307317 1.308028 1.312035 1.310621 1.304052 1.314874 1.316749 1.302945 1.303773 1.308357 1.318835 1.325191 1.323264 1.323869 1.329026 1.337694 1.340910 1.335528 1.326504 1.328403 1.329426 1.329544 1.346527 1.340821 1.323281 1.322422 1.323045 1.315230 1.307508 1.299633 1.287168 1.278773 1.256295 1.258878 1.241507 1.233471 1.217191 1.202540 1.172327 1.158737 1.159836 1.147267 1.131390 1.118809 1.108641
1.318072 1.320744 1.318683 1.311074 1.317208 1.317819 1.322159 1.323412 1.321849 1.325171 1.326831 1.323003 1.319018 1.318311 1.324834 1.324261 1.326805 1.317537 1.321547 1.323653 1.322379 1.332942 1.335443 1.337499 1.342008 1.353076 1.350348 1.345132 1.345858 1.335597 1.332489 1.346958 1.351551 1.347848 1.342847 1.320289 1.329444 1.321050 1.309068 1.311269 1.297404 1.288221 1.264120 1.254333 1.257412 1.246768 1.233607 1.217435 1.202922 1.172289 1.160828 1.168771 1.151287 1.137168 1.124082
