LUCAS_GEMMES_COP27/includes/subsidence/Scenario_B1/TOT_SUBSIDENCE_2080_SINCE_2018_MKD_ONLY.ASC
NCOLS                318
NROWS                364
XLLCORNER      400000.00
YLLCORNER      907000.00
CELLSIZE         1000.00
NODATA_VALUE    0.3402823E+39
[rows 216 to 239 of 364, columns 110 to 164 of 318]
0.6958489 0.7049394 0.7141871 0.7236599 0.7333597 0.7412966 0.7490765 0.7569004 0.7639224 0.7743343 0.7813138 0.7858558 0.7932888 0.8001888 0.8051237 0.8047851 0.8085340 0.8163050 0.8178651 0.8187374 0.8176204 0.8134075 0.8131776 0.8180834 0.8157814 0.8076687 0.8020685 0.8071885 0.8030038 0.8072653 0.8025129 0.7987898 0.7895533 0.7826974 0.7770760 0.7630766 0.7580534 0.7586973 0.7478614 0.7364329 0.7231504 0.7025015 0.7086620 0.6964030 0.6821937 0.6639850 0.6433336 0.6284057 0.6139663 0.6072052 0.5988045 0.5895420 0.5832746 0.5610895 0.5554183
0.7095763 0.7183411 0.7273957 0.7370701 0.7457858 0.7536561 0.7618704 0.7698448 0.7766160 0.7854573 0.7925937 0.7984443 0.8044598 0.8113341 0.8171290 0.8211590 0.8194261 0.8204030 0.8282452 0.8294020 0.8243953 0.8259664 0.8314245 0.8311826 0.8286052 0.8277475 0.8198533 0.8285245 0.8178557 0.8111100 0.8108084 0.8125591 0.8051409 0.7994999 0.7843825 0.7788597 0.7723956 0.7641250 0.7665069 0.7567046 0.7471821 0.7282153 0.7198359 0.7198032 0.7084568 0.6977040 0.6767805 0.6562482 0.6402744 0.6272340 0.6166033 0.6071544 0.5831067 0.5755707 0.5849149
0.7242430 0.7320643 0.7413334 0.7514011 0.7607349 0.7665761 0.7753384 0.7840976 0.7927079 0.7965994 0.8074566 0.8146139 0.8174537 0.8246101 0.8296884 0.8342208 0.8356303 0.8297524 0.8333529 0.8385176 0.8376572 0.8434432 0.8451979 0.8473511 0.8410969 0.8366307 0.8361608 0.8338138 0.8356624 0.8343798 0.8238214 0.8239322 0.8152151 0.8092208 0.8049045 0.8068923 0.7974586 0.7827106 0.7778841 0.7787582 0.7705677 0.7661656 0.7454009 0.7331373 0.7391374 0.7201567 0.6991391 0.6787699 0.6600394 0.6433518 0.6321813 0.6076460 0.5975702 0.6047178 0.5985161
0.7408366 0.7485964 0.7578744 0.7671185 0.7749363 0.7807342 0.7890695 0.8007523 0.8050966 0.8109982 0.8211226 0.8288867 0.8366508 0.8385682 0.8423929 0.8458114 0.8487602 0.8509980 0.8482810 0.8504900 0.8562628 0.8573436 0.8591102 0.8562641 0.8583597 0.8512807 0.8566293 0.8484921 0.8447214 0.8492132 0.8364730 0.8344619 0.8328460 0.8360559 0.8367499 0.8325893 0.8179126 0.8142020 0.7984163 0.7909005 0.7992536 0.7943217 0.7857655 0.7629201 0.7528800 0.7418823 0.7205499 0.6986194 0.6784950 0.6482146 0.6350234 0.6230102 0.6116010 0.6029163 0.6115063
0.7569930 0.7635913 0.7766178 0.7852902 0.7918212 0.7992402 0.8078603 0.8154823 0.8220148 0.8274441 0.8351672 0.8410494 0.8474363 0.8505151 0.8551657 0.8564419 0.8622934 0.8611603 0.8633618 0.8657002 0.8730637 0.8717941 0.8658303 0.8656853 0.8666723 0.8653567 0.8714530 0.8626505 0.8601600 0.8566335 0.8542616 0.8596312 0.8493204 0.8415684 0.8487073 0.8484016 0.8440894 0.8418617 0.8327659 0.8165147 0.8253181 0.8191645 0.8131188 0.8130072 0.7778314 0.7449936 0.7389034 0.7199129 0.6847734 0.6686703 0.6705050 0.6549616 0.6416271 0.6201969 0.6234781
0.7724733 0.7794136 0.7905529 0.8004112 0.8062670 0.8157758 0.8230820 0.8313018 0.8397240 0.8456940 0.8497351 0.8519477 0.8606791 0.8646451 0.8694450 0.8740882 0.8719354 0.8748209 0.8844744 0.8819375 0.8804066 0.8831611 0.8780094 0.8795216 0.8849313 0.8842074 0.8868572 0.8842332 0.8853925 0.8776380 0.8807499 0.8790885 0.8780394 0.8664998 0.8596816 0.8677942 0.8596107 0.8554587 0.8567042 0.8421700 0.8368070 0.8430399 0.8410730 0.8368040 0.8086383 0.7717291 0.7389047 0.7241439 0.7038395 0.6997152 0.6866071 0.6707376 0.6596983 0.6348838 0.6209607
0.7940133 0.8016415 0.8070393 0.8167758 0.8236041 0.8331920 0.8368424 0.8450314 0.8541352 0.8604934 0.8636683 0.8648819 0.8702959 0.8796314 0.8857408 0.8819615 0.8841948 0.8945366 0.8974580 0.8990589 0.8945104 0.8926501 0.8955798 0.9049188 0.9025137 0.8999203 0.9027951 0.9010377 0.9040583 0.8943213 0.8905511 0.8995107 0.8978466 0.8933396 0.8814847 0.8735390 0.8660520 0.8666751 0.8817929 0.8822261 0.8652041 0.8605999 0.8792649 0.8638883 0.8291788 0.8060156 0.7669506 0.7327635 0.7353986 0.7173291 0.7011766 0.6863607 0.6735438 0.6627665 0.6352290
0.8133066 0.8205806 0.8286129 0.8375859 0.8418355 0.8488756 0.8551327 0.8641959 0.8704864 0.8767312 0.8805126 0.8851677 0.8878729 0.8954140 0.8970770 0.8986104 0.9045212 0.9103649 0.9128038 0.9141984 0.9163564 0.9113127 0.9109439 0.9199843 0.9158670 0.9174799 0.9207999 0.9217520 0.9220907 0.9191942 0.9073043 0.9187535 0.9159907 0.9154515 0.9123800 0.8984955 0.8951980 0.9037766 0.9057982 0.9092400 0.9082202 0.8900331 0.8881887 0.8749222 0.8489959 0.8114985 0.7852740 0.7635345 0.7290634 0.7365444 0.7198655 0.7036058 0.6873693 0.6778162 0.6670074
0.8318486 0.8385302 0.8459207 0.8565733 0.8637196 0.8703960 0.8733531 0.8784832 0.8875326 0.8935969 0.8955364 0.8987422 0.9031968 0.9085275 0.9134499 0.9209846 0.9237458 0.9253027 0.9259574 0.9292995 0.9324938 0.9330660 0.9255483 0.9250256 0.9310977 0.9357577 0.9389252 0.9398891 0.9366299 0.9357843 0.9271296 0.9287498 0.9359906 0.9360588 0.9350136 0.9353172 0.9188913 0.9163399 0.9262264 0.9279298 0.9330901 0.9463974 0.9157115 0.8787286 0.8529606 0.8317248 0.8177148 0.7956963 0.7609631 0.7595100 0.7395521 0.7219712 0.7039655 0.6927256 0.6836196
0.8518484 0.8604040 0.8672129 0.8744915 0.8809690 0.8873270 0.8941900 0.8974318 0.9031979 0.9088305 0.9159898 0.9184583 0.9200725 0.9263613 0.9358047 0.9377829 0.9367591 0.9375418 0.9400107 0.9456738 0.9498952 0.9500706 0.9431124 0.9441348 0.9457272 0.9556870 0.9576694 0.9590834 0.9584502 0.9592342 0.9575604 0.9453051 0.9472303 0.9560286 0.9538547 0.9531488 0.9462379 0.9352658 0.9378914 0.9512942 0.9527071 0.9663118 0.9364960 0.8960198 0.8689870 0.8606843 0.8378792 0.8156257 0.7794966 0.7581629 0.7610275 0.7417435 0.7235549 0.7090893 0.6991158
0.8737468 0.8791221 0.8870938 0.8933402 0.8997304 0.9062721 0.9135686 0.9214885 0.9257158 0.9264104 0.9293998 0.9314811 0.9361031 0.9461419 0.9536914 0.9534414 0.9522133 0.9562987 0.9602680 0.9643826 0.9661562 0.9692328 0.9616362 0.9716653 0.9661276 0.9694587 0.9753321 0.9773263 0.9783742 0.9776032 0.9761552 0.9766380 0.9666916 0.9670114 0.9733881 0.9737153 0.9691603 0.9721860 0.9608357 0.9632480 0.9698062 0.9775200 0.9333902 0.9066883 0.8845446 0.8640172 0.8566872 0.8357263 0.8139514 0.7798929 0.7597471 0.7644141 0.7430234 0.7286583 0.7179216
0.8969316 0.9030142 0.9090149 0.9132849 0.9197315 0.9267445 0.9336482 0.9407910 0.9442929 0.9482154 0.9467198 0.9481208 0.9539134 0.9626256 0.9676394 0.9700662 0.9713936 0.9786626 0.9832524 0.9835876 0.9844761 0.9808582 0.9779909 0.9872715 0.9931774 0.9834598 0.9835701 0.9924905 0.9937071 0.9935011 0.9936078 0.9941376 0.9950137 0.9827716 0.9825882 0.9952774 0.9950010 0.9959942 0.9944745 0.9978223 0.9869218 0.9672366 0.9459513 0.9337059 0.9117905 0.8815124 0.8606791 0.8554791 0.8331328 0.8142561 0.7814500 0.7633150 0.7681155 0.7520390 0.7387421
0.9198244 0.9250711 0.9287126 0.9335054 0.9410543 0.9471309 0.9526322 0.9582282 0.9631596 0.9636307 0.9662904 0.9737691 0.9759468 0.9809910 0.9822991 0.9863009 0.9935179 0.9976183 1.000425 1.000482 0.9930816 0.9952207 1.003328 1.006633 1.006451 1.005456 0.9999100 1.004375 1.015680 1.013429 1.011372 1.008888 1.010135 1.012636 1.001985 1.006182 1.017330 1.018308 1.016237 1.021953 1.001955 0.9759240 0.9682463 0.9475185 0.9252358 0.9046870 0.8759964 0.8575220 0.8533804 0.8362494 0.8197017 0.7876849 0.7698170 0.7751617 0.7605107
0.9408887 0.9465944 0.9495774 0.9543507 0.9603819 0.9662963 0.9709751 0.9750993 0.9767855 0.9842811 0.9904171 0.9943117 1.001936 1.001557 1.001927 1.002156 1.011689 1.013474 1.013854 1.017095 1.011379 1.016679 1.015382 1.016791 1.024273 1.019665 1.022060 1.012898 1.018208 1.026890 1.028415 1.025942 1.027676 1.033025 1.034256 1.025119 1.036066 1.046386 1.039347 1.019648 1.000613 0.9842931 0.9640708 0.9596803 0.9427748 0.9222381 0.9073253 0.8773516 0.8740081 0.8575592 0.8419245 0.8247936 0.7925578 0.7785490 0.7834108
0.9631403 0.9656149 0.9679295 0.9709991 0.9836293 0.9862550 0.9906224 0.9916323 0.9991121 1.010049 1.015717 1.017739 1.021867 1.023834 1.025740 1.021776 1.023884 1.024206 1.029448 1.023785 1.024725 1.024678 1.024016 1.035681 1.038568 1.030004 1.027905 1.032169 1.030900 1.036516 1.047616 1.048172 1.053269 1.058342 1.055009 1.046824 1.049566 1.063213 1.032538 1.020572 1.020797 1.006919 0.9747549 0.9597589 0.9600825 0.9382996 0.9298052 0.8985795 0.8813200 0.8836560 0.8680241 0.8494548 0.8320692 0.8013844 0.7895433
0.9808651 0.9861118 0.9897264 0.9968466 1.005381 1.007284 1.007936 1.012120 1.018097 1.027596 1.031277 1.033824 1.038193 1.041615 1.045887 1.045613 1.046590 1.042000 1.039322 1.041346 1.051062 1.047613 1.049601 1.056580 1.051921 1.051278 1.051366 1.055264 1.062367 1.062700 1.059492 1.069011 1.073762 1.081532 1.078574 1.081764 1.065219 1.055190 1.040029 1.039590 1.030191 1.018585 1.004503 0.9757739 0.9608747 0.9545619 0.9469287 0.9370463 0.9023634 0.8919388 0.8935608 0.8744875 0.8554800 0.8417872 0.8121697
1.002404 1.011415 1.013330 1.017990 1.023175 1.026240 1.028906 1.035680 1.035644 1.039756 1.048491 1.051165 1.054868 1.058774 1.063845 1.063453 1.062555 1.066189 1.058647 1.062284 1.058766 1.065632 1.069425 1.074059 1.070296 1.073906 1.080892 1.083944 1.086826 1.089858 1.077909 1.076202 1.093161 1.095309 1.095974 1.092810 1.072404 1.067424 1.053536 1.054206 1.044729 1.032232 1.019290 1.002751 0.9744892 0.9725000 0.9687986 0.9372727 0.9319579 0.9083569 0.8965924 0.8976598 0.8810163 0.8694028 0.8530447
1.026132 1.033461 1.036097 1.040926 1.039128 1.047539 1.052473 1.055923 1.057615 1.056946 1.060719 1.062263 1.070824 1.074153 1.076555 1.080723 1.080266 1.082867 1.076240 1.083221 1.076781 1.077063 1.087818 1.091913 1.080360 1.090156 1.094492 1.097680 1.099951 1.094423 1.097021 1.095025 1.103357 1.111812 1.107503 1.088579 1.083574 1.091128 1.067434 1.056124 1.056050 1.041098 1.028342 1.014372 0.9878811 0.9765444 0.9800107 0.9667895 0.9566520 0.9448585 0.9149887 0.9034090 0.9053678 0.8913443 0.8802401
1.048730 1.055631 1.060723 1.060121 1.063611 1.071098 1.076242 1.076815 1.078326 1.082217 1.082289 1.078731 1.084465 1.088887 1.095801 1.099606 1.098651 1.091676 1.093583 1.102921 1.101481 1.096736 1.101067 1.105451 1.105543 1.117407 1.107448 1.113030 1.116485 1.120813 1.121999 1.128362 1.117394 1.113295 1.106708 1.101837 1.107791 1.101678 1.090049 1.065965 1.065609 1.054458 1.043274 1.030796 1.018239 0.9956979 0.9887778 0.9919264 0.9791302 0.9636888 0.9508080 0.9271995 0.9148251 0.9125885 0.9004019
1.070980 1.080134 1.079066 1.078242 1.084814 1.090181 1.091269 1.093127 1.097213 1.102657 1.101750 1.099383 1.092883 1.098284 1.102181 1.111033 1.104362 1.106553 1.114559 1.114542 1.117634 1.121618 1.126145 1.124836 1.121099 1.120795 1.116282 1.135571 1.135299 1.139313 1.141091 1.142162 1.142286 1.124329 1.119270 1.128910 1.120041 1.113523 1.101288 1.081556 1.069977 1.072895 1.063504 1.051485 1.037004 1.028142 1.004909 0.9945233 0.9956388 0.9852740 0.9732116 0.9568251 0.9278651 0.9140480 0.9167582
1.092781 1.096470 1.100164 1.101645 1.103547 1.107836 1.105954 1.108849 1.117474 1.118339 1.117007 1.119251 1.115174 1.117908 1.116482 1.120623 1.120089 1.121129 1.121603 1.128711 1.135943 1.137283 1.138920 1.140380 1.143744 1.149172 1.140491 1.141107 1.153701 1.150674 1.156291 1.156846 1.141882 1.136869 1.131533 1.138442 1.131300 1.127170 1.113624 1.106880 1.087640 1.080963 1.078663 1.066965 1.055819 1.050900 1.039344 1.013635 1.015657 1.002172 0.9860165 0.9698305 0.9545262 0.9287683 0.9199346
1.115223 1.121178 1.122476 1.120619 1.115942 1.121699 1.123130 1.128928 1.131647 1.132776 1.131418 1.135122 1.137256 1.137304 1.134768 1.136511 1.137156 1.132273 1.135842 1.142997 1.147763 1.149906 1.149955 1.152678 1.155207 1.161003 1.162528 1.154578 1.156170 1.169692 1.169531 1.158939 1.158995 1.164562 1.145931 1.154248 1.145259 1.138834 1.133359 1.128875 1.116531 1.093838 1.081586 1.082080 1.070255 1.063725 1.054675 1.031636 1.016891 1.019315 1.000115 0.9856519 0.9708960 0.9593109 0.9362900
1.132292 1.140412 1.136444 1.131438 1.136698 1.138219 1.142080 1.142165 1.143487 1.144089 1.144900 1.145883 1.149819 1.149125 1.143394 1.153056 1.154896 1.142848 1.143677 1.147900 1.156986 1.162717 1.160924 1.161400 1.165969 1.173690 1.176427 1.171520 1.163876 1.165567 1.166477 1.166584 1.181262 1.176117 1.160979 1.160219 1.160126 1.153116 1.146189 1.139128 1.127938 1.120426 1.100958 1.102617 1.087098 1.079917 1.065542 1.052704 1.026665 1.014797 1.015224 1.004018 0.9898410 0.9786278 0.9695648
1.149687 1.152532 1.151258 1.144999 1.150848 1.151953 1.156418 1.158049 1.157091 1.160543 1.162439 1.159331 1.156341 1.155993 1.161822 1.161494 1.163960 1.155688 1.159370 1.161739 1.160604 1.169727 1.171942 1.173727 1.177713 1.187582 1.185044 1.180302 1.180919 1.172185 1.169369 1.181805 1.185922 1.182572 1.178056 1.158385 1.165983 1.158433 1.147710 1.149651 1.137187 1.128948 1.108032 1.099303 1.101399 1.091853 1.080081 1.065868 1.053156 1.026731 1.016722 1.023192 1.007583 0.9949884 0.9833401
