LUCAS_GEMMES_COP27/includes/subsidence/Scenario_B1/TOT_SUBSIDENCE_2080_SINCE_2018_MKD_ONLY.ASC
NCOLS                318
NROWS                364
XLLCORNER      400000.00
YLLCORNER      907000.00
CELLSIZE         1000.00
NODATA_VALUE    0.3402823E+39
[rows 144 to 167 of 364, columns 220 to 274 of 318]
0.4261135 0.4298615 0.4384170 0.4467552 0.4502710 0.4569415 0.4645966 0.4718327 0.4799766 0.4900443 0.4984102 0.5051361 0.5097785 0.5255712 0.5408927 0.5583283 0.5756016 0.5914204 0.6051841 0.6181633 0.6292894 0.6394032 0.6452007 0.6470686 0.6496934 0.6489476 0.6456916 0.6386361 0.6313765 0.6234180 0.6260777 0.6442811 0.6564611 0.6648099 0.6686584 0.6670789 0.6632007 0.6447530 0.6063241 0.6170692 0.6244127 0.6222110 0.6168994 0.6099504 0.5993516 0.5885801 0.5747313 0.5584481 0.5394605 0.5141318 0.4790664 0.4542003 0.4244842 0.4325814 0.4199525
0.4363767 0.4373975 0.4428312 0.4532875 0.4616059 0.4695964 0.4772641 0.4841346 0.4896051 0.4977634 0.5061164 0.5116718 0.5163443 0.5314459 0.5467252 0.5628333 0.5826267 0.5965444 0.6114190 0.6255102 0.6356768 0.6474948 0.6498687 0.6509732 0.6518577 0.6511151 0.6484973 0.6444573 0.6349066 0.6219485 0.6223132 0.6347900 0.6484045 0.6581730 0.6624740 0.6623119 0.6593659 0.6504771 0.6299806 0.6022478 0.6215286 0.6268733 0.6239686 0.6154208 0.6052816 0.5974546 0.5867417 0.5695957 0.5520716 0.5312247 0.5027674 0.4801486 0.4576236 0.4340271 0.4012035
0.4458080 0.4486462 0.4483728 0.4579995 0.4698657 0.4778407 0.4863108 0.4947594 0.5017689 0.5083836 0.5155113 0.5163220 0.5249315 0.5334530 0.5451690 0.5597404 0.5838037 0.6008732 0.6170595 0.6354476 0.6406707 0.6457096 0.6488977 0.6512057 0.6518735 0.6513004 0.6484146 0.6425587 0.6337405 0.6182957 0.6179872 0.6216010 0.6374412 0.6475387 0.6536342 0.6567955 0.6566455 0.6525663 0.6477511 0.6399072 0.6437607 0.6406412 0.6371331 0.6240081 0.6134992 0.6101963 0.5982072 0.5791353 0.5609511 0.5417503 0.5206646 0.5003340 0.4790013 0.4557292 0.4321469
0.4544571 0.4583896 0.4600972 0.4665342 0.4784046 0.4865901 0.4940645 0.5019064 0.5105386 0.5165121 0.5231382 0.5245072 0.5333619 0.5408658 0.5555603 0.5707275 0.5906976 0.6062373 0.6195102 0.6312777 0.6359327 0.6367795 0.6463948 0.6497413 0.6495737 0.6485363 0.6399262 0.6372454 0.6344287 0.6246867 0.6168284 0.6142443 0.6258264 0.6363742 0.6447249 0.6504834 0.6534927 0.6541954 0.6532461 0.6524912 0.6549696 0.6531292 0.6421038 0.6310309 0.6197785 0.6135267 0.6021851 0.5879344 0.5705202 0.5524589 0.5340081 0.5144027 0.4944460 0.4729164 0.4520316
0.4623884 0.4675116 0.4733252 0.4791949 0.4868855 0.4941176 0.5026085 0.5096645 0.5167127 0.5246310 0.5309311 0.5358990 0.5429246 0.5484632 0.5597992 0.5758349 0.5981475 0.6102605 0.6209646 0.6302371 0.6352786 0.6367276 0.6429138 0.6450951 0.6447217 0.6437860 0.6405752 0.6379644 0.6323811 0.6245822 0.6124825 0.6100671 0.6100839 0.6223854 0.6340850 0.6424366 0.6484467 0.6524707 0.6555539 0.6583443 0.6585549 0.6597308 0.6502951 0.6392232 0.6329495 0.6227957 0.6101657 0.5962154 0.5795428 0.5627366 0.5447466 0.5256944 0.5055422 0.4855642 0.4656748
0.4672230 0.4725721 0.4826841 0.4882734 0.4955398 0.5031244 0.5085821 0.5165943 0.5223000 0.5308549 0.5360224 0.5403765 0.5502782 0.5611604 0.5720932 0.5871934 0.5993114 0.6099948 0.6205632 0.6287127 0.6352373 0.6389712 0.6395401 0.6390909 0.6372824 0.6349602 0.6316770 0.6306075 0.6282936 0.6237044 0.6158456 0.6033291 0.5999953 0.6036022 0.6218088 0.6329441 0.6413094 0.6480031 0.6542657 0.6631063 0.6605328 0.6608580 0.6566110 0.6495162 0.6399001 0.6284586 0.6164648 0.6025017 0.5872992 0.5712522 0.5535586 0.5338656 0.5145750 0.4951851 0.4757157
0.4750097 0.4829763 0.4908679 0.4958912 0.5005252 0.5065883 0.5123141 0.5208696 0.5281407 0.5347804 0.5384567 0.5444973 0.5558411 0.5690584 0.5805340 0.5916671 0.6013114 0.6109599 0.6192392 0.6254589 0.6303838 0.6338241 0.6328763 0.6303938 0.6269069 0.6234304 0.6162257 0.6209597 0.6225724 0.6208532 0.6163465 0.6079413 0.6036457 0.5999897 0.6111764 0.6220174 0.6319503 0.6401974 0.6477764 0.6545576 0.6576936 0.6614078 0.6492505 0.6454598 0.6450798 0.6335121 0.6218982 0.6084949 0.5946757 0.5794346 0.5625327 0.5426058 0.5224953 0.5029677 0.4835052
0.4796281 0.4880672 0.4945391 0.4991812 0.5035322 0.5085598 0.5146798 0.5237246 0.5318286 0.5382979 0.5450944 0.5523171 0.5632012 0.5736914 0.5837390 0.5920925 0.6021240 0.6112678 0.6185791 0.6221045 0.6195000 0.6253027 0.6253484 0.6200063 0.6125234 0.6114510 0.6094918 0.6093593 0.6130852 0.6156292 0.6148858 0.6120089 0.6081628 0.6032689 0.5965056 0.6083511 0.6212168 0.6312985 0.6401479 0.6475224 0.6548513 0.6692785 0.6513511 0.6454766 0.6457598 0.6382254 0.6266319 0.6146019 0.6013496 0.5868605 0.5707166 0.5521401 0.5319564 0.5101691 0.4898885
0.4796727 0.4878443 0.4956855 0.4995452 0.5040928 0.5092231 0.5154701 0.5227164 0.5315371 0.5392044 0.5485417 0.5571750 0.5659372 0.5734060 0.5818353 0.5881529 0.5996073 0.6101290 0.6159155 0.6179869 0.6155545 0.6190439 0.6160241 0.6086707 0.6076455 0.6109636 0.6101493 0.6013769 0.6010177 0.6088605 0.6100906 0.6090255 0.6058941 0.6016622 0.5964369 0.5910175 0.6101393 0.6215641 0.6297169 0.6354529 0.6411903 0.6477995 0.6446463 0.6412521 0.6386978 0.6373661 0.6299027 0.6220676 0.6072288 0.5930859 0.5772818 0.5595752 0.5396070 0.5173467 0.4959636
0.4848082 0.4891161 0.4943812 0.5016164 0.5083274 0.5146084 0.5208207 0.5247428 0.5285386 0.5360147 0.5491784 0.5573646 0.5651457 0.5696472 0.5783117 0.5889813 0.6006500 0.6086172 0.6139097 0.6166785 0.6154296 0.6124026 0.6058336 0.6049508 0.6085804 0.6106951 0.6103038 0.6069392 0.6021539 0.6012655 0.6036434 0.6028754 0.5999414 0.5953593 0.5910378 0.5854924 0.6016093 0.6105948 0.6171366 0.6226293 0.6286508 0.6336300 0.6337581 0.6317766 0.6298687 0.6272063 0.6235864 0.6217287 0.6144650 0.5988341 0.5833982 0.5657681 0.5456672 0.5232065 0.5015386
0.4888614 0.4893537 0.4971326 0.5045066 0.5081969 0.5185448 0.5258575 0.5305950 0.5301296 0.5360613 0.5486044 0.5563816 0.5624775 0.5672918 0.5794020 0.5931200 0.6019506 0.6069238 0.6104127 0.6125036 0.6096145 0.6053727 0.6030051 0.6059675 0.6081182 0.6095935 0.6094649 0.6074258 0.6031271 0.5970040 0.5973489 0.5952934 0.5902772 0.5868329 0.5838926 0.5881538 0.5952255 0.6000330 0.6039628 0.6092741 0.6145619 0.6195624 0.6205442 0.6198102 0.6186776 0.6176711 0.6152519 0.6124889 0.6127613 0.6061020 0.5905440 0.5734553 0.5523093 0.5286120 0.5041637
0.5019107 0.5003834 0.5005271 0.5068281 0.5104226 0.5221325 0.5307750 0.5357357 0.5380920 0.5435516 0.5517371 0.5614815 0.5684013 0.5744497 0.5836513 0.5942672 0.6012018 0.6047328 0.6068410 0.6063745 0.6005004 0.6001172 0.6029121 0.6041852 0.6053674 0.6071980 0.6074487 0.6054552 0.6013416 0.5942106 0.5906300 0.5880486 0.5852773 0.5820340 0.5745348 0.5819730 0.5866913 0.5872126 0.5862345 0.5921558 0.5984659 0.6036968 0.6060200 0.6062039 0.6054952 0.6044676 0.6036834 0.6026119 0.6002017 0.6067376 0.6005049 0.5813847 0.5626041 0.5367356 0.5078845
0.5148946 0.5140079 0.5126680 0.5151355 0.5172538 0.5273612 0.5337230 0.5380193 0.5429060 0.5493149 0.5539985 0.5629331 0.5718234 0.5772241 0.5843951 0.5917435 0.5998162 0.6033430 0.6042913 0.6038144 0.5990238 0.5998243 0.6001707 0.5995202 0.5996305 0.6045622 0.6059347 0.6033818 0.5996269 0.5941726 0.5877113 0.5844111 0.5840731 0.5796700 0.5712149 0.5757849 0.5769699 0.5727965 0.5592120 0.5703993 0.5787076 0.5860979 0.5905807 0.5909608 0.5906171 0.5899370 0.5906281 0.5892532 0.5842102 0.5917749 0.6000841 0.5940177 0.5725483 0.5482432 0.5129579
0.5286072 0.5279226 0.5265774 0.5276986 0.5281650 0.5310789 0.5358510 0.5395378 0.5450563 0.5529472 0.5571874 0.5639824 0.5717341 0.5774277 0.5828903 0.5879436 0.5944972 0.5991163 0.6017992 0.6014512 0.5979082 0.5997562 0.6026167 0.6016526 0.5979750 0.6017554 0.6025219 0.6001307 0.5967014 0.5919164 0.5846385 0.5797608 0.5769916 0.5719086 0.5673290 0.5653924 0.5682186 0.5655057 0.5573561 0.5475915 0.5607256 0.5689828 0.5736858 0.5748475 0.5757661 0.5761881 0.5753686 0.5740793 0.5746537 0.5792163 0.5832083 0.5942019 0.5894104 0.5660746 0.5279568
0.5415052 0.5406939 0.5386583 0.5392388 0.5401387 0.5402034 0.5386859 0.5365961 0.5443600 0.5547566 0.5601066 0.5648292 0.5712849 0.5767295 0.5810227 0.5830651 0.5873404 0.5924273 0.5998111 0.6004694 0.5976739 0.5989965 0.6034257 0.6027477 0.5976079 0.5969597 0.5968580 0.5956890 0.5930930 0.5886191 0.5821764 0.5749934 0.5699686 0.5653154 0.5618934 0.5600106 0.5627156 0.5603152 0.5544153 0.5482801 0.5477552 0.5518122 0.5554454 0.5570336 0.5571111 0.5574597 0.5565070 0.5553160 0.5574074 0.5594034 0.5625572 0.5668911 0.5903555 0.5872296 0.5837764
0.5536507 0.5521653 0.5498486 0.5512043 0.5510748 0.5496738 0.5495296 0.5510675 0.5524275 0.5590832 0.5634639 0.5664942 0.5710530 0.5755789 0.5795127 0.5829365 0.5891905 0.5959376 0.6010520 0.6036119 0.6042203 0.6043755 0.6049922 0.6039256 0.6019483 0.6016647 0.6040713 0.5920987 0.5886880 0.5837957 0.5774689 0.5700608 0.5649300 0.5615239 0.5572340 0.5580303 0.5578952 0.5549364 0.5488557 0.5402071 0.5265802 0.5321954 0.5361993 0.5375379 0.5325779 0.5314491 0.5335819 0.5342439 0.5338322 0.5332803 0.5334848 0.5340860 0.5331910 0.5268275 0.4736898
0.5658836 0.5640415 0.5607026 0.5618175 0.5617592 0.5606668 0.5629849 0.5652055 0.5656188 0.5659567 0.5654866 0.5705759 0.5728287 0.5771737 0.5822445 0.5860053 0.5929549 0.5986436 0.6030012 0.6059142 0.6069434 0.6064970 0.6056119 0.6035464 0.6011084 0.5976562 0.5952498 0.5870410 0.5835056 0.5781176 0.5708836 0.5646263 0.5601174 0.5575957 0.5528301 0.5537394 0.5524591 0.5489798 0.5429366 0.5344071 0.5229603 0.5117024 0.5169418 0.5187991 0.5138487 0.5131652 0.5138651 0.5110677 0.5071797 0.5041945 0.5015861 0.4987042 0.4742861 0.4787914 0.4933294
0.5790215 0.5767891 0.5744320 0.5738624 0.5729828 0.5715199 0.5737200 0.5740740 0.5747774 0.5734010 0.5728378 0.5733102 0.5752305 0.5791848 0.5826124 0.5859417 0.5939221 0.5998617 0.6044691 0.6073593 0.6076133 0.6067796 0.6049355 0.6020723 0.5982642 0.5950147 0.5908641 0.5811069 0.5741912 0.5692694 0.5649722 0.5612202 0.5561557 0.5530266 0.5481894 0.5483813 0.5460194 0.5420873 0.5356865 0.5274845 0.5162306 0.5025932 0.4980286 0.4993267 0.4946280 0.4901307 0.4864241 0.4842853 0.4811150 0.4676341 0.4684601 0.4687781 0.4707150 0.4676848 0.4669931
0.5951269 0.5896007 0.5872710 0.5848581 0.5822507 0.5816425 0.5824652 0.5811201 0.5804911 0.5807371 0.5790585 0.5795454 0.5782884 0.5777742 0.5817585 0.5867441 0.5950471 0.6008753 0.6054350 0.6090098 0.6088207 0.6072285 0.6046777 0.6001669 0.5953084 0.5931357 0.5871877 0.5763460 0.5695471 0.5663361 0.5623121 0.5582917 0.5551700 0.5550609 0.5437694 0.5426008 0.5395843 0.5347168 0.5272115 0.5195431 0.5098321 0.4979448 0.4866688 0.4786566 0.4702242 0.4627288 0.4564916 0.4533014 0.4553919 0.4591614 0.4584845 0.4582929 0.4575140 0.4563255 0.4534050
0.6097779 0.6001390 0.6008109 0.5982858 0.5938044 0.5917153 0.5913576 0.5911407 0.5902736 0.5878207 0.5862154 0.5859872 0.5864939 0.5829905 0.5837961 0.5914184 0.5975855 0.6024919 0.6057370 0.6083413 0.6097498 0.6075087 0.6032059 0.5971185 0.5901362 0.5903072 0.5839409 0.5753338 0.5668941 0.5619398 0.5583625 0.5542195 0.5490354 0.5422311 0.5366437 0.5360591 0.5328395 0.5271510 0.5187895 0.5114020 0.5027156 0.4912309 0.4772924 0.4685487 0.4552062 0.4507852 0.4464240 0.4414179 0.4343866 0.4422557 0.4457573 0.4457464 0.4454418 0.4449496 0.4435922
0.6240471 0.6133631 0.6134749 0.6115642 0.6059184 0.6044476 0.6027675 0.6029205 0.6018852 0.5984025 0.5956864 0.5941092 0.5931017 0.5904454 0.5918620 0.5951303 0.5975454 0.6067644 0.6069338 0.6080637 0.6095605 0.6071696 0.6012696 0.5920873 0.5876153 0.5876362 0.5819226 0.5739400 0.5656335 0.5574795 0.5525137 0.5478171 0.5415967 0.5347185 0.5317087 0.5290774 0.5239793 0.5167558 0.5085621 0.5011499 0.4936259 0.4860438 0.4735376 0.4676695 0.4586306 0.4515769 0.4452654 0.4357790 0.4285357 0.4254879 0.4313487 0.4314139 0.4322458 0.4334817 0.4348279
0.6388984 0.6343627 0.6300476 0.6257535 0.6187260 0.6174418 0.6155490 0.6150900 0.6127733 0.6101021 0.6052413 0.6037763 0.6012663 0.5976169 0.5995072 0.6014802 0.6034791 0.6067396 0.6072165 0.6089856 0.6096835 0.6060235 0.6003299 0.5904496 0.5856632 0.5860006 0.5800531 0.5724221 0.5654978 0.5561940 0.5468994 0.5399386 0.5336994 0.5271726 0.5242153 0.5202771 0.5140186 0.5044215 0.4970059 0.4866855 0.4826963 0.4809704 0.4791732 0.4748818 0.4674633 0.4593627 0.4468950 0.4366517 0.4293507 0.4250560 0.4186394 0.4124700 0.4179056 0.4189526 0.4262607
0.6468136 0.6495708 0.6424680 0.6385143 0.6327056 0.6313105 0.6303046 0.6282439 0.6236141 0.6200385 0.6147237 0.6090826 0.6058699 0.6086898 0.6076149 0.6090219 0.6092720 0.6097686 0.6113803 0.6109082 0.6103454 0.6068044 0.6012331 0.5934750 0.5863372 0.5856130 0.5792288 0.5723752 0.5636191 0.5534169 0.5437360 0.5352967 0.5288756 0.5222634 0.5177304 0.5118563 0.5047590 0.4950177 0.4946215 0.4921106 0.4871599 0.4803774 0.4821913 0.4808798 0.4754361 0.4689240 0.4605159 0.4489716 0.4435647 0.4363900 0.4191612 0.4104376 0.4034493 3.4028235E+38 0.4222618
0.6613033 0.6648555 0.6630592 0.6560121 0.6469631 0.6456593 0.6437101 0.6410958 0.6351450 0.6296818 0.6226308 0.6149575 0.6082096 0.6141905 0.6142536 0.6178102 0.6156165 0.6164055 0.6169837 0.6145215 0.6119369 0.6082349 0.6021886 0.5936832 0.5894669 0.5874408 0.5792593 0.5691806 0.5568961 0.5440328 0.5412845 0.5332974 0.5287002 0.5223966 0.5111490 0.5043691 0.5013561 0.5013033 0.5015185 0.4973270 0.4912035 0.4831350 0.4862795 0.4861802 0.4825945 0.4771271 0.4703773 0.4591138 0.4556509 0.4512354 0.4354312 0.4253075 3.4028235E+38 3.4028235E+38 3.4028235E+38
