LUCAS_GEMMES_COP27/includes/subsidence/Scenario_B1/TOT_SUBSIDENCE_2080_SINCE_2018_MKD_ONLY.ASC
NCOLS                318
NROWS                364
XLLCORNER      400000.00
YLLCORNER      907000.00
CELLSIZE         1000.00
NODATA_VALUE    0.3402823E+39
[rows 96 to 119 of 364, columns 55 to 109 of 318]
3.4028235E+38 3.4028235E+38 3.4028235E+38 3.4028235E+38 3.4028235E+38 3.4028235E+38 3.4028235E+38 3.4028235E+38 3.4028235E+38 3.4028235E+38 3.4028235E+38 3.4028235E+38 3.4028235E+38 3.4028235E+38 3.4028235E+38 3.4028235E+38 3.4028235E+38 3.4028235E+38 3.4028235E+38 3.4028235E+38 3.4028235E+38 3.4028235E+38 3.4028235E+38 3.4028235E+38 3.4028235E+38 3.4028235E+38 3.4028235E+38 3.4028235E+38 3.4028235E+38 3.4028235E+38 3.4028235E+38 3.4028235E+38 3.4028235E+38 3.4028235E+38 3.4028235E+38 3.4028235E+38 3.4028235E+38 3.4028235E+38 3.4028235E+38 4.8060447E-02 4.9821056E-02 3.4028235E+38 3.4028235E+38 3.4028235E+38 3.4028235E+38 3.4028235E+38 3.4028235E+38 5.5640414E-02 5.7223495E-02 5.7547495E-02 5.8274154E-02 5.9595179E-02 5.9613824E-02 6.0282096E-02 6.1088379E-02
3.4028235E+38 3.4028235E+38 3.4028235E+38 3.4028235E+38 3.4028235E+38 3.4028235E+38 3.4028235E+38 3.4028235E+38 3.4028235E+38 3.4028235E+38 3.4028235E+38 3.4028235E+38 3.4028235E+38 3.4028235E+38 3.4028235E+38 3.4028235E+38 3.4028235E+38 3.4028235E+38 3.4028235E+38 3.4028235E+38 3.4028235E+38 3.4028235E+38 3.4028235E+38 3.4028235E+38 3.4028235E+38 3.4028235E+38 3.4028235E+38 3.4028235E+38 3.4028235E+38 3.4028235E+38 3.4028235E+38 3.4028235E+38 3.4028235E+38 3.4028235E+38 3.4028235E+38 3.4028235E+38 3.4028235E+38 3.4028235E+38 4.7792681E-02 5.6638516E-02 3.4028235E+38 3.4028235E+38 3.4028235E+38 3.4028235E+38 3.4028235E+38 3.4028235E+38 3.4028235E+38 5.8021031E-02 5.7353791E-02 5.8876954E-02 5.8844589E-02 6.0272694E-02 6.0938917E-02 6.1074167E-02 6.2149979E-02
3.4028235E+38 3.4028235E+38 3.4028235E+38 3.4028235E+38 3.4028235E+38 3.4028235E+38 3.4028235E+38 3.4028235E+38 3.4028235E+38 3.4028235E+38 3.4028235E+38 3.4028235E+38 3.4028235E+38 3.4028235E+38 3.4028235E+38 3.4028235E+38 3.4028235E+38 3.4028235E+38 3.4028235E+38 3.4028235E+38 3.4028235E+38 3.4028235E+38 3.4028235E+38 3.4028235E+38 3.4028235E+38 3.4028235E+38 3.4028235E+38 3.4028235E+38 3.4028235E+38 3.4028235E+38 3.4028235E+38 3.4028235E+38 3.4028235E+38 3.4028235E+38 3.4028235E+38 3.4028235E+38 3.4028235E+38 4.7452100E-02 4.8170388E-02 5.1403400E-02 3.4028235E+38 3.4028235E+38 3.4028235E+38 3.4028235E+38 3.4028235E+38 3.4028235E+38 3.4028235E+38 3.4028235E+38 5.8445133E-02 5.8631361E-02 5.9678886E-02 6.0391109E-02 6.1105307E-02 6.2160898E-02 6.3301019E-02
3.4028235E+38 3.4028235E+38 3.4028235E+38 3.4028235E+38 3.4028235E+38 3.4028235E+38 3.4028235E+38 3.4028235E+38 3.4028235E+38 3.4028235E+38 3.4028235E+38 3.4028235E+38 3.4028235E+38 3.4028235E+38 3.4028235E+38 3.4028235E+38 3.4028235E+38 3.4028235E+38 3.4028235E+38 3.4028235E+38 3.4028235E+38 3.4028235E+38 3.4028235E+38 3.4028235E+38 3.4028235E+38 3.4028235E+38 3.4028235E+38 3.4028235E+38 3.4028235E+38 3.4028235E+38 3.4028235E+38 3.4028235E+38 3.4028235E+38 3.4028235E+38 3.4028235E+38 3.4028235E+38 3.4028235E+38 4.9772426E-02 3.4028235E+38 3.4028235E+38 3.4028235E+38 3.4028235E+38 3.4028235E+38 3.4028235E+38 3.4028235E+38 3.4028235E+38 3.4028235E+38 6.0232263E-02 5.9673145E-02 5.9593864E-02 6.1144374E-02 6.1383154E-02 6.2334817E-02 6.3998178E-02 6.4711839E-02
3.4028235E+38 3.4028235E+38 3.4028235E+38 3.4028235E+38 3.4028235E+38 3.4028235E+38 3.4028235E+38 3.4028235E+38 3.4028235E+38 3.4028235E+38 3.4028235E+38 3.4028235E+38 3.4028235E+38 3.4028235E+38 3.4028235E+38 3.4028235E+38 3.4028235E+38 3.4028235E+38 3.4028235E+38 3.4028235E+38 3.4028235E+38 3.4028235E+38 3.4028235E+38 3.4028235E+38 3.4028235E+38 3.4028235E+38 3.4028235E+38 3.4028235E+38 3.4028235E+38 3.4028235E+38 3.4028235E+38 3.4028235E+38 3.4028235E+38 3.4028235E+38 3.4028235E+38 3.4028235E+38 5.0835293E-02 5.1248819E-02 5.1527534E-02 3.4028235E+38 3.4028235E+38 3.4028235E+38 3.4028235E+38 3.4028235E+38 3.4028235E+38 3.4028235E+38 3.4028235E+38 6.0704470E-02 6.0357638E-02 6.0547248E-02 6.1491642E-02 6.3084260E-02 6.3455477E-02 6.4730994E-02 6.6860750E-02
3.4028235E+38 3.4028235E+38 3.4028235E+38 3.4028235E+38 3.4028235E+38 3.4028235E+38 3.4028235E+38 3.4028235E+38 3.4028235E+38 3.4028235E+38 3.4028235E+38 3.4028235E+38 3.4028235E+38 3.4028235E+38 3.4028235E+38 3.4028235E+38 3.4028235E+38 3.4028235E+38 3.4028235E+38 3.4028235E+38 3.4028235E+38 3.4028235E+38 3.4028235E+38 3.4028235E+38 3.4028235E+38 3.4028235E+38 3.4028235E+38 3.4028235E+38 3.4028235E+38 3.4028235E+38 3.4028235E+38 3.4028235E+38 3.4028235E+38 3.4028235E+38 3.4028235E+38 3.4028235E+38 5.6459945E-02 3.4028235E+38 3.4028235E+38 3.4028235E+38 3.4028235E+38 3.4028235E+38 3.4028235E+38 3.4028235E+38 3.4028235E+38 3.4028235E+38 6.2548399E-02 6.1091434E-02 6.1210863E-02 6.2125105E-02 6.2594622E-02 6.4231798E-02 6.5499879E-02 6.6388801E-02 6.7924626E-02
3.4028235E+38 3.4028235E+38 3.4028235E+38 3.4028235E+38 3.4028235E+38 3.4028235E+38 3.4028235E+38 3.4028235E+38 3.4028235E+38 3.4028235E+38 3.4028235E+38 3.4028235E+38 3.4028235E+38 3.4028235E+38 3.4028235E+38 3.4028235E+38 3.4028235E+38 3.4028235E+38 3.4028235E+38 3.4028235E+38 3.4028235E+38 3.4028235E+38 3.4028235E+38 3.4028235E+38 3.4028235E+38 3.4028235E+38 3.4028235E+38 3.4028235E+38 3.4028235E+38 3.4028235E+38 3.4028235E+38 3.4028235E+38 3.4028235E+38 3.4028235E+38 3.4028235E+38 5.0826751E-02 5.2784622E-02 5.4727565E-02 3.4028235E+38 3.4028235E+38 3.4028235E+38 3.4028235E+38 3.4028235E+38 5.8954179E-02 3.4028235E+38 6.2099047E-02 6.1299015E-02 6.1163038E-02 6.2186789E-02 6.3040644E-02 6.3687518E-02 6.5507844E-02 6.7003682E-02 6.8606466E-02 6.9609523E-02
3.4028235E+38 3.4028235E+38 3.4028235E+38 3.4028235E+38 3.4028235E+38 3.4028235E+38 3.4028235E+38 3.4028235E+38 3.4028235E+38 3.4028235E+38 3.4028235E+38 3.4028235E+38 3.4028235E+38 3.4028235E+38 3.4028235E+38 3.4028235E+38 3.4028235E+38 3.4028235E+38 3.4028235E+38 3.4028235E+38 3.4028235E+38 3.4028235E+38 3.4028235E+38 3.4028235E+38 3.4028235E+38 3.4028235E+38 3.4028235E+38 3.4028235E+38 3.4028235E+38 3.4028235E+38 3.4028235E+38 3.4028235E+38 3.4028235E+38 3.4028235E+38 3.4028235E+38 5.1043227E-02 5.2956227E-02 3.4028235E+38 3.4028235E+38 3.4028235E+38 3.4028235E+38 3.4028235E+38 6.0572531E-02 6.1274067E-02 6.1978322E-02 6.2781841E-02 6.3679636E-02 6.2365815E-02 6.3027874E-02 6.4383261E-02 6.4871669E-02 6.7010947E-02 6.8540439E-02 7.0113093E-02 7.1563497E-02
3.4028235E+38 3.4028235E+38 3.4028235E+38 3.4028235E+38 3.4028235E+38 3.4028235E+38 3.4028235E+38 3.4028235E+38 3.4028235E+38 3.4028235E+38 3.4028235E+38 3.4028235E+38 3.4028235E+38 3.4028235E+38 3.4028235E+38 3.4028235E+38 3.4028235E+38 3.4028235E+38 3.4028235E+38 3.4028235E+38 3.4028235E+38 3.4028235E+38 3.4028235E+38 3.4028235E+38 3.4028235E+38 3.4028235E+38 3.4028235E+38 3.4028235E+38 3.4028235E+38 3.4028235E+38 3.4028235E+38 3.4028235E+38 3.4028235E+38 3.4028235E+38 5.1356040E-02 5.1975757E-02 5.3784028E-02 5.4708164E-02 5.5921413E-02 3.4028235E+38 3.4028235E+38 3.4028235E+38 6.1875772E-02 3.4028235E+38 3.4028235E+38 3.4028235E+38 6.4603448E-02 6.3877314E-02 6.4968921E-02 6.5154627E-02 6.6536412E-02 6.8212844E-02 7.0317373E-02 7.1656242E-02 7.2977945E-02
3.4028235E+38 3.4028235E+38 3.4028235E+38 3.4028235E+38 3.4028235E+38 3.4028235E+38 3.4028235E+38 3.4028235E+38 3.4028235E+38 3.4028235E+38 3.4028235E+38 3.4028235E+38 3.4028235E+38 3.4028235E+38 3.4028235E+38 3.4028235E+38 3.4028235E+38 3.4028235E+38 3.4028235E+38 3.4028235E+38 3.4028235E+38 3.4028235E+38 3.4028235E+38 3.4028235E+38 3.4028235E+38 3.4028235E+38 3.4028235E+38 3.4028235E+38 3.4028235E+38 3.4028235E+38 3.4028235E+38 3.4028235E+38 3.4028235E+38 5.1265068E-02 5.1746238E-02 5.2670870E-02 5.3896017E-02 5.4781366E-02 5.6609690E-02 5.7515960E-02 3.4028235E+38 3.4028235E+38 3.4028235E+38 3.4028235E+38 3.4028235E+38 3.4028235E+38 3.4028235E+38 3.4028235E+38 3.4028235E+38 3.4028235E+38 6.9528162E-02 7.0005201E-02 7.1868628E-02 7.2838128E-02 7.4360646E-02
3.4028235E+38 3.4028235E+38 3.4028235E+38 3.4028235E+38 3.4028235E+38 3.4028235E+38 2.9770227E-02 3.1466082E-02 3.1316023E-02 3.1599563E-02 2.9789383E-02 3.1954102E-02 3.4028235E+38 3.4028235E+38 3.4028235E+38 3.4028235E+38 3.4028235E+38 3.4028235E+38 3.4028235E+38 3.4028235E+38 3.4028235E+38 3.4028235E+38 3.4028235E+38 3.4028235E+38 3.4028235E+38 3.4028235E+38 3.4028235E+38 3.4028235E+38 3.4028235E+38 3.4028235E+38 3.4028235E+38 3.4028235E+38 5.0813768E-02 5.1576942E-02 5.2563094E-02 5.3737886E-02 5.4745000E-02 5.5738814E-02 5.6854941E-02 5.8134329E-02 3.4028235E+38 3.4028235E+38 3.4028235E+38 3.4028235E+38 3.4028235E+38 3.4028235E+38 3.4028235E+38 3.4028235E+38 3.4028235E+38 3.4028235E+38 7.1457282E-02 7.1613982E-02 7.3217094E-02 7.4342594E-02 7.6238066E-02
2.8097726E-02 2.8059293E-02 2.8386218E-02 2.9096622E-02 2.9139616E-02 2.8983062E-02 2.9052768E-02 2.8997406E-02 2.9113982E-02 2.9146584E-02 2.8812576E-02 3.0372346E-02 3.1176716E-02 3.1901468E-02 3.5125479E-02 3.5587605E-02 3.4028235E+38 3.4028235E+38 3.4028235E+38 3.4028235E+38 3.4028235E+38 3.4028235E+38 3.4028235E+38 3.4028235E+38 3.4028235E+38 3.4028235E+38 3.4028235E+38 3.4028235E+38 3.4028235E+38 3.4028235E+38 3.4028235E+38 5.5451840E-02 5.1586200E-02 5.2480858E-02 5.3694688E-02 5.4802567E-02 5.5885535E-02 5.6891762E-02 5.7995960E-02 5.9764970E-02 3.4028235E+38 3.4028235E+38 3.4028235E+38 3.4028235E+38 3.4028235E+38 3.4028235E+38 3.4028235E+38 3.4028235E+38 7.3166475E-02 7.2194248E-02 7.2707370E-02 7.3710531E-02 7.4881800E-02 7.6481357E-02 7.7962942E-02
2.7460435E-02 2.8080652E-02 2.7783666E-02 2.8507132E-02 2.8576147E-02 2.8304784E-02 2.8695947E-02 2.9002098E-02 2.9943770E-02 3.0529469E-02 3.0580556E-02 3.1384505E-02 3.2530479E-02 3.2650776E-02 3.3827685E-02 3.4854285E-02 3.5730980E-02 3.6917977E-02 3.7834086E-02 3.8573913E-02 4.2173814E-02 4.1130856E-02 4.1819289E-02 4.5177769E-02 4.6412166E-02 4.5225311E-02 4.9429577E-02 4.7233202E-02 4.7986906E-02 4.9308620E-02 5.0946496E-02 5.1601224E-02 5.2323431E-02 5.3521164E-02 5.4995805E-02 5.6314841E-02 5.7052474E-02 6.3189566E-02 6.1763786E-02 6.5403469E-02 3.4028235E+38 3.4028235E+38 3.4028235E+38 3.4028235E+38 3.4028235E+38 3.4028235E+38 3.4028235E+38 3.4028235E+38 3.4028235E+38 8.2390338E-02 7.5009346E-02 7.5681284E-02 7.7041127E-02 7.8604221E-02 7.9831481E-02
2.6631543E-02 2.7388241E-02 2.6809406E-02 2.7179098E-02 2.7745264E-02 2.8071759E-02 2.8994488E-02 2.9674808E-02 3.0522894E-02 3.1234348E-02 3.1360634E-02 3.2391313E-02 3.3544924E-02 3.4079563E-02 3.5427451E-02 3.6116563E-02 3.5993524E-02 3.6625773E-02 3.7280202E-02 3.8241830E-02 3.8976893E-02 4.0337209E-02 4.1581128E-02 4.2895935E-02 4.4068120E-02 4.4663075E-02 4.6949126E-02 4.8092671E-02 4.8621129E-02 4.9872383E-02 5.1256768E-02 5.2863184E-02 5.3322356E-02 5.5050254E-02 5.5290870E-02 5.7725672E-02 3.4028235E+38 6.4847037E-02 3.4028235E+38 3.4028235E+38 3.4028235E+38 3.4028235E+38 3.4028235E+38 3.4028235E+38 3.4028235E+38 3.4028235E+38 3.4028235E+38 3.4028235E+38 3.4028235E+38 3.4028235E+38 7.6920919E-02 7.7652171E-02 7.9122491E-02 8.0482945E-02 8.1588276E-02
2.5956219E-02 2.5552461E-02 2.5983186E-02 2.6928606E-02 2.8024217E-02 2.8371096E-02 2.8982736E-02 2.9918838E-02 3.0751720E-02 3.1010183E-02 3.1918764E-02 3.3172198E-02 3.3963181E-02 3.5027392E-02 3.5744987E-02 3.6389895E-02 3.6811039E-02 3.7598822E-02 3.7292656E-02 3.8728140E-02 3.9325207E-02 4.0946458E-02 4.2188849E-02 4.3075327E-02 4.4261176E-02 4.5656387E-02 4.6747994E-02 4.7957201E-02 4.9780369E-02 5.1665679E-02 5.2121844E-02 5.4424006E-02 3.4028235E+38 3.4028235E+38 3.4028235E+38 6.7763135E-02 3.4028235E+38 3.4028235E+38 3.4028235E+38 3.4028235E+38 3.4028235E+38 3.4028235E+38 3.4028235E+38 3.4028235E+38 3.4028235E+38 3.4028235E+38 3.4028235E+38 3.4028235E+38 3.4028235E+38 3.4028235E+38 3.4028235E+38 8.0872074E-02 8.1553549E-02 8.2826361E-02 8.3763018E-02
2.4961459E-02 2.5477229E-02 2.7022175E-02 2.7669977E-02 2.8477594E-02 2.9138917E-02 2.9859394E-02 3.0826937E-02 3.1648863E-02 3.1747505E-02 3.2938927E-02 3.3765376E-02 3.4414262E-02 3.5096969E-02 3.5775859E-02 3.6532473E-02 3.6723159E-02 3.7000969E-02 3.7527025E-02 3.9322838E-02 4.0419899E-02 4.2337891E-02 4.2675480E-02 4.4141103E-02 4.5398075E-02 4.6525162E-02 4.7826182E-02 4.8648614E-02 5.0562426E-02 5.2536540E-02 5.3327411E-02 6.0550164E-02 3.4028235E+38 3.4028235E+38 3.4028235E+38 3.4028235E+38 3.4028235E+38 3.4028235E+38 3.4028235E+38 3.4028235E+38 3.4028235E+38 3.4028235E+38 3.4028235E+38 3.4028235E+38 3.4028235E+38 3.4028235E+38 3.4028235E+38 3.4028235E+38 3.4028235E+38 9.2102870E-02 8.6798385E-02 8.4244221E-02 8.4522702E-02 8.5354999E-02 8.6295314E-02
2.5407106E-02 2.6223341E-02 2.6913900E-02 2.7582388E-02 2.8750736E-02 2.9773835E-02 3.0599974E-02 3.1443343E-02 3.1479646E-02 3.1928994E-02 3.2842837E-02 3.3487923E-02 3.4174662E-02 3.4190971E-02 3.4805443E-02 3.5560124E-02 3.6595009E-02 3.6817349E-02 3.8390886E-02 3.9780419E-02 4.0950533E-02 4.2459771E-02 4.3459740E-02 4.5003731E-02 4.5875948E-02 4.7224335E-02 4.8627567E-02 4.9470142E-02 5.0977565E-02 5.2893445E-02 5.4416053E-02 5.5697557E-02 3.4028235E+38 3.4028235E+38 3.4028235E+38 3.4028235E+38 3.4028235E+38 3.4028235E+38 3.4028235E+38 3.4028235E+38 3.4028235E+38 3.4028235E+38 3.4028235E+38 3.4028235E+38 3.4028235E+38 3.4028235E+38 3.4028235E+38 3.4028235E+38 3.4028235E+38 8.8169008E-02 8.7681293E-02 8.7102190E-02 8.7599881E-02 8.8356473E-02 8.8965923E-02
2.6279591E-02 2.7503891E-02 2.8059451E-02 2.8259726E-02 2.8988246E-02 3.0251179E-02 3.0930439E-02 3.0958330E-02 3.1488769E-02 3.2626219E-02 3.3520482E-02 3.4036927E-02 3.4320652E-02 3.4351137E-02 3.5173997E-02 3.6075376E-02 3.6510922E-02 3.7744164E-02 3.9361823E-02 4.0650912E-02 4.1975196E-02 4.3221086E-02 4.4539273E-02 4.5680840E-02 4.7320791E-02 4.8652787E-02 4.9411427E-02 5.1263481E-02 5.2118357E-02 5.3865347E-02 5.5200689E-02 5.6190852E-02 3.4028235E+38 3.4028235E+38 3.4028235E+38 3.4028235E+38 3.4028235E+38 3.4028235E+38 3.4028235E+38 3.4028235E+38 3.4028235E+38 3.4028235E+38 3.4028235E+38 3.4028235E+38 3.4028235E+38 3.4028235E+38 3.4028235E+38 3.4028235E+38 9.1717005E-02 9.1054991E-02 9.0958387E-02 9.0903342E-02 9.0764627E-02 9.1610245E-02 9.1887586E-02
2.7602008E-02 2.8391561E-02 2.8759081E-02 2.9289281E-02 2.9333014E-02 2.9900845E-02 3.0448820E-02 3.1020420E-02 3.1263206E-02 3.1939223E-02 3.3649061E-02 3.4176148E-02 3.4779016E-02 3.5230320E-02 3.6130160E-02 3.7137758E-02 3.7463456E-02 3.8850747E-02 4.0288981E-02 4.1578766E-02 4.2863790E-02 4.4059485E-02 4.5414370E-02 4.6567958E-02 4.8253089E-02 5.0064716E-02 5.1102113E-02 5.2599423E-02 5.3451382E-02 5.5304386E-02 5.6829672E-02 3.4028235E+38 3.4028235E+38 3.4028235E+38 3.4028235E+38 3.4028235E+38 3.4028235E+38 3.4028235E+38 3.4028235E+38 3.4028235E+38 3.4028235E+38 3.4028235E+38 3.4028235E+38 3.4028235E+38 3.4028235E+38 3.4028235E+38 3.4028235E+38 3.4028235E+38 9.6040763E-02 9.5487081E-02 9.4836652E-02 9.4334118E-02 9.3912736E-02 9.4392903E-02 9.4821267E-02
2.8265940E-02 2.8947573E-02 2.9280309E-02 2.9762870E-02 3.0090339E-02 3.0304633E-02 3.0092927E-02 3.0976173E-02 3.1223288E-02 3.1894628E-02 3.3062167E-02 3.3506222E-02 3.4781445E-02 3.5266072E-02 3.5825845E-02 3.7086327E-02 3.8316716E-02 3.9917070E-02 4.1187078E-02 4.2489197E-02 4.3710791E-02 4.4923939E-02 4.6176054E-02 4.7538474E-02 4.8737742E-02 5.0740775E-02 5.2293900E-02 5.2892931E-02 5.4262631E-02 5.6617893E-02 5.8175437E-02 5.8803964E-02 3.4028235E+38 3.4028235E+38 3.4028235E+38 3.4028235E+38 3.4028235E+38 3.4028235E+38 3.4028235E+38 3.4028235E+38 3.4028235E+38 3.4028235E+38 3.4028235E+38 3.4028235E+38 3.4028235E+38 3.4028235E+38 3.4028235E+38 3.4028235E+38 0.1024233 0.1014374 0.1000414 9.8613314E-02 9.7995430E-02 9.7490005E-02 9.8255441E-02
2.8733963E-02 2.9337239E-02 2.9834295E-02 3.0216284E-02 3.0628892E-02 3.0006913E-02 3.0370740E-02 3.2171886E-02 3.2722067E-02 3.2621086E-02 3.3563398E-02 3.3671200E-02 3.4717694E-02 3.5640471E-02 3.6432907E-02 3.7741292E-02 3.9294809E-02 4.0522065E-02 4.2028025E-02 4.3248702E-02 4.4538207E-02 4.5788452E-02 4.7047142E-02 4.8408411E-02 5.0081618E-02 5.1009171E-02 5.2948479E-02 5.3586446E-02 5.5578019E-02 5.7868592E-02 5.9453465E-02 6.0888022E-02 3.4028235E+38 3.4028235E+38 3.4028235E+38 3.4028235E+38 3.4028235E+38 7.4669719E-02 3.4028235E+38 3.4028235E+38 3.4028235E+38 3.4028235E+38 3.4028235E+38 3.4028235E+38 3.4028235E+38 3.4028235E+38 3.4028235E+38 0.1171072 0.1126313 0.1089147 0.1058624 0.1035740 0.1022303 0.1013272 0.1013265
2.9435715E-02 3.0033244E-02 3.0542115E-02 3.0789841E-02 3.0306267E-02 3.0302016E-02 3.0800188E-02 3.2741059E-02 3.3077188E-02 3.3527605E-02 3.4139276E-02 3.4739632E-02 3.5484046E-02 3.6432967E-02 3.7383758E-02 3.8648125E-02 4.0450517E-02 4.1491680E-02 4.3365050E-02 4.4056632E-02 4.5196332E-02 4.6437144E-02 4.7877330E-02 4.9329817E-02 5.0863463E-02 5.2249622E-02 5.3347267E-02 5.5011522E-02 5.7425372E-02 5.9315968E-02 6.0756322E-02 6.2157162E-02 6.7290753E-02 6.8962172E-02 3.4028235E+38 3.4028235E+38 7.3376246E-02 7.4787088E-02 3.4028235E+38 3.4028235E+38 3.4028235E+38 3.4028235E+38 3.4028235E+38 3.4028235E+38 3.4028235E+38 3.4028235E+38 3.4028235E+38 0.1289058 0.1230375 0.1169481 0.1124317 0.1093960 0.1067609 0.1052621 0.1044328
3.0177685E-02 3.0646458E-02 3.1495757E-02 3.1357072E-02 3.1149063E-02 3.1573564E-02 3.2476351E-02 3.2837279E-02 3.3020452E-02 3.3843089E-02 3.4709830E-02 3.5419978E-02 3.6133200E-02 3.7110448E-02 3.8652379E-02 4.0544089E-02 4.2437393E-02 4.2873431E-02 4.3803133E-02 4.4887830E-02 4.6324044E-02 4.7743157E-02 4.9323224E-02 5.0243761E-02 5.1588055E-02 5.3062227E-02 5.4568376E-02 5.6126248E-02 5.8224052E-02 6.0052946E-02 6.1754804E-02 6.3985676E-02 6.7781791E-02 7.2960570E-02 7.3477641E-02 7.4629776E-02 7.4793264E-02 7.6221116E-02 7.8515492E-02 3.4028235E+38 3.4028235E+38 3.4028235E+38 3.4028235E+38 3.4028235E+38 3.4028235E+38 0.2034738 0.1763341 0.1493623 0.1352049 0.1257069 0.1199572 0.1145531 0.1115989 0.1095604 0.1082679
3.0714247E-02 3.1066103E-02 3.1640939E-02 3.1727321E-02 3.1522773E-02 3.2442495E-02 3.2355137E-02 3.2883123E-02 3.3275887E-02 3.4260072E-02 3.5152685E-02 3.5789296E-02 3.7011921E-02 3.7722103E-02 3.9599277E-02 4.1541964E-02 4.2599600E-02 4.3724701E-02 4.4959988E-02 4.6011209E-02 4.7343303E-02 4.8740931E-02 5.0217215E-02 5.1546592E-02 5.2992735E-02 5.4313809E-02 5.6120813E-02 5.7800222E-02 5.9469454E-02 6.1122201E-02 6.3374035E-02 6.5506667E-02 6.8475321E-02 7.2392732E-02 7.6244034E-02 7.5919181E-02 7.6453380E-02 7.7677354E-02 7.9845011E-02 8.0320448E-02 8.1481189E-02 3.4028235E+38 3.4028235E+38 3.4028235E+38 3.4028235E+38 0.1954199 0.1806774 0.1614037 0.1458024 0.1340510 0.1257731 0.1197951 0.1161508 0.1135926 0.1120167
