LUCAS_GEMMES_COP27/includes/subsidence/Scenario_B1/TOT_SUBSIDENCE_2100_SINCE_2018_MKD_ONLY.ASC
NCOLS                318
NROWS                364
XLLCORNER      400000.00
YLLCORNER      907000.00
CELLSIZE         1000.00
NODATA_VALUE    0.3402823E+39
[rows 72 to 95 of 364, columns 110 to 164 of 318]
6.8109304E-02 6.8737976E-02 6.9375657E-02 7.0048518E-02 7.0882574E-02 7.1709841E-02 7.2975405E-02 7.4116871E-02 7.9881459E-02 8.4611125E-02 8.4155172E-02 8.1223369E-02 9.0634286E-02 9.2157699E-02 8.6594269E-02 8.6768933E-02 8.8885710E-02 9.0728298E-02 9.3004592E-02 9.5862851E-02 9.8401196E-02 0.1013669 0.1044713 0.1076993 0.1110279 0.1151829 0.1178597 0.1214386 0.1254830 0.1289804 0.1325848 0.1365298 0.1401673 0.1443332 0.1492638 0.1544012 0.1591825 0.1634698 0.1685841 0.1736497 0.1790838 0.1850346 0.1920224 0.1963892 0.2026066 0.2091434 0.2154800 0.2210465 0.2284198 0.2344813 0.2408426 0.2456531 0.2497020 0.2531379 0.2586663
6.7456044E-02 6.8162054E-02 6.8835765E-02 6.9298208E-02 7.0160232E-02 7.1116276E-02 7.2476476E-02 7.3618174E-02 7.5841695E-02 7.7822462E-02 7.9179078E-02 8.8803396E-02 9.7334377E-02 9.3546666E-02 9.3715601E-02 8.7502837E-02 8.8842586E-02 9.0485141E-02 9.3056798E-02 9.5954113E-02 9.9066198E-02 0.1010000 0.1045788 0.1077997 0.1108550 0.1141038 0.1176290 0.1216456 0.1260747 0.1300454 0.1337513 0.1377686 0.1427234 0.1458020 0.1512018 0.1559187 0.1607044 0.1653359 0.1716036 0.1778227 0.1828505 0.1877141 0.1939473 0.2010881 0.2084029 0.2152653 0.2209795 0.2273706 0.2341808 0.2385588 0.2452686 0.2419949 0.2522220 0.2553153 0.2617316
6.6746771E-02 6.7211300E-02 6.7985445E-02 6.8707138E-02 6.9954000E-02 7.0860609E-02 7.1679667E-02 7.3993966E-02 7.5519063E-02 8.4312066E-02 7.8241803E-02 7.8546107E-02 8.2264394E-02 8.6650014E-02 8.4952272E-02 8.6553022E-02 8.7883741E-02 9.0313524E-02 9.7193532E-02 0.1006489 9.9786311E-02 0.1016378 0.1054381 0.1094224 0.1120187 0.1152558 0.1180039 0.1217158 0.1256374 0.1303672 0.1355291 0.1387950 0.1433083 0.1471020 0.1517444 0.1567840 0.1620889 0.1666541 0.1744463 0.1820571 0.1883070 0.1929449 0.2000782 0.2068481 0.2142689 0.2222181 0.2272150 0.2305015 0.2358723 0.2409136 0.2466396 0.2440855 0.2559499 0.2605600 0.2652340
6.5821238E-02 6.6500962E-02 6.7504972E-02 6.8358257E-02 6.9257125E-02 7.0222490E-02 7.1334705E-02 7.1901873E-02 7.4152634E-02 7.9479456E-02 8.5225292E-02 7.9346269E-02 8.0688089E-02 8.3221599E-02 9.1796413E-02 8.5994259E-02 8.7689832E-02 9.1003984E-02 9.4101563E-02 9.6138567E-02 9.8059550E-02 0.1004787 0.1046837 0.1162381 0.1124976 0.1229358 0.1183944 0.1222923 0.1251649 0.1305902 0.1361412 0.1389277 0.1439631 0.1485438 0.1535216 0.1595638 0.1646450 0.1722044 0.1790151 0.1840675 0.1909030 0.1974641 0.2042464 0.2117733 0.2170734 0.2229124 0.2291619 0.2349077 0.2409431 0.2451282 0.2508877 0.2555431 0.2604077 0.2649896 0.2686997
6.5421596E-02 6.6106871E-02 6.6854514E-02 6.7334987E-02 6.8243355E-02 6.9240510E-02 7.0383459E-02 7.1188197E-02 7.2718471E-02 7.4419945E-02 7.7767842E-02 8.6160555E-02 8.0830812E-02 9.0610251E-02 9.2382863E-02 8.6927474E-02 8.8641524E-02 9.8430499E-02 0.1023050 0.1049456 9.7442150E-02 9.9376373E-02 0.1022329 0.1063440 0.1207398 0.1151911 0.1210992 0.1216381 0.1257045 0.1302370 0.1352154 0.1401887 0.1446013 0.1496942 0.1550894 0.1607168 0.1664809 0.1726642 0.1790798 0.1861828 0.1932324 0.1999359 0.2066855 0.2147836 0.2213009 0.2278377 0.2324552 0.2380892 0.2435991 0.2499909 0.2547954 0.2599427 0.2645656 0.2696306 0.2731206
6.5388188E-02 6.7022666E-02 6.8658076E-02 6.7328908E-02 6.7598701E-02 6.8909958E-02 6.9750577E-02 7.1390644E-02 7.2607830E-02 7.3566958E-02 7.7072084E-02 8.4947273E-02 8.0211341E-02 8.1766441E-02 8.3776399E-02 8.4794953E-02 8.5843593E-02 8.7926015E-02 9.1989525E-02 0.1023088 9.6253425E-02 9.8033562E-02 0.1013741 0.1062175 0.1105425 0.1162020 0.1262111 0.1227554 0.1262313 0.1300083 0.1352461 0.1406050 0.1452461 0.1510048 0.1568821 0.1625808 0.1692815 0.1754259 0.1818017 0.1885164 0.1954351 0.2023297 0.2091452 0.2156240 0.2227181 0.2309827 0.2372036 0.2418870 0.2479794 0.2549711 0.2591831 0.2641129 0.2700227 0.2732275 0.2771587
6.6497475E-02 6.7658104E-02 6.8293259E-02 6.8635389E-02 6.8366811E-02 6.8890736E-02 6.9670320E-02 7.0736930E-02 7.2006285E-02 7.2366700E-02 7.4269868E-02 7.7724427E-02 7.8058414E-02 7.9079464E-02 8.0979928E-02 8.1712171E-02 8.4075116E-02 8.7710775E-02 8.9243896E-02 9.2356034E-02 9.4827637E-02 0.1075274 0.1033930 0.1065789 0.1103946 0.1157395 0.1198420 0.1234738 0.1273604 0.1303715 0.1350905 0.1408444 0.1474291 0.1526964 0.1588316 0.1659650 0.1717031 0.1789254 0.1844345 0.1911869 0.1977793 0.2048044 0.2118239 0.2185100 0.2254783 0.2340774 0.2391477 0.2455350 0.2527415 0.2606426 0.2635382 0.2686334 0.2729607 0.2775181 0.2816016
6.5694362E-02 6.7043364E-02 6.7953140E-02 6.8274602E-02 6.8613887E-02 6.9250301E-02 6.9854327E-02 7.0654735E-02 7.1296573E-02 7.2327785E-02 7.3121630E-02 7.5875357E-02 7.6422870E-02 7.8025416E-02 7.9868890E-02 8.0209091E-02 8.2677022E-02 8.6217269E-02 8.8085353E-02 9.1981754E-02 9.6089736E-02 9.9820390E-02 0.1029268 0.1072603 0.1109163 0.1152277 0.1196592 0.1308801 0.1257808 0.1318598 0.1352764 0.1408510 0.1480594 0.1551774 0.1606314 0.1671994 0.1742822 0.1814998 0.1869992 0.1938094 0.2006434 0.2075758 0.2149279 0.2219107 0.2286712 0.2357587 0.2428593 0.2496661 0.2571258 0.2640620 0.2667589 0.2715418 0.2771786 0.2815409 0.2865230
6.6072166E-02 6.6595435E-02 6.7336008E-02 6.8026915E-02 6.9662005E-02 6.9268852E-02 7.0333511E-02 7.1064487E-02 7.2928324E-02 7.2780274E-02 7.3601753E-02 7.5008422E-02 7.5036108E-02 7.6979399E-02 7.9730928E-02 7.9538979E-02 8.4125951E-02 8.7581888E-02 9.0524629E-02 9.4140932E-02 9.7576499E-02 0.1012212 0.1051585 0.1075525 0.1115154 0.1153834 0.1190439 0.1238786 0.1263355 0.1324889 0.1351793 0.1407910 0.1475216 0.1555919 0.1621258 0.1700678 0.1774612 0.1833840 0.1908480 0.1970189 0.2036614 0.2107670 0.2205293 0.2281044 0.2343102 0.2395183 0.2469307 0.2544904 0.2604610 0.2665952 0.2716572 0.2768045 0.2819928 0.2863512 0.2909142
6.7634180E-02 6.7033239E-02 6.8956748E-02 6.9943048E-02 7.0768252E-02 7.0009440E-02 7.1006730E-02 7.1715295E-02 7.3584720E-02 7.3352009E-02 7.4258052E-02 7.4702680E-02 7.5089894E-02 7.5744152E-02 7.8971013E-02 8.1511363E-02 8.4681138E-02 8.8343374E-02 9.2311971E-02 9.5069118E-02 9.9079043E-02 0.1011669 0.1058662 0.1090739 0.1123811 0.1160472 0.1198952 0.1236426 0.1263593 0.1282834 0.1352292 0.1403411 0.1484595 0.1562442 0.1642305 0.1715227 0.1795238 0.1856171 0.1937287 0.2004952 0.2067916 0.2137928 0.2213129 0.2301193 0.2365693 0.2434581 0.2507505 0.2580230 0.2645817 0.2706273 0.2781829 0.2818812 0.2864223 0.2928273 0.2961437
6.6899344E-02 6.7429036E-02 6.9178089E-02 6.9869719E-02 7.0644073E-02 7.0401751E-02 7.1324989E-02 7.3445879E-02 7.3432505E-02 7.3759720E-02 7.4436434E-02 7.4488506E-02 7.5836457E-02 7.7626616E-02 8.0555752E-02 8.3631113E-02 8.6752772E-02 8.9416668E-02 9.2386037E-02 9.6208118E-02 9.9473685E-02 0.1032060 0.1073116 0.1103503 0.1134658 0.1170028 0.1203962 0.1237231 0.1266146 0.1313948 0.1353364 0.1405147 0.1477498 0.1569839 0.1646483 0.1733326 0.1811902 0.1889521 0.1962265 0.2036511 0.2112307 0.2185778 0.2247410 0.2324406 0.2403845 0.2496400 0.2552742 0.2626535 0.2702084 0.2757953 0.2843888 0.2868211 0.2913572 0.2975457 0.3026659
6.7334771E-02 6.8818256E-02 6.8316482E-02 6.8993583E-02 6.9742762E-02 7.0628405E-02 7.1825281E-02 7.3712334E-02 7.3335975E-02 7.3760822E-02 7.4041381E-02 7.5208351E-02 7.7351794E-02 7.9994664E-02 8.2654931E-02 8.5817888E-02 8.8440962E-02 9.1421276E-02 9.4787948E-02 9.7924411E-02 0.1014225 0.1047807 0.1084324 0.1116445 0.1146556 0.1179612 0.1211866 0.1243523 0.1276541 0.1291952 0.1316063 0.1401289 0.1472166 0.1570885 0.1667808 0.1750454 0.1838388 0.1932781 0.2002866 0.2073812 0.2145825 0.2235804 0.2316467 0.2381961 0.2466228 0.2543642 0.2617757 0.2663508 0.2743869 0.2804391 0.2860534 0.2927867 0.2968987 0.3007240 0.3060442
6.8836138E-02 6.8050057E-02 6.8535477E-02 6.9259495E-02 7.0722803E-02 7.0922852E-02 7.2655588E-02 7.2987862E-02 7.6072156E-02 7.4468166E-02 7.5149424E-02 7.6618031E-02 7.9502940E-02 8.2504742E-02 8.4712207E-02 8.7498769E-02 9.0390906E-02 9.3568765E-02 9.6508794E-02 0.1001854 0.1042205 0.1059846 0.1093867 0.1126361 0.1159259 0.1191266 0.1222589 0.1254133 0.1317214 0.1338104 0.1352001 0.1404526 0.1471064 0.1575432 0.1691668 0.1773462 0.1863131 0.1957601 0.2031550 0.2102599 0.2175982 0.2274375 0.2362457 0.2422152 0.2494737 0.2594950 0.2666701 0.2707205 0.2797323 0.2853451 0.2917664 0.2993960 0.3026313 0.3045645 0.3054505
3.4028235E+38 6.8347998E-02 6.9587797E-02 7.0553392E-02 6.9649130E-02 7.1187690E-02 7.2326042E-02 7.3482290E-02 7.4635848E-02 7.6524436E-02 7.6560363E-02 7.8912310E-02 8.1921577E-02 8.4328778E-02 8.6881563E-02 8.9583606E-02 9.2652202E-02 9.5537752E-02 9.8597869E-02 0.1026731 0.1057170 0.1087299 0.1119745 0.1144697 0.1208670 0.1206779 0.1237438 0.1269940 0.1300693 0.1325222 0.1343181 0.1377559 0.1479396 0.1587787 0.1704489 0.1796222 0.1887784 0.1986289 0.2063669 0.2152452 0.2241180 0.2320324 0.2409913 0.2481599 0.2551717 0.2647694 0.2719445 0.2819047 0.2838345 0.2904058 0.2948737 0.2987784 0.3017088 0.3052225 0.3078464
6.8432972E-02 6.7954287E-02 6.9656849E-02 7.1206622E-02 7.0835017E-02 7.2283909E-02 7.3094614E-02 7.6546565E-02 7.6533198E-02 7.5577848E-02 7.8530565E-02 8.1355035E-02 8.3794892E-02 8.5967124E-02 8.8678226E-02 9.1091767E-02 9.4352275E-02 9.7963266E-02 0.1005204 0.1037874 0.1070224 0.1098038 0.1127542 0.1164431 0.1196560 0.1223862 0.1255944 0.1289870 0.1317479 0.1344604 0.1412037 0.1400847 0.1494932 0.1603542 0.1717183 0.1819377 0.1915382 0.2011095 0.2101981 0.2183545 0.2287833 0.2369592 0.2458974 0.2553134 0.2634365 0.2686064 0.2763827 0.2834108 0.2890160 0.2935997 0.2978790 0.3010015 0.3041521 0.3083464 0.3110774
6.8341523E-02 6.8992615E-02 7.0744857E-02 7.1573354E-02 7.2202995E-02 7.3373832E-02 7.4133709E-02 7.4345730E-02 7.6118231E-02 7.8243658E-02 8.0796018E-02 8.2757674E-02 8.5740373E-02 8.8614345E-02 9.1286331E-02 9.3924329E-02 9.5953897E-02 9.9714562E-02 0.1019122 0.1053218 0.1080040 0.1110919 0.1145568 0.1176181 0.1211740 0.1245311 0.1278022 0.1312101 0.1345037 0.1375393 0.1427218 0.1416749 0.1510451 0.1618516 0.1739196 0.1849084 0.1950325 0.2047430 0.2149475 0.2228429 0.2336154 0.2418184 0.2523613 0.2609806 0.2686752 0.2753161 0.2826131 0.2878376 0.2961275 0.2963722 0.3030944 0.3051163 0.3095773 0.3123088 0.3144791
6.8458743E-02 6.9417074E-02 7.0463628E-02 7.1775496E-02 7.3193669E-02 7.4316725E-02 7.5261652E-02 7.6048292E-02 7.8203291E-02 8.0543257E-02 8.2236782E-02 8.4614947E-02 8.7920770E-02 9.0578280E-02 9.3317769E-02 9.6004546E-02 9.8041944E-02 0.1006948 0.1042895 0.1069501 0.1102315 0.1134311 0.1165233 0.1196891 0.1231805 0.1266643 0.1298387 0.1351507 0.1367838 0.1400017 0.1431600 0.1438532 0.1499035 0.1650038 0.1769107 0.1888651 0.1987028 0.2086240 0.2185403 0.2274784 0.2376031 0.2486546 0.2568991 0.2661902 0.2722222 0.2826736 0.2872375 0.2903496 0.2949326 0.2983284 0.3046026 0.3080416 0.3122967 0.3139555 0.3169290
6.9111243E-02 7.0955321E-02 7.1283609E-02 7.2310984E-02 7.3963985E-02 7.4594378E-02 7.6102272E-02 7.7724084E-02 8.0301389E-02 8.2458474E-02 8.5089214E-02 8.7426506E-02 8.9840554E-02 9.2630669E-02 9.5257729E-02 9.7989127E-02 0.1006909 0.1028896 0.1055298 0.1087285 0.1124857 0.1148731 0.1183288 0.1217825 0.1252307 0.1288570 0.1326164 0.1371408 0.1410508 0.1445711 0.1477025 0.1522608 0.1566688 0.1689186 0.1803146 0.1925007 0.2028886 0.2131253 0.2231999 0.2325651 0.2422277 0.2520769 0.2616260 0.2723512 0.2784933 0.2830425 0.2880089 0.2919855 0.2963782 0.3012305 0.3058796 0.3092693 0.3134225 0.3158666 0.3194502
6.9904432E-02 7.1287163E-02 7.3219500E-02 7.3183216E-02 7.3833197E-02 7.5550050E-02 7.7011466E-02 7.9221584E-02 8.2229108E-02 8.4694296E-02 8.9486778E-02 8.9579225E-02 9.1988586E-02 9.4629362E-02 9.7153902E-02 9.9900685E-02 0.1025243 0.1047463 0.1078838 0.1107644 0.1134231 0.1192563 0.1209730 0.1239354 0.1276860 0.1318512 0.1360141 0.1431940 0.1448372 0.1492357 0.1535856 0.1583024 0.1636046 0.1741284 0.1851604 0.1976942 0.2080086 0.2183061 0.2293637 0.2392378 0.2506159 0.2579762 0.2662572 0.2757177 0.2805900 0.2852790 0.2898207 0.2941103 0.2995020 0.3031029 0.3081283 0.3123008 0.3150737 0.3181288 0.3213970
7.2035015E-02 7.2418213E-02 7.3187530E-02 7.4977905E-02 7.5664647E-02 7.6543190E-02 7.8674071E-02 8.1660569E-02 8.4185466E-02 8.6451754E-02 8.8921078E-02 9.1635808E-02 0.1022293 9.7881876E-02 9.8358706E-02 0.1005887 0.1036460 0.1061855 0.1095728 0.1128004 0.1156758 0.1197173 0.1222352 0.1260775 0.1305579 0.1347382 0.1392664 0.1474550 0.1485724 0.1540581 0.1588739 0.1656103 0.1727116 0.1795552 0.1914754 0.2022046 0.2129372 0.2233496 0.2345390 0.2467339 0.2579598 0.2668666 0.2729859 0.2782516 0.2832223 0.2889142 0.2929815 0.2971054 0.3015683 0.3063166 0.3101284 0.3130440 0.3160835 0.3204210 0.3218176
7.3360190E-02 7.4156284E-02 7.3989287E-02 7.5025924E-02 7.6355025E-02 7.8340963E-02 8.1360012E-02 8.3593965E-02 8.5221916E-02 8.8061124E-02 9.0306044E-02 9.2220336E-02 9.5566869E-02 9.9474475E-02 0.1004852 0.1036610 0.1097523 0.1091658 0.1111427 0.1141964 0.1183981 0.1209087 0.1246410 0.1291340 0.1334360 0.1378400 0.1426615 0.1477568 0.1525042 0.1582715 0.1643573 0.1717348 0.1846665 0.1894507 0.1986927 0.2081305 0.2189671 0.2294185 0.2415058 0.2544223 0.2646947 0.2695895 0.2768280 0.2815545 0.2866982 0.2905169 0.2971435 0.3007011 0.3039721 0.3076631 0.3112195 0.3145086 0.3175870 0.3202869 0.3228885
7.3241323E-02 7.4702643E-02 7.5627834E-02 7.6295525E-02 7.8085274E-02 8.0225706E-02 8.2399949E-02 8.5483156E-02 8.7760329E-02 8.9379609E-02 9.1660462E-02 9.4277725E-02 9.7115368E-02 0.1007232 0.1025292 0.1054955 0.1083188 0.1110962 0.1139491 0.1163204 0.1200624 0.1237583 0.1280350 0.1321690 0.1363272 0.1405713 0.1458636 0.1549034 0.1564022 0.1622962 0.1689418 0.1772413 0.1856711 0.2006578 0.2072375 0.2154900 0.2270973 0.2366173 0.2477703 0.2596505 0.2665942 0.2737112 0.2805276 0.2856398 0.2881007 0.2932987 0.3001224 0.3026599 0.3060524 0.3098020 0.3131004 0.3170979 0.3194976 0.3217713 0.3240866
7.4014574E-02 7.4982040E-02 7.6184168E-02 7.8111738E-02 8.0086529E-02 8.2139000E-02 8.4326923E-02 8.7301627E-02 8.9489825E-02 9.1032878E-02 9.3523346E-02 9.6925184E-02 9.9964499E-02 0.1025058 0.1044567 0.1073219 0.1101474 0.1130193 0.1152552 0.1184980 0.1219895 0.1265390 0.1300267 0.1346305 0.1382545 0.1431159 0.1485841 0.1541241 0.1602416 0.1663010 0.1735552 0.1816365 0.1913798 0.2019004 0.2125520 0.2220868 0.2330629 0.2429991 0.2507303 0.2609579 0.2711771 0.2758400 0.2811407 0.2869732 0.2908242 0.2957563 0.3018052 0.3057065 0.3095362 0.3130888 0.3157761 0.3194210 0.3223014 0.3244100 0.3256339
7.5797573E-02 7.6261863E-02 7.8006655E-02 8.0712229E-02 8.2719840E-02 8.4040411E-02 8.6088866E-02 8.8112034E-02 9.0331256E-02 9.2853554E-02 9.5602646E-02 9.8590426E-02 0.1014286 0.1041723 0.1064978 0.1094462 0.1112533 0.1142192 0.1171612 0.1212585 0.1244895 0.1283423 0.1322444 0.1365406 0.1407627 0.1467338 0.1517729 0.1575477 0.1637397 0.1701407 0.1776654 0.1858257 0.1954595 0.2115493 0.2190849 0.2276708 0.2391494 0.2450915 0.2544598 0.2634158 0.2720847 0.2779443 0.2829360 0.2903084 0.2940394 0.2996459 0.3049293 0.3077173 0.3104674 0.3140725 0.3164681 0.3195756 0.3227595 0.3243148 0.3266436
