LUCAS_GEMMES_COP27/includes/subsidence/Scenario_B1/TOT_SUBSIDENCE_2090_SINCE_2018_MKD_ONLY.ASC
NCOLS                318
NROWS                364
XLLCORNER      400000.00
YLLCORNER      907000.00
CELLSIZE         1000.00
NODATA_VALUE    0.3402823E+39
[rows 96 to 119 of 364, columns 110 to 164 of 318]
6.9430865E-02 7.0851609E-02 7.2629549E-02 7.4316889E-02 7.6909579E-02 7.8794941E-02 7.9901233E-02 8.1696659E-02 8.3702229E-02 8.6756408E-02 8.9036062E-02 9.1252200E-02 9.3607038E-02 9.6272677E-02 9.8189682E-02 0.1000130 0.1025708 0.1059301 0.1089910 0.1142273 0.1146464 0.1177236 0.1213598 0.1255731 0.1299133 0.1342496 0.1392842 0.1441826 0.1500485 0.1557240 0.1623618 0.1701587 0.1790025 0.1934606 0.2024841 0.2047867 0.2128872 0.2208992 0.2285569 0.2358067 0.2438621 0.2495852 0.2548800 0.2605166 0.2648328 0.2690428 0.2727693 0.2753215 0.2781984 0.2812779 0.2842196 0.2863779 0.2888128 0.2901402 0.2922479
7.0779927E-02 7.2385505E-02 7.4965581E-02 7.5923607E-02 7.7679351E-02 8.0319248E-02 8.1473008E-02 8.3397701E-02 8.5523605E-02 8.8484660E-02 9.0763405E-02 9.3059883E-02 9.4862610E-02 9.7780198E-02 9.9739134E-02 0.1024982 0.1049860 0.1077380 0.1106183 0.1129568 0.1165294 0.1203168 0.1233955 0.1277203 0.1318559 0.1364592 0.1414000 0.1467489 0.1528585 0.1586505 0.1655475 0.1731217 0.1820340 0.1915093 0.1988326 0.2065587 0.2137870 0.2210269 0.2286534 0.2365703 0.2442315 0.2512425 0.2581434 0.2637469 0.2675079 0.2710807 0.2752028 0.2774785 0.2803903 0.2828836 0.2852947 0.2874544 0.2894700 0.2911654 0.2930783
7.3060438E-02 7.3969685E-02 7.5807065E-02 7.8140855E-02 7.9298601E-02 8.1051052E-02 8.2982816E-02 8.5863933E-02 8.7243155E-02 8.9429364E-02 9.2421688E-02 9.4619803E-02 9.6791461E-02 0.1044343 0.1021132 0.1043925 0.1067781 0.1086196 0.1113900 0.1147143 0.1187882 0.1223257 0.1255311 0.1296404 0.1340527 0.1390303 0.1440600 0.1495442 0.1593832 0.1614050 0.1681874 0.1757775 0.1844645 0.1927914 0.2009704 0.2088795 0.2155261 0.2233580 0.2313130 0.2389168 0.2461177 0.2530207 0.2591824 0.2647111 0.2694415 0.2739171 0.2767346 0.2803010 0.2826944 0.2845957 0.2871287 0.2886242 0.2903978 0.2925074 0.2942172
7.3967583E-02 7.6362386E-02 7.7392280E-02 7.9021007E-02 8.1616685E-02 8.3017014E-02 8.4649906E-02 8.7535091E-02 8.9683890E-02 9.1197141E-02 9.3439594E-02 9.5693342E-02 9.8278895E-02 0.1015635 0.1038547 0.1058873 0.1084673 0.1109516 0.1137880 0.1169860 0.1204040 0.1237367 0.1274324 0.1318208 0.1362051 0.1407737 0.1458776 0.1515195 0.1575492 0.1638131 0.1709650 0.1784224 0.1856690 0.1929049 0.2004124 0.2083379 0.2174000 0.2255058 0.2354983 0.2422289 0.2486772 0.2558284 0.2628422 0.2672870 0.2723531 0.2754425 0.2780315 0.2826442 0.2844022 0.2863456 0.2881482 0.2900578 0.2917572 0.2933317 0.2953793
7.5829864E-02 7.7393070E-02 7.9757079E-02 8.0756515E-02 8.2729220E-02 8.5185170E-02 8.6234435E-02 8.8421106E-02 9.1322258E-02 9.3541153E-02 9.5163941E-02 9.7408913E-02 9.9891432E-02 0.1026929 0.1055609 0.1082223 0.1162430 0.1134187 0.1161988 0.1192642 0.1221590 0.1258056 0.1300933 0.1340545 0.1382293 0.1432759 0.1484847 0.1539308 0.1600820 0.1665992 0.1737176 0.1802919 0.1873455 0.1928259 0.2012108 0.2091851 0.2186107 0.2258839 0.2360377 0.2455760 0.2512023 0.2580270 0.2641631 0.2690651 0.2735749 0.2772706 0.2811209 0.2848270 0.2876416 0.2887551 0.2905580 0.2916799 0.2937039 0.2945036 0.2963105
7.8276634E-02 7.9200566E-02 8.0841839E-02 8.2629994E-02 8.4313504E-02 8.6107403E-02 8.8754788E-02 9.0111613E-02 9.2297375E-02 9.4538510E-02 9.6822232E-02 9.9720895E-02 0.1018028 0.1045145 0.1072906 0.1097816 0.1123651 0.1149405 0.1177542 0.1206221 0.1239577 0.1278474 0.1320495 0.1367718 0.1408351 0.1461718 0.1513967 0.1570295 0.1622305 0.1691557 0.1800808 0.1824474 0.1872828 0.1944382 0.2013959 0.2097206 0.2230387 0.2273892 0.2370391 0.2456407 0.2531756 0.2607726 0.2665297 0.2713151 0.2754908 0.2793520 0.2832311 0.2852425 0.2876194 0.2896961 0.2916614 0.2938688 0.2953944 0.2959219 0.2974008
7.9446197E-02 8.1002086E-02 8.2739338E-02 8.4364563E-02 8.6751744E-02 8.7926574E-02 8.9952134E-02 9.2681125E-02 9.4177812E-02 9.6374854E-02 9.8877117E-02 0.1012036 0.1041138 0.1061542 0.1086466 0.1111851 0.1138743 0.1165091 0.1195279 0.1223594 0.1256683 0.1293201 0.1337140 0.1382326 0.1428844 0.1487915 0.1541535 0.1597617 0.1654968 0.1715914 0.1780098 0.1823175 0.1935822 0.1961459 0.2031168 0.2112686 0.2202778 0.2301817 0.2386276 0.2476658 0.2557410 0.2645370 0.2695902 0.2747287 0.2782044 0.2825448 0.2850847 0.2871050 0.2888355 0.2913462 0.2936265 0.2951834 0.2962590 0.2971985 0.2987080
8.1210256E-02 8.2884215E-02 8.5009195E-02 8.6143449E-02 8.7982595E-02 9.0519443E-02 9.1853879E-02 9.3933322E-02 9.6001990E-02 9.8066643E-02 0.1002628 0.1034701 0.1050756 0.1082719 0.1101120 0.1124559 0.1157913 0.1182886 0.1215415 0.1242926 0.1274552 0.1307055 0.1350808 0.1389055 0.1439629 0.1503502 0.1561587 0.1610278 0.1670181 0.1728466 0.1780409 0.1841817 0.1909789 0.1980990 0.2051860 0.2128268 0.2218937 0.2317109 0.2428389 0.2503916 0.2580950 0.2660259 0.2718559 0.2764098 0.2804847 0.2841360 0.2870151 0.2883795 0.2911687 0.2931984 0.2949970 0.2957238 0.2971939 0.2984189 0.2995754
8.3103478E-02 8.4710956E-02 8.6802572E-02 8.8629529E-02 9.0000778E-02 9.1856375E-02 9.3651474E-02 9.5659859E-02 9.7799703E-02 0.1004271 0.1020215 0.1048037 0.1076331 0.1096166 0.1118158 0.1143425 0.1166414 0.1199679 0.1232060 0.1255365 0.1292319 0.1326444 0.1365749 0.1408754 0.1451811 0.1509429 0.1588199 0.1621358 0.1676934 0.1731197 0.1779513 0.1864376 0.1927771 0.2003339 0.2119819 0.2155795 0.2244679 0.2340328 0.2448173 0.2524987 0.2610379 0.2695334 0.2745678 0.2789250 0.2835699 0.2864807 0.2896589 0.2918227 0.2940640 0.2952875 0.2968639 0.2978149 0.2989382 0.3000152 0.3012453
8.5212514E-02 8.6571120E-02 8.8213786E-02 9.0524912E-02 9.2314191E-02 9.3796745E-02 9.5387928E-02 9.7947486E-02 9.9517763E-02 0.1016901 0.1042899 0.1061156 0.1089370 0.1109896 0.1140931 0.1165601 0.1186075 0.1215108 0.1236752 0.1268105 0.1306425 0.1339459 0.1375687 0.1414633 0.1459329 0.1568669 0.1573287 0.1638151 0.1694411 0.1727635 0.1801822 0.1873494 0.1952806 0.2026085 0.2103456 0.2189250 0.2271463 0.2363138 0.2464583 0.2544118 0.2691291 0.2719220 0.2822747 0.2815335 0.2855739 0.2887448 0.2927934 0.2942146 0.2951662 0.2958892 0.2980060 0.2998455 0.3012017 0.3018638 0.3025641
8.7317377E-02 8.9039877E-02 9.0006419E-02 9.2194647E-02 9.4285980E-02 9.5461175E-02 9.7209811E-02 9.9154897E-02 0.1017612 0.1034178 0.1057202 0.1080265 0.1103279 0.1126706 0.1157711 0.1182827 0.1202550 0.1228335 0.1252422 0.1288887 0.1320962 0.1354097 0.1385060 0.1422026 0.1474978 0.1524000 0.1590765 0.1647869 0.1681865 0.1757607 0.1832989 0.1905337 0.1983268 0.2051679 0.2137219 0.2223926 0.2308520 0.2403458 0.2494143 0.2584539 0.2671551 0.2753595 0.2809045 0.2840354 0.2875856 0.2908804 0.2938079 0.2957202 0.2968815 0.2977737 0.2999963 0.3023522 0.3040486 0.3044633 0.3043650
8.9215681E-02 9.1047466E-02 9.2595533E-02 9.3784928E-02 9.5667124E-02 9.7446434E-02 9.9855147E-02 0.1012825 0.1032464 0.1057811 0.1075372 0.1098025 0.1126903 0.1145814 0.1170620 0.1199929 0.1217527 0.1242539 0.1268581 0.1297401 0.1333471 0.1365143 0.1392907 0.1429281 0.1472933 0.1523997 0.1557958 0.1625690 0.1697610 0.1777761 0.1851409 0.1928724 0.2013103 0.2092993 0.2175397 0.2259264 0.2343758 0.2444607 0.2524965 0.2627625 0.2710569 0.2821598 0.2851082 0.2876312 0.2907770 0.2937102 0.2961434 0.2981820 0.3001201 0.3009002 0.3024390 0.3045734 0.3061610 0.3069383 0.3062683
9.1074795E-02 9.2684984E-02 9.4794646E-02 9.5632479E-02 9.7673178E-02 9.9337675E-02 0.1015480 0.1033080 0.1049090 0.1072444 0.1093687 0.1116186 0.1139408 0.1168782 0.1189563 0.1212076 0.1233233 0.1263515 0.1289530 0.1311278 0.1340047 0.1369835 0.1400607 0.1441296 0.1475531 0.1517092 0.1552738 0.1603775 0.1705031 0.1796246 0.1881138 0.1956900 0.2044117 0.2121256 0.2211791 0.2299568 0.2377200 0.2473620 0.2562518 0.2656685 0.2760219 0.2835669 0.2887884 0.2917084 0.2947088 0.2976777 0.2995476 0.3014123 0.3036478 0.3034109 0.3035714 0.3046339 0.3075139 0.3087637 0.3082149
9.3263894E-02 9.4771802E-02 9.6273988E-02 9.8001815E-02 0.1001262 0.1015698 0.1034486 0.1056846 0.1070611 0.1092316 0.1113245 0.1138426 0.1157844 0.1181305 0.1205569 0.1230435 0.1251255 0.1280618 0.1305708 0.1330964 0.1350980 0.1379433 0.1414523 0.1445923 0.1478453 0.1511372 0.1556013 0.1648462 0.1722550 0.1814674 0.1889967 0.1987567 0.2070194 0.2161614 0.2256645 0.2332510 0.2427650 0.2518337 0.2600451 0.2699727 0.2817305 0.2888852 0.2938200 0.2968042 0.2993331 0.3028534 0.3032930 0.3042201 0.3055724 0.3055831 0.3057824 0.3068548 0.3091709 0.3100338 0.3102245
9.5480293E-02 9.6847802E-02 9.8376147E-02 0.1003683 0.1020368 0.1040249 0.1056150 0.1074089 0.1092009 0.1113299 0.1132861 0.1153947 0.1180442 0.1198581 0.1221327 0.1249183 0.1270005 0.1292249 0.1319178 0.1339788 0.1363977 0.1390124 0.1417336 0.1450392 0.1480133 0.1504412 0.1593387 0.1659842 0.1755070 0.1841007 0.1928461 0.2013977 0.2101753 0.2190810 0.2278914 0.2372036 0.2468606 0.2560306 0.2646865 0.2742233 0.2834564 0.2940295 0.3012374 0.3019837 0.3039876 0.3062159 0.3068707 0.3075715 0.3083330 0.3086803 0.3092644 0.3100868 0.3104227 0.3112328 0.3121457
9.8263599E-02 9.9613756E-02 0.1010255 0.1027392 0.1045017 0.1064411 0.1084835 0.1097606 0.1116694 0.1138755 0.1160199 0.1173396 0.1195038 0.1216359 0.1238118 0.1263598 0.1293007 0.1309518 0.1331626 0.1352758 0.1381791 0.1404829 0.1425144 0.1450005 0.1476487 0.1552795 0.1627898 0.1701759 0.1788637 0.1882778 0.1968640 0.2056993 0.2144730 0.2233211 0.2321754 0.2418459 0.2510055 0.2598921 0.2683274 0.2778574 0.2874370 0.2989129 0.3059325 0.3068043 0.3100845 0.3119257 0.3109797 0.3121279 0.3122788 0.3127851 0.3127722 0.3126586 0.3142930 0.3135495 0.3136005
0.1008054 0.1021258 0.1033946 0.1051062 0.1074938 0.1091436 0.1106629 0.1123789 0.1141909 0.1160886 0.1181398 0.1201251 0.1215255 0.1233655 0.1257714 0.1280350 0.1303974 0.1328433 0.1348189 0.1372910 0.1394097 0.1415195 0.1439542 0.1454489 0.1485730 0.1586081 0.1672504 0.1752959 0.1836991 0.1978440 0.2013026 0.2104386 0.2193091 0.2281734 0.2373256 0.2470117 0.2558005 0.2637371 0.2731064 0.2832441 0.2909898 0.3017130 0.3083157 0.3113972 0.3135082 0.3158113 0.3153127 0.3160259 0.3173026 0.3174542 0.3171147 0.3178017 0.3168181 0.3171976 0.3171813
0.1042205 0.1051769 0.1064596 0.1081772 0.1095329 0.1117412 0.1136197 0.1160918 0.1178390 0.1188484 0.1203614 0.1219557 0.1234249 0.1251814 0.1273917 0.1296822 0.1316333 0.1342253 0.1364660 0.1382503 0.1408503 0.1423966 0.1450391 0.1466238 0.1555025 0.1628828 0.1719535 0.1812188 0.1888219 0.1973526 0.2056791 0.2148362 0.2249378 0.2342715 0.2439770 0.2534248 0.2617090 0.2692236 0.2777101 0.2862753 0.2948042 0.3040890 0.3131794 0.3181836 0.3193675 0.3200423 0.3206896 0.3201621 0.3207056 0.3222846 0.3219354 0.3221053 0.3209649 0.3205123 0.3211311
0.1079073 0.1087392 0.1099364 0.1109126 0.1129170 0.1147823 0.1172339 0.1198585 0.1215926 0.1228009 0.1232182 0.1244844 0.1259279 0.1276305 0.1289481 0.1311068 0.1330784 0.1354956 0.1378864 0.1406735 0.1420118 0.1440619 0.1460516 0.1536297 0.1610104 0.1691196 0.1780148 0.1868913 0.1945242 0.2029383 0.2112496 0.2213274 0.2312199 0.2424806 0.2531293 0.2613927 0.2681279 0.2747694 0.2807318 0.2889661 0.2987541 0.3075030 0.3180248 0.3226588 0.3227420 0.3237123 0.3250033 0.3267713 0.3260249 0.3262197 0.3261366 0.3261606 0.3250520 0.3248109 0.3256457
0.1111429 0.1118084 0.1126595 0.1144656 0.1162393 0.1187152 0.1216170 0.1241698 0.1259677 0.1264013 0.1266284 0.1272072 0.1284069 0.1299905 0.1307916 0.1328386 0.1345505 0.1369871 0.1396551 0.1420665 0.1442464 0.1460434 0.1535767 0.1600687 0.1678196 0.1761439 0.1848892 0.1931150 0.2025810 0.2092146 0.2169879 0.2262096 0.2378406 0.2514361 0.2599548 0.2724736 0.2748033 0.2790900 0.2845826 0.2929488 0.3012002 0.3107165 0.3190466 0.3259249 0.3271167 0.3288065 0.3292266 0.3307458 0.3282643 0.3291820 0.3291174 0.3293765 0.3286802 0.3287868 0.3304283
0.1145858 0.1151529 0.1160606 0.1175121 0.1196861 0.1230203 0.1276432 0.1308492 0.1332581 0.1324741 0.1303374 0.1300344 0.1306859 0.1314632 0.1329004 0.1344226 0.1365944 0.1390319 0.1409156 0.1434827 0.1499766 0.1546910 0.1601298 0.1673720 0.1754001 0.1831064 0.1913876 0.1999920 0.2094576 0.2174934 0.2252038 0.2342935 0.2429089 0.2505471 0.2582949 0.2680575 0.2744057 0.2890085 0.2960389 0.2959728 0.3042842 0.3125727 0.3199475 0.3287910 0.3307707 0.3322915 0.3341569 0.3324747 0.3316088 0.3320638 0.3327228 0.3345899 0.3329119 0.3330131 0.3331669
0.1179793 0.1181634 0.1189398 0.1204492 0.1227024 0.1262493 0.1314929 0.1339719 0.1357672 0.1347654 0.1327805 0.1328223 0.1334578 0.1342744 0.1353723 0.1370593 0.1382888 0.1401788 0.1459823 0.1511086 0.1564316 0.1616064 0.1676550 0.1748932 0.1822965 0.1908514 0.1986529 0.2076626 0.2157700 0.2241795 0.2329659 0.2415382 0.2485993 0.2568656 0.2633047 0.2727407 0.2794276 0.2869420 0.2933018 0.3015472 0.3091620 0.3165481 0.3231426 0.3297955 0.3351499 0.3366583 0.3374617 0.3360836 0.3367357 0.3366452 0.3357757 0.3362705 0.3366830 0.3371994 0.3371340
0.1216346 0.1215131 0.1222187 0.1236293 0.1260109 0.1292194 0.1341866 0.1371343 0.1377070 0.1377070 0.1359870 0.1354528 0.1350501 0.1362793 0.1373760 0.1389741 0.1398405 0.1468775 0.1517357 0.1568203 0.1631057 0.1691969 0.1751893 0.1826958 0.1900996 0.1985311 0.2057734 0.2137512 0.2223230 0.2305633 0.2388020 0.2464190 0.2545848 0.2632570 0.2709706 0.2776129 0.2845832 0.2916605 0.2988986 0.3073041 0.3150814 0.3202867 0.3260556 0.3317061 0.3385245 0.3402405 0.3401600 0.3401159 0.3400288 0.3400368 0.3391830 0.3404486 0.3421092 0.3424300 0.3434559
0.1254186 0.1251225 0.1254701 0.1269215 0.1286099 0.1309469 0.1338809 0.1360636 0.1387934 0.1383350 0.1375706 0.1376759 0.1385008 0.1386059 0.1396410 0.1442699 0.1479257 0.1522048 0.1580704 0.1638258 0.1704849 0.1771827 0.1834570 0.1901681 0.1986645 0.2065854 0.2135823 0.2212354 0.2296904 0.2380736 0.2464258 0.2539818 0.2620382 0.2705361 0.2780799 0.2852610 0.2919923 0.2984894 0.3060008 0.3165345 0.3234594 0.3272566 0.3318861 0.3367046 0.3408524 0.3447044 0.3440474 0.3439334 0.3432189 0.3431986 0.3438432 0.3457182 0.3475425 0.3503633 0.3489752
