LUCAS_GEMMES_COP27/includes/subsidence/Scenario_B1/TOT_SUBSIDENCE_2090_SINCE_2018_MKD_ONLY.ASC
NCOLS                318
NROWS                364
XLLCORNER      400000.00
YLLCORNER      907000.00
CELLSIZE         1000.00
NODATA_VALUE    0.3402823E+39
[rows 72 to 95 of 364, columns 165 to 219 of 318]
0.2364655 0.2363243 0.2372448 0.2403711 0.2453972 0.2480313 0.2501704 0.2535931 0.2563715 0.2591858 0.2616249 0.2642647 0.2670709 0.2690642 0.2717805 0.2773575 0.2824976 0.2871657 0.2931717 0.2991571 0.3044693 0.3106891 0.3175069 0.3231582 0.3329424 0.3423468 0.3489368 0.3557321 0.3618249 0.3688809 0.3703987 0.3725666 0.3766671 0.3803345 0.3826058 0.3876963 3.4028235E+38 0.3977891 0.4039283 0.4070313 0.4108842 0.4146384 0.4225390 0.4198925 0.4167880 0.4111441 0.4025518 0.3965304 3.4028235E+38 3.4028235E+38 3.4028235E+38 3.4028235E+38 3.4028235E+38 3.4028235E+38 3.4028235E+38
0.2381229 0.2392259 0.2399270 0.2430250 0.2468242 0.2502133 0.2523949 0.2547501 0.2572908 0.2630464 0.2652163 0.2677349 0.2710934 0.2745603 0.2777758 0.2797825 0.2855378 0.2908567 0.2962910 0.3017412 0.3078843 0.3134767 0.3204859 0.3285872 0.3361117 0.3446741 0.3531851 0.3598577 0.3648425 0.3735758 0.3778726 0.3803019 0.3849132 0.3889845 0.3934945 0.3971041 0.4010391 0.4052589 0.4094599 0.4166456 0.4187609 0.4252879 0.4287984 0.4204193 0.4209211 0.4193277 0.4082319 0.4007308 0.3965859 3.4028235E+38 3.4028235E+38 3.4028235E+38 3.4028235E+38 3.4028235E+38 3.4028235E+38
0.2396369 0.2440623 0.2457091 0.2474972 0.2506110 0.2538631 0.2562083 0.2587246 0.2613220 0.2654013 0.2687147 0.2713164 0.2745052 0.2776831 0.2815262 0.2856220 0.2897209 0.2943920 0.2985168 0.3045450 0.3102386 0.3158388 0.3230664 0.3300641 0.3384806 0.3467264 0.3555818 0.3635737 0.3682252 0.3772506 0.3855030 0.3905110 0.3950423 0.3970001 0.4020576 0.4086283 0.4149772 0.4128481 0.4168474 0.4219211 0.4312789 0.4321758 0.4288363 0.4257724 0.4242557 0.4182668 0.4109099 0.4057551 0.3988352 0.3928271 0.3851695 3.4028235E+38 3.4028235E+38 3.4028235E+38 3.4028235E+38
0.2424640 0.2455712 0.2491549 0.2523779 0.2544631 0.2583406 0.2616102 0.2646611 0.2665580 0.2686552 0.2712563 0.2741824 0.2775161 0.2812824 0.2851255 0.2894113 0.2934917 0.2970901 0.3017254 0.3070953 0.3123184 0.3185338 0.3253910 0.3326811 0.3406606 0.3499469 0.3579361 0.3676131 0.3710107 0.3798705 0.3853922 0.3929253 0.3980243 0.4034553 0.4102468 0.4117425 0.4187790 0.4188209 0.4241559 0.4270675 0.4310935 0.4283509 0.4266212 0.4243723 0.4226695 0.4171420 0.4116199 0.4059021 0.3996340 0.3943620 0.3894666 0.3853053 3.4028235E+38 3.4028235E+38 3.4028235E+38
0.2461403 0.2493564 0.2546843 0.2571534 0.2606224 0.2630916 0.2650013 0.2673302 0.2702186 0.2718503 0.2743492 0.2770693 0.2803058 0.2843373 0.2881831 0.2924552 0.2961996 0.3001953 0.3047202 0.3098660 0.3154198 0.3214981 0.3280721 0.3355976 0.3430509 0.3512356 0.3595753 0.3676321 0.3738922 0.3831626 0.3883709 0.3972893 0.4022420 0.4076360 0.4158185 0.4156536 0.4215897 0.4234511 0.4292200 0.4326178 0.4332533 0.4290297 0.4278332 0.4248945 0.4208488 0.4156613 0.4101391 0.4050043 0.3998920 0.3949170 0.3902801 0.3861691 0.3817648 0.3770319 0.3720060
0.2501642 0.2550901 0.2591369 0.2592961 0.2638822 0.2667366 0.2690758 0.2704850 0.2728764 0.2750711 0.2778587 0.2805829 0.2832062 0.2865007 0.2909204 0.2955112 0.2997096 0.3037582 0.3077678 0.3129108 0.3182515 0.3226066 0.3287708 0.3369053 0.3445198 0.3518810 0.3626090 0.3675269 0.3760172 0.3839872 0.3902228 0.3964183 0.4030503 0.4077624 0.4153988 0.4217920 0.4239474 0.4272061 0.4329541 0.4363769 0.4340870 0.4316497 0.4263883 0.4228441 0.4196774 0.4138117 0.4092209 0.4049254 0.3994692 0.3951563 0.3910762 0.3879377 0.3843364 0.3811278 0.3759155
0.2542533 0.2593990 0.2632709 0.2654709 0.2678904 0.2697277 0.2717641 0.2736487 0.2756240 0.2777471 0.2806696 0.2836519 0.2853872 0.2894322 0.2933826 0.2981651 0.3034522 0.3067055 0.3105452 0.3162102 0.3213944 0.3247802 0.3292247 0.3359215 0.3431615 0.3518990 0.3608601 0.3657852 0.3739814 0.3827785 0.3913531 0.3967105 0.4021379 0.4079443 0.4171037 0.4238035 0.4253512 0.4270043 0.4331138 0.4355383 0.4322250 0.4287468 0.4252059 0.4219255 0.4174801 0.4120460 0.4080724 0.4036741 0.3988965 0.3948283 0.3915393 0.3886477 0.3865033 0.3828788 0.3797228
0.2603563 0.2619213 0.2668991 0.2693024 0.2713696 0.2731929 0.2749928 0.2771349 0.2789186 0.2804325 0.2832540 0.2872024 0.2898279 0.2930182 0.2963006 0.3001202 0.3049011 0.3089169 0.3129068 0.3185185 0.3237069 0.3284819 0.3334904 0.3385954 0.3470590 0.3554187 0.3606580 0.3689792 0.3763922 0.3837581 0.3915009 0.3973258 0.4023557 0.4074033 0.4137490 0.4212469 0.4232430 0.4257836 0.4332628 0.4323389 0.4292011 0.4262413 0.4232042 0.4178590 0.4133584 0.4098052 0.4062073 0.4025930 0.3981015 0.3943734 0.3915801 0.3892930 0.3869727 0.3832819 0.3800282
0.2653342 0.2681401 0.2710544 0.2731793 0.2754090 0.2766181 0.2782600 0.2797105 0.2815200 0.2842718 0.2863380 0.2891766 0.2927504 0.2960306 0.2994834 0.3023740 0.3063417 0.3105126 0.3150132 0.3204880 0.3254831 0.3303185 0.3361576 0.3413767 0.3495488 0.3567373 0.3636586 0.3708152 0.3786299 0.3849648 0.3916397 0.3962443 0.4004678 0.4045185 0.4110287 0.4156635 0.4203618 0.4315856 0.4333959 0.4293374 0.4269347 0.4238897 0.4205937 0.4149336 0.4121948 0.4082012 0.4057833 0.4007030 0.3972349 0.3938240 0.3915034 0.3887352 0.3853316 0.3829356 0.3813737
0.2665919 0.2698660 0.2732353 0.2762987 0.2777051 0.2795055 0.2816634 0.2835216 0.2851029 0.2871155 0.2898643 0.2917687 0.2946054 0.2984380 0.3015785 0.3050666 0.3083198 0.3125537 0.3175406 0.3220919 0.3266866 0.3317148 0.3378471 0.3441909 0.3514439 0.3581029 0.3646100 0.3707311 0.3784395 0.3837748 0.3903691 0.3944146 0.3987408 0.4029541 0.4070925 0.4130946 0.4166502 0.4229384 0.4299944 0.4272453 0.4244311 0.4206184 0.4166442 0.4130716 0.4101452 0.4051796 0.4024237 0.3986177 0.3956721 0.3926935 0.3907624 0.3876261 0.3842496 0.3821218 0.3796635
0.2694535 0.2719201 0.2759188 0.2784558 0.2801269 0.2824197 0.2841972 0.2867886 0.2885806 0.2892711 0.2911619 0.2947270 0.2968659 0.2999336 0.3036913 0.3070295 0.3102683 0.3144549 0.3187808 0.3236254 0.3283327 0.3334160 0.3395664 0.3453215 0.3515016 0.3578407 0.3642936 0.3706869 0.3773699 0.3821450 0.3880820 0.3925678 0.3992647 0.4012899 0.4049924 0.4072289 0.4114959 0.4169607 0.4268141 0.4264878 0.4212655 0.4164795 0.4110919 0.4097146 0.4073437 0.4042373 0.4011552 0.3969578 0.3936762 0.3911579 0.3882927 0.3860194 0.3843066 0.3821993 0.3800371
0.2723971 0.2741659 0.2771754 0.2813301 0.2828272 0.2859979 0.2869819 0.2889088 0.2916270 0.2919782 0.2926425 0.2957691 0.2996859 0.3019629 0.3053968 0.3085124 0.3121361 0.3168598 0.3205771 0.3247949 0.3298031 0.3344776 0.3400910 0.3456832 0.3510614 0.3571350 0.3638369 0.3706084 0.3743810 0.3815016 0.3856121 0.3906915 0.3952392 0.3970300 0.3996217 0.4024037 0.4052240 0.4105186 0.4150811 0.4195752 0.4189155 0.4130413 0.4064922 0.4043269 0.4043684 0.4011123 0.3970993 0.3941737 0.3907391 0.3882380 0.3857239 0.3845755 0.3821062 0.3811292 0.3783119
0.2750944 0.2770746 0.2795117 0.2830905 0.2852730 0.2866926 0.2886513 0.2901284 0.2929109 0.2952174 0.2951847 0.2977141 0.3002006 0.3042660 0.3068519 0.3101462 0.3141685 0.3178066 0.3223507 0.3263735 0.3311523 0.3340326 0.3388987 0.3441528 0.3519856 0.3551700 0.3622145 0.3687316 0.3736262 0.3806422 0.3843444 0.3888056 0.3903691 0.3923387 0.3945569 0.3971845 0.3992466 0.4028213 0.4072739 0.4104802 0.4123448 0.4100612 0.4061970 0.4014074 0.4005810 0.3971096 0.3930644 0.3903411 0.3877195 0.3851384 0.3832297 0.3827241 0.3801464 0.3779725 0.3766685
0.2772243 0.2799744 0.2823133 0.2852949 0.2883611 0.2887611 0.2904427 0.2926697 0.2950181 0.2970456 0.2971821 0.2997444 0.3019438 0.3053229 0.3082959 0.3116138 0.3152636 0.3192199 0.3237207 0.3279907 0.3329292 0.3359106 0.3408833 0.3445998 0.3497366 0.3561879 0.3638456 0.3680257 0.3731432 0.3795381 0.3830051 0.3842173 0.3871304 0.3896980 0.3907580 0.3922666 0.3940422 0.3960370 0.3990744 0.4025189 0.4077684 0.4071347 0.4040301 0.3981257 0.3949799 0.3924767 0.3885478 0.3866038 0.3849336 0.3824472 0.3808640 0.3799855 0.3778527 0.3750747 0.3735907
0.2798101 0.2836166 0.2863492 0.2873401 0.2911557 0.2913960 0.2927089 0.2955163 0.2982818 0.2978453 0.2994156 0.3021001 0.3044514 0.3067915 0.3096436 0.3133020 0.3165992 0.3209009 0.3248898 0.3291354 0.3343784 0.3384998 0.3437346 0.3454634 0.3522999 0.3583119 0.3624473 0.3686525 0.3729956 0.3772965 0.3783250 0.3802366 0.3819272 0.3843410 0.3854417 0.3872831 0.3891520 0.3911356 0.3932453 0.3957088 0.3978002 0.3999341 0.3992672 0.3935861 0.3902796 0.3879632 0.3846642 0.3827495 0.3811996 0.3801399 0.3786318 0.3774747 0.3745150 0.3725135 0.3707038
0.2822892 0.2847379 0.2879551 0.2893358 0.2917541 0.2933669 0.2948654 0.2972679 0.2989259 0.2990234 0.3010015 0.3024975 0.3041877 0.3081814 0.3108631 0.3141786 0.3178918 0.3219096 0.3261980 0.3304748 0.3355186 0.3395674 0.3435251 0.3469737 0.3545576 0.3592469 0.3621142 0.3662944 0.3695626 0.3723290 0.3743753 0.3759823 0.3784423 0.3791902 0.3813014 0.3828433 0.3843972 0.3866875 0.3882302 0.3888214 0.3903069 0.3903386 0.3898616 0.3886419 0.3860967 0.3840842 0.3815591 0.3792474 0.3773865 0.3763795 0.3741455 0.3719781 0.3709717 0.3697586 0.3709368
0.2862214 0.2874260 0.2904691 0.2911705 0.2938500 0.2963722 0.2983952 0.2995592 0.3007549 0.3009897 0.3031659 0.3043080 0.3058206 0.3089675 0.3123020 0.3150480 0.3185669 0.3209257 0.3269425 0.3316753 0.3345114 0.3403769 0.3459905 0.3502374 0.3539812 0.3600474 0.3643871 0.3657124 0.3668852 0.3688101 0.3705982 0.3722106 0.3740331 0.3752667 0.3765621 0.3784845 0.3797317 0.3811848 0.3820807 0.3830994 0.3845908 0.3857777 0.3866691 0.3848488 0.3811722 0.3800157 0.3777026 0.3751873 0.3728789 0.3712611 0.3701759 0.3683221 0.3671123 0.3660187 0.3634330
0.2873529 0.2897239 0.2908378 0.2925800 0.2955428 0.2975437 0.2993075 0.3006128 0.3015091 0.3025634 0.3044130 0.3060236 0.3078326 0.3097270 0.3125067 0.3160980 0.3195699 0.3235818 0.3282810 0.3332237 0.3369693 0.3420348 0.3475020 0.3525389 0.3551307 0.3582526 0.3606147 0.3622352 0.3631876 0.3654043 0.3669855 0.3696088 0.3703132 0.3718342 0.3726184 0.3743905 0.3761197 0.3768127 0.3773732 0.3782663 0.3791033 0.3803717 0.3786750 0.3773405 0.3767719 0.3754509 0.3733894 0.3715271 0.3699985 0.3678891 0.3665094 0.3649054 0.3638765 0.3627138 0.3601648
0.2889597 0.2907418 0.2919418 0.2943652 0.2961238 0.2973016 0.3004251 0.3015185 0.3031111 0.3034244 0.3046966 0.3065070 0.3085134 0.3105584 0.3129921 0.3162309 0.3198618 0.3230869 0.3275164 0.3334955 0.3396363 0.3449247 0.3508500 0.3536715 0.3571137 0.3566578 0.3579491 0.3593283 0.3606733 0.3621745 0.3640180 0.3655226 0.3657668 0.3677260 0.3694944 0.3701870 0.3718380 0.3727735 0.3730967 0.3733789 0.3730847 0.3736455 0.3731278 0.3724563 0.3718513 0.3703170 0.3687370 0.3678926 0.3669451 0.3655760 0.3638061 0.3626721 0.3615693 0.3594843 0.3582103
0.2893920 0.2910754 0.2931523 0.2957909 0.2964779 0.2978183 0.3001347 0.3013815 0.3027998 0.3039146 0.3047957 0.3058238 0.3078091 0.3108114 0.3134766 0.3164389 0.3198930 0.3224742 0.3278673 0.3351341 0.3408800 0.3476656 0.3517894 0.3514880 0.3533276 0.3546165 0.3549539 0.3569002 0.3575021 0.3588986 0.3605427 0.3597418 0.3608182 0.3642137 0.3658331 0.3663943 0.3673588 0.3681637 0.3699645 0.3698418 0.3687823 0.3697995 0.3697713 0.3690251 0.3666426 0.3654675 0.3640998 0.3639601 0.3630390 0.3620822 0.3601520 0.3583131 0.3571409 0.3556098 0.3546863
0.2900858 0.2924445 0.2955284 0.2973223 0.2977388 0.2985790 0.3011446 0.3022508 0.3033164 0.3040556 0.3051398 0.3058248 0.3075255 0.3101566 0.3130400 0.3162231 0.3194169 0.3228404 0.3294816 0.3360119 0.3426500 0.3469787 0.3472980 0.3484187 0.3499551 0.3508822 0.3500606 0.3529300 0.3547831 0.3572322 0.3575343 0.3569307 0.3595605 0.3620766 0.3620369 0.3628584 0.3636126 0.3648753 0.3664235 0.3659968 0.3648593 0.3663216 0.3655998 0.3647740 0.3636684 0.3606356 0.3592168 0.3584122 0.3584726 0.3580309 0.3564315 0.3541619 0.3531243 0.3508101 0.3501746
0.2911935 0.2938328 0.2964860 0.2980021 0.2981485 0.2998125 0.3015861 0.3025889 0.3031036 0.3042838 0.3055619 0.3063304 0.3079533 0.3104246 0.3127804 0.3160561 0.3193675 0.3229362 0.3283496 0.3353442 0.3414820 0.3426540 0.3445649 0.3458044 0.3475242 0.3487239 0.3492612 0.3506334 0.3519583 0.3534057 0.3551556 0.3569229 0.3569314 0.3585100 0.3598971 0.3604674 0.3612189 0.3618123 0.3616135 0.3610689 0.3609831 0.3619440 0.3624126 0.3614332 0.3593183 0.3572681 0.3550234 0.3539562 0.3533754 0.3526514 0.3516370 0.3503791 0.3482692 0.3458730 0.3463563
0.2927012 0.2952632 0.2968850 0.2984245 0.2998891 0.3003752 0.3016402 0.3027542 0.3032702 0.3039758 0.3045427 0.3057598 0.3072916 0.3095291 0.3118576 0.3149421 0.3189471 0.3231559 0.3270222 0.3356313 0.3391931 0.3384681 0.3413857 0.3438525 0.3452972 0.3450391 0.3473989 0.3480369 0.3492124 0.3511724 0.3531232 0.3542328 0.3543328 0.3565766 0.3575219 0.3586049 0.3592621 0.3580303 0.3581364 0.3580506 0.3586282 0.3585180 0.3576359 0.3564960 0.3550029 0.3529794 0.3505838 0.3511034 0.3494476 0.3486722 0.3476958 0.3470297 0.3442103 0.3436030 0.3430481
0.2943283 0.2960069 0.2974688 0.2987690 0.3000062 0.2996868 0.3003277 0.3024877 0.3023917 0.3034027 0.3039493 0.3051893 0.3060033 0.3074713 0.3106545 0.3136092 0.3164064 0.3216622 0.3267165 0.3327148 0.3342771 0.3355363 0.3379884 0.3406459 0.3421589 0.3421728 0.3437459 0.3457262 0.3468669 0.3492739 0.3508621 0.3512172 0.3518761 0.3529414 0.3543080 0.3546909 0.3558388 0.3551077 0.3551635 0.3569764 0.3562077 0.3559263 0.3546894 0.3540659 0.3531145 0.3511893 0.3485757 0.3455456 0.3459198 0.3449726 0.3435297 0.3432766 0.3413879 0.3379651 0.3391408
