LUCAS_GEMMES_COP27/includes/subsidence/Scenario_B1/TOT_SUBSIDENCE_2080_SINCE_2018_MKD_ONLY.ASC
NCOLS                318
NROWS                364
XLLCORNER      400000.00
YLLCORNER      907000.00
CELLSIZE         1000.00
NODATA_VALUE    0.3402823E+39
[rows 192 to 215 of 364, columns 110 to 164 of 318]
0.5539753 0.5610480 0.5691211 0.5741623 0.5825359 0.5943344 0.6003810 0.6099673 0.6200608 0.6289162 0.6363219 0.6459343 0.6554261 0.6618159 0.6690823 0.6790483 0.6871802 0.6930776 0.7013224 0.7126678 0.7219349 0.7285929 0.7411361 0.7479196 0.7399119 0.7345687 0.7295106 0.7247425 0.7202929 0.7180107 0.7076916 0.6980876 0.6860801 0.6720272 0.6571463 0.6410209 0.6147588 0.6041647 0.5884138 0.5781976 0.5651704 0.5519949 0.5385368 0.5257933 0.5111719 0.4985726 0.4787188 0.4629238 0.4489915 0.4360575 0.4215156 0.4070432 0.4006694 0.3768831 0.3619608
0.5546038 0.5620459 0.5721383 0.5771632 0.5857298 0.5978629 0.6045218 0.6153289 0.6219093 0.6298450 0.6418458 0.6521350 0.6594211 0.6684953 0.6765906 0.6872296 0.6960731 0.7035222 0.7141479 0.7225131 0.7318009 0.7406862 0.7479305 0.7427622 0.7392280 0.7324603 0.7292057 0.7309628 0.7341584 0.7377821 0.7329466 0.7192251 0.7076322 0.6760706 0.6506138 0.6337698 0.6160710 0.6066692 0.5889699 0.5769053 0.5651934 0.5509958 0.5365610 0.5221977 0.5025263 0.4857200 0.4727619 0.4657899 0.4421909 0.4260539 0.4104205 0.3939300 0.3878980 0.3622925 0.3559718
0.5545433 0.5668889 0.5756901 0.5854836 0.5915052 0.6030124 0.6098662 0.6208861 0.6285380 0.6360472 0.6466579 0.6568585 0.6663427 0.6779723 0.6855221 0.6970291 0.7053820 0.7142779 0.7245612 0.7305381 0.7408260 0.7447205 0.7412299 0.7357817 0.7321459 0.7310156 0.7308415 0.7369723 0.7515317 0.7715887 0.7665073 0.7533016 0.7078769 0.6721576 0.6499829 0.6315936 0.6130977 0.6041855 0.5850045 0.5766815 0.5616287 0.5473105 0.5338622 0.5124305 0.4976846 0.4886810 0.4734433 0.4580955 0.4340110 0.4185207 0.4016551 0.3825172 0.3654758 0.3484076 0.3342356
0.5563067 0.5670310 0.5766866 0.5862188 0.5951504 0.6041143 0.6147223 0.6261970 0.6351466 0.6442168 0.6532066 0.6635221 0.6729801 0.6857505 0.6949480 0.7065624 0.7132137 0.7262574 0.7350419 0.7399966 0.7461032 0.7395849 0.7358527 0.7320660 0.7321990 0.7316186 0.7320061 0.7483754 0.7809565 0.7940035 0.7569269 0.7249791 0.6958879 0.6670488 0.6503698 0.6324925 0.6120890 0.5985857 0.5832502 0.5684316 0.5531265 0.5391728 0.5250858 0.5111403 0.4993015 0.4747676 0.4579489 0.4415571 0.4255130 0.4184790 0.3896815 0.3818542 0.3510667 0.3375296 0.3225036
0.5604728 0.5708252 0.5809004 0.5908874 0.6007575 0.6085453 0.6200656 0.6306626 0.6401005 0.6482328 0.6594318 0.6710051 0.6800454 0.6911995 0.7028642 0.7176172 0.7240280 0.7336537 0.7340428 0.7364653 0.7351102 0.7341256 0.7337157 0.7312269 0.7291977 0.7247343 0.7290067 0.7451060 0.7776829 0.7745574 0.7347263 0.7080917 0.6861739 0.6687712 0.6478673 0.6348938 0.6197461 0.6003768 0.5899316 0.5730166 0.5516874 0.5377499 0.5235894 0.5078177 0.4898522 0.4707286 0.4638258 0.4358262 0.4293422 0.4112251 0.3784291 0.3580961 0.3425835 0.3262196 0.3266488
0.5609246 0.5713427 0.5836236 0.5940770 0.6047142 0.6132700 0.6253238 0.6352506 0.6426750 0.6544459 0.6686187 0.6800179 0.6916250 0.7009052 0.7114654 0.7185682 0.7233734 0.7280557 0.7302277 0.7314406 0.7322414 0.7315310 0.7290509 0.7269318 0.7251286 0.7221452 0.7247729 0.7307723 0.7358360 0.7300389 0.7119479 0.6958721 0.6778857 0.6589740 0.6452727 0.6393664 0.6205699 0.6036758 0.5898602 0.5662887 0.5505520 0.5434896 0.5287139 0.5129648 0.4974410 0.4686787 0.4496090 0.4302406 0.4238045 0.4035508 0.3806458 0.3519847 0.3345918 0.3181607 0.3117759
0.5646469 0.5735360 0.5844498 0.5971923 0.6082501 0.6176111 0.6311575 0.6387491 0.6484897 0.6637256 0.6746333 0.6863509 0.6942640 0.7010036 0.7091570 0.7169371 0.7209085 0.7242307 0.7265104 0.7282988 0.7288173 0.7293757 0.7268072 0.7246315 0.7222470 0.7179650 0.7192405 0.7186641 0.7147962 0.7094217 0.7011569 0.6947170 0.6751285 0.6558154 0.6461077 0.6326439 0.6183547 0.5985057 0.5881177 0.5716535 0.5567600 0.5408348 0.5256993 0.5024298 0.4828705 0.4656214 0.4565110 0.4364188 0.4183306 0.3975376 0.3769428 0.3459089 0.3406350 0.3108523 0.3132041
0.5645577 0.5775179 0.5871493 0.5984419 0.6098948 0.6213424 0.6336701 0.6439149 0.6571044 0.6662272 0.6771476 0.6857837 0.6939914 0.7015318 0.7092648 0.7159467 0.7164595 0.7245845 0.7252772 0.7252723 0.7293085 0.7276276 0.7220789 0.7202881 0.7210553 0.7146983 0.7153391 0.7116833 0.7061895 0.6998947 0.6924680 0.6839421 0.6720711 0.6552673 0.6441059 0.6319427 0.6193680 0.6049266 0.5886926 0.5719134 0.5592757 0.5421289 0.5252326 0.5009061 0.4946806 0.4752542 0.4567537 0.4336504 0.4107069 0.3890831 0.3723470 0.3367189 0.3335572 0.2976488 0.2975629
0.5661530 0.5773475 0.5912117 0.6036137 0.6124836 0.6261246 0.6352921 0.6484381 0.6581280 0.6681359 0.6783440 0.6872950 0.6951417 0.7023510 0.7060246 0.7104101 0.7140272 0.7198095 0.7186576 0.7231425 0.7263348 0.7256292 0.7209524 0.7236356 0.7202840 0.7117285 0.7080606 0.7086924 0.7028130 0.6945636 0.6871035 0.6808377 0.6723118 0.6669945 0.6483144 0.6338125 0.6213797 0.6066086 0.5921488 0.5759354 0.5606561 0.5471560 0.5273513 0.5100659 0.4929127 0.4696418 0.4558502 0.4340536 0.4086101 0.3883830 0.3696505 0.3328909 0.3030159 0.3046899 0.3178740
0.5677704 0.5771608 0.5923376 0.6035067 0.6165204 0.6281745 0.6405171 0.6506267 0.6603500 0.6701041 0.6801875 0.6895320 0.6971120 0.7012706 0.7058636 0.7138090 0.7139195 0.7203062 0.7232680 0.7246474 0.7247173 0.7222979 0.7211035 0.7238244 0.7194070 0.7144676 0.7059227 0.7031302 0.6964404 0.6900668 0.6821657 0.6748075 0.6657117 0.6644931 0.6519661 0.6373394 0.6234870 0.6097857 0.6003438 0.5814457 0.5623466 0.5476054 0.5313692 0.5121857 0.4941703 0.4729871 0.4548379 0.4182797 0.3936458 0.3767608 0.3550798 0.3327023 0.3089962 0.3205825 0.3310312
0.5682904 0.5825071 0.5965457 0.6093253 0.6199307 0.6335863 0.6440991 0.6548648 0.6639307 0.6724498 0.6800309 0.6892831 0.6961986 0.7020848 0.7079874 0.7128442 0.7128653 0.7195907 0.7226450 0.7251995 0.7279140 0.7229921 0.7268652 0.7247033 0.7199775 0.7115265 0.7070308 0.7067019 0.6956866 0.6902642 0.6823763 0.6719435 0.6632528 0.6577577 0.6503561 0.6317624 0.6186450 0.6054714 0.5922639 0.5753350 0.5564315 0.5398226 0.5256487 0.5062627 0.4849263 0.4630968 0.4553361 0.4169998 0.4076138 0.3758593 0.3551308 0.3524729 0.3377520 0.3317412 0.3630944
0.5754222 0.5883286 0.6014187 0.6139960 0.6249717 0.6354798 0.6452992 0.6546901 0.6627873 0.6717566 0.6804973 0.6930307 0.7005708 0.7058514 0.7085974 0.7132553 0.7145073 0.7178162 0.7239637 0.7263181 0.7272795 0.7263102 0.7261565 0.7239022 0.7202519 0.7128776 0.7137659 0.7076086 0.6999199 0.6942391 0.6870012 0.6728585 0.6660014 0.6581899 0.6449231 0.6327549 0.6216123 0.6105043 0.5946743 0.5776955 0.5718331 0.5536370 0.5395235 0.5203296 0.4999666 0.4661791 0.4451798 0.4192644 0.3952982 0.3769496 0.3571784 0.3467532 0.3417107 0.3448663 0.3774678
0.5826665 0.5952060 0.6072786 0.6189175 0.6326364 0.6415436 0.6517638 0.6632250 0.6700677 0.6777172 0.6865462 0.6971009 0.7041894 0.7095604 0.7116659 0.7182096 0.7226918 0.7228746 0.7283200 0.7294589 0.7292596 0.7288915 0.7279038 0.7254925 0.7180497 0.7172531 0.7171291 0.7119485 0.7036068 0.6991257 0.6919870 0.6828421 0.6743977 0.6644767 0.6461744 0.6377929 0.6363293 0.6275041 0.6068695 0.5816035 0.5752006 0.5584235 0.5449065 0.5268725 0.5065587 0.4854736 0.4632436 0.4396504 0.4172639 0.3968195 0.3772522 0.3598236 0.3484686 0.3587480 0.3716051
0.5898062 0.6016226 0.6128986 0.6240126 0.6355350 0.6487997 0.6569297 0.6661589 0.6760197 0.6832951 0.6918448 0.7011521 0.7059439 0.7117000 0.7169203 0.7252716 0.7277275 0.7264689 0.7281471 0.7287956 0.7284631 0.7283566 0.7276311 0.7291194 0.7221297 0.7241280 0.7212913 0.7153964 0.7089903 0.7026122 0.6958302 0.6881657 0.6793031 0.6692979 0.6596734 0.6510432 0.6414430 0.6280945 0.6110232 0.5855635 0.5710508 0.5607246 0.5367907 0.5183957 0.4964812 0.4780932 0.4536840 0.4258456 0.4073860 0.3853475 0.3587608 0.3509535 0.3640488 0.3923044 0.3851770
0.5968864 0.6080241 0.6190497 0.6297542 0.6410716 0.6546600 0.6647038 0.6717366 0.6787942 0.6886992 0.6970714 0.7049385 0.7108774 0.7131972 0.7195184 0.7264922 0.7284293 0.7303414 0.7313643 0.7355860 0.7359878 0.7365289 0.7318801 0.7284902 0.7308333 0.7289174 0.7243846 0.7193767 0.7125803 0.7066095 0.7005749 0.6931553 0.6853017 0.6753712 0.6635278 0.6551256 0.6465141 0.6335905 0.6187422 0.6016467 0.5772721 0.5589406 0.5426958 0.5387576 0.5155404 0.4995295 0.4747768 0.4476033 0.4304412 0.4077611 0.3904604 0.3937759 0.3986683 0.3887135 0.3973692
0.6038544 0.6141143 0.6251606 0.6364685 0.6477346 0.6605359 0.6703149 0.6794711 0.6838424 0.6908228 0.6993365 0.7074425 0.7139307 0.7190491 0.7276872 0.7322549 0.7357732 0.7382302 0.7356305 0.7403418 0.7411290 0.7428005 0.7367438 0.7326571 0.7301138 0.7321604 0.7292938 0.7243125 0.7171721 0.7110310 0.7071302 0.6994206 0.6921247 0.6810412 0.6675797 0.6591872 0.6519786 0.6393188 0.6258840 0.6096400 0.5934865 0.5766885 0.5634835 0.5514944 0.5280141 0.5056185 0.4832373 0.4595358 0.4387159 0.3962015 0.3865211 0.3947406 0.3999498 0.4041145 0.4131587
0.6111749 0.6220019 0.6331671 0.6448497 0.6548492 0.6630465 0.6726559 0.6850635 0.6936307 0.6967568 0.7057073 0.7164102 0.7223008 0.7286230 0.7336602 0.7382284 0.7410295 0.7430663 0.7409754 0.7461733 0.7471315 0.7473552 0.7417372 0.7436976 0.7364309 0.7380810 0.7329359 0.7278016 0.7190712 0.7119970 0.7070024 0.7004259 0.6916635 0.6816460 0.6703952 0.6607159 0.6510180 0.6393955 0.6256034 0.6092325 0.5926160 0.5787193 0.5631845 0.5458702 0.5235040 0.4998020 0.4754429 0.4508194 0.4276052 0.4105280 0.4269508 0.4280288 0.4301828 0.4203792 0.4289305
0.6182039 0.6296483 0.6420370 0.6527312 0.6620709 0.6698406 0.6794422 0.6899184 0.6985406 0.7055416 0.7133333 0.7200276 0.7289602 0.7347555 0.7402012 0.7446117 0.7471207 0.7501372 0.7481133 0.7484531 0.7539625 0.7527270 0.7474124 0.7521147 0.7444246 0.7386042 0.7336071 0.7291717 0.7266853 0.7257743 0.7194473 0.7134356 0.7067876 0.6948742 0.6854934 0.6769884 0.6597565 0.6543267 0.6415942 0.6285432 0.6164388 0.6040927 0.5870475 0.5700876 0.5481787 0.5240980 0.5020128 0.4764416 0.4499104 0.4398220 0.4435781 0.4301847 0.4338670 0.4396953 0.4662464
0.6271451 0.6383569 0.6495225 0.6595958 0.6691675 0.6790683 0.6915168 0.7007661 0.7089896 0.7169356 0.7242122 0.7273365 0.7320471 0.7384989 0.7442713 0.7486259 0.7517895 0.7539825 0.7549963 0.7557542 0.7578294 0.7555252 0.7535744 0.7579008 0.7567267 0.7514544 0.7418649 0.7426792 0.7329754 0.7277218 0.7212462 0.7143335 0.7091928 0.7052083 0.6877940 0.6788787 0.6675401 0.6546395 0.6406156 0.6268420 0.6156657 0.6026466 0.5844755 0.5813971 0.5602361 0.5355736 0.5125046 0.4751278 0.4503118 0.4485087 0.4493322 0.4537084 0.4740419 0.4777105 0.4878016
0.6380296 0.6491162 0.6582898 0.6679321 0.6775830 0.6878427 0.6976473 0.7100426 0.7168365 0.7243840 0.7309117 0.7351937 0.7412254 0.7496692 0.7544379 0.7598315 0.7628714 0.7639819 0.7649078 0.7654260 0.7672114 0.7674367 0.7614258 0.7643013 0.7622774 0.7603436 0.7571685 0.7531250 0.7484208 0.7366387 0.7301526 0.7226901 0.7148439 0.7070146 0.7000484 0.6989741 0.6782177 0.6657441 0.6621192 0.6499408 0.6286917 0.6152493 0.5952939 0.5804331 0.5622032 0.5360729 0.5133421 0.4912604 0.4897743 0.4740700 0.4731701 0.4924017 0.4949146 0.4963831 0.4999000
0.6479304 0.6591686 0.6681161 0.6780022 0.6880989 0.6979114 0.7050557 0.7163828 0.7262318 0.7335345 0.7391267 0.7453349 0.7492878 0.7525576 0.7628489 0.7684451 0.7715945 0.7696686 0.7747637 0.7752940 0.7759479 0.7772961 0.7705360 0.7678894 0.7648280 0.7670846 0.7659731 0.7630742 0.7584166 0.7536424 0.7473936 0.7333090 0.7253854 0.7273945 0.7211430 0.7114334 0.7001535 0.6790974 0.6670334 0.6660335 0.6540646 0.6400763 0.6248224 0.5974593 0.5777772 0.5701210 0.5348693 0.5257179 0.5198248 0.5150353 0.5128641 0.5128883 0.5145042 0.5149329 0.5164382
0.6597813 0.6694768 0.6780863 0.6877546 0.6986012 0.7080282 0.7141186 0.7240123 0.7321954 0.7410135 0.7489641 0.7554511 0.7611603 0.7640214 0.7701456 0.7741132 0.7771968 0.7758844 0.7799730 0.7814782 0.7817855 0.7813741 0.7793300 0.7780473 0.7772752 0.7771332 0.7744058 0.7730748 0.7696252 0.7664934 0.7595864 0.7540353 0.7384344 0.7305239 0.7310407 0.7247077 0.7147538 0.7049870 0.6850413 0.6717724 0.6696417 0.6572706 0.6423756 0.6261160 0.6069211 0.5892191 0.5726046 0.5537282 0.5478945 0.5437771 0.5336150 0.5351535 0.5340838 0.5321248 0.5320957
0.6707396 0.6793187 0.6883281 0.6983476 0.7087816 0.7184507 0.7275718 0.7371029 0.7455399 0.7501336 0.7573555 0.7648336 0.7715432 0.7789133 0.7795818 0.7831862 0.7900109 0.7918152 0.7938762 0.7957689 0.7958467 0.7946138 0.7901549 0.7937053 0.7839483 0.7806423 0.7830190 0.7834582 0.7791711 0.7745240 0.7711207 0.7672170 0.7606962 0.7444839 0.7407823 0.7402460 0.7308120 0.7212307 0.7120124 0.6879237 0.6764826 0.6746411 0.6605972 0.6465675 0.6293949 0.6116101 0.5890653 0.5794302 0.5685732 0.5668050 0.5539922 0.5543977 0.5518547 0.5474946 0.5444988
0.6824329 0.6911639 0.7003941 0.7101598 0.7210085 0.7298123 0.7378284 0.7455776 0.7545141 0.7616212 0.7689444 0.7749897 0.7830744 0.7898015 0.7895840 0.7930716 0.8011108 0.8036315 0.8054082 0.8070605 0.8058793 0.8065244 0.8013299 0.8011528 0.7976056 0.7950029 0.8016566 0.7983042 0.7947881 0.7925551 0.7858567 0.7810194 0.7733657 0.7672004 0.7530144 0.7449745 0.7502985 0.7387279 0.7272559 0.7147665 0.6927013 0.6800567 0.6818107 0.6707636 0.6544368 0.6357521 0.6215948 0.6013842 0.5887769 0.5884981 0.5803961 0.5717302 0.5671425 0.5622243 0.5415465
