LUCAS_GEMMES_COP27/includes/subsidence/Scenario_B1/TOT_SUBSIDENCE_2100_SINCE_2018_MKD_ONLY.ASC
NCOLS                318
NROWS                364
XLLCORNER      400000.00
YLLCORNER      907000.00
CELLSIZE         1000.00
NODATA_VALUE    0.3402823E+39
[rows 192 to 215 of 364, columns 220 to 274 of 318]
0.9392900 0.9510716 0.9624728 0.9669791 0.9653676 0.9599490 0.9470153 0.9404330 0.9270452 0.9186667 0.9093152 0.9036835 0.8928487 0.8888289 0.8834943 0.8818077 0.8815989 0.8796350 0.8810091 0.8903812 0.9043298 0.9127206 0.9138899 0.9323435 0.9471896 0.9633620 0.9807797 0.9923973 0.9875828 0.9933211 0.9949106 0.9893665 0.9834440 0.9666732 0.9339434 0.9658788 0.9582672 0.9680878 0.9895202 0.9571953 0.9135315 0.9200186 0.8959039 0.8798405 0.8607783 0.8360317 0.8051521 0.7719394 3.4028235E+38 3.4028235E+38 3.4028235E+38 3.4028235E+38 3.4028235E+38 3.4028235E+38 3.4028235E+38
0.9355561 0.9168178 0.9142902 0.9199861 0.9250940 0.9223657 0.9156442 0.9111782 0.8949654 0.8860647 0.8771439 0.8707368 0.8653019 0.8587121 0.8558675 0.8498444 0.8556925 0.8603032 0.8586522 0.8738924 0.8908818 0.9076662 0.9143361 0.9232700 0.9346701 0.9438343 0.9597103 0.9730762 0.9822409 0.9863607 0.9931940 0.9866556 0.9719121 0.9371377 0.9218920 0.9562118 0.9703908 0.9844143 0.9941552 0.9628411 0.9036598 0.8901783 0.9038020 0.8827659 0.8692024 0.8466032 0.8166276 0.7792692 0.7323256 0.7243203 0.7219425 3.4028235E+38 3.4028235E+38 3.4028235E+38 3.4028235E+38
0.8984827 0.8914297 0.8841544 0.8773912 0.8867582 0.8837516 0.8808073 0.8757825 0.8638264 0.8526580 0.8398514 0.8363839 0.8383047 0.8356007 0.8229549 0.8188888 0.8217211 0.8377477 0.8494017 0.8576637 0.8617892 0.8669900 0.8907721 0.9014934 0.9100460 0.9246038 0.9350117 0.9480494 0.9573882 0.9724758 0.9760771 0.9736118 0.9677116 0.9372844 0.9460874 0.9722084 0.9900773 1.012981 0.9957255 0.9747389 0.9257044 0.8755685 0.8703230 0.8885422 0.8646079 0.8497850 0.8274212 0.7965729 0.7482200 0.7408355 0.7257490 0.7134706 3.4028235E+38 3.4028235E+38 3.4028235E+38
0.8747350 0.8837408 0.8774427 0.8686953 0.8628912 0.8577177 0.8530484 0.8400641 0.8248694 0.8165373 0.8125483 0.8140827 0.8180434 0.8133399 0.8057355 0.7960105 0.8103753 0.8306155 0.8450680 0.8565403 0.8630021 0.8662166 0.8702410 0.8723550 0.8928339 0.9042485 0.9158011 0.9294513 0.9409912 0.9529403 0.9550161 0.9433594 0.9627533 0.9657493 0.9741181 0.9856371 1.000579 1.009669 1.008205 0.9829326 0.9469678 0.8897157 0.8662449 0.8713337 0.8409609 0.8395157 0.8385841 0.7993162 0.7541808 0.7486985 0.7314805 0.7218075 3.4028235E+38 3.4028235E+38 3.4028235E+38
0.8810523 0.8746927 0.8633174 0.8529774 0.8425355 0.8353070 0.8248198 0.8072875 0.8080971 0.8021576 0.7957121 0.7982486 0.7999490 0.7993735 0.7960103 0.7937418 0.8139768 0.8292421 0.8441424 0.8595896 0.8641112 0.8718665 0.8709735 0.8733066 0.8748085 0.8777760 0.8986861 0.9127796 0.9185683 0.9349007 0.9318774 0.9356551 0.9616189 0.9794310 0.9828287 0.9987831 1.004065 1.019073 1.009559 1.003799 0.9620483 0.9165064 0.9146969 0.9086179 0.8842059 0.8994575 0.8530287 0.8201139 0.7752756 0.7565116 0.7494128 0.7309816 3.4028235E+38 3.4028235E+38 3.4028235E+38
0.8872110 0.8809427 0.8724030 0.8648465 0.8532183 0.8414004 0.8229456 0.7950569 0.7899040 0.7839885 0.7795447 0.7803570 0.7763686 0.7726802 0.7805508 0.7981119 0.8170471 0.8282564 0.8507759 0.8598971 0.8697357 0.8759868 0.8777130 0.8831577 0.8849834 0.8804604 0.8811312 0.8811692 0.8703317 0.8988592 0.9122211 0.9197007 0.9470271 0.9600793 0.9770626 0.9872236 0.9978781 1.012229 1.017868 1.009309 0.9846572 0.9450984 0.9430101 0.9345117 0.9060431 0.9043431 0.8807600 0.8248086 0.7849553 0.7460392 0.7514409 0.7488117 3.4028235E+38 3.4028235E+38 3.4028235E+38
0.8906482 0.8851318 0.8804897 0.8722839 0.8587196 0.8455886 0.8308438 0.8107872 0.8071551 0.8013279 0.7954212 0.7910190 0.7842198 0.7876027 0.7960116 0.8028654 0.8239120 0.8379130 0.8528888 0.8646710 0.8772415 0.8805305 0.8855805 0.8926807 0.8942890 0.8958119 0.8937046 0.8856878 0.8717392 0.8833308 0.8865528 0.9174013 0.9232829 0.9352902 0.9500146 0.9767932 0.9936720 1.025889 1.019095 1.020378 0.9994648 0.9649241 0.9441684 0.9308250 0.8971164 0.8831233 0.8604589 0.8472382 0.7879864 0.7875423 0.7722760 0.7533672 3.4028235E+38 3.4028235E+38 3.4028235E+38
0.8846601 0.8855795 0.8853375 0.8769171 0.8647494 0.8555042 0.8419214 0.8288693 0.8215661 0.8135593 0.8042263 0.7980527 0.7895311 0.7889618 0.7979840 0.8074701 0.8303400 0.8474023 0.8641006 0.8742303 0.8832733 0.8863897 0.8952435 0.8999226 0.9059064 0.9078720 0.9040965 0.9066246 0.9034952 0.9074425 0.8893157 0.8893793 0.8852133 0.9072795 0.9187136 0.9478056 0.9876117 1.021732 1.018865 1.013949 0.9971974 0.9730429 0.9392433 0.9088626 0.8821173 0.8461328 0.8056514 0.8042780 0.8036816 0.7991496 0.7792014 0.7835367 0.7537404 3.4028235E+38 3.4028235E+38
0.8740966 0.8839027 0.8822572 0.8776321 0.8711641 0.8639944 0.8535113 0.8437250 0.8319166 0.8222318 0.8040908 0.8011915 0.7987564 0.8117179 0.8136044 0.8261302 0.8371495 0.8521583 0.8639336 0.8772534 0.8856629 0.8963562 0.8970028 0.9043778 0.9160887 0.9192781 0.9193012 0.9267805 0.9208601 0.9217694 0.9159701 0.9199473 0.8839934 0.8767942 0.8757917 0.8733682 0.9871296 1.034734 1.034913 1.035612 0.9960637 0.9785038 0.9376673 0.8972781 0.8556058 0.8387986 0.8233017 0.8285939 0.8051200 0.8070953 0.7957500 0.7843388 0.7602448 3.4028235E+38 3.4028235E+38
0.8703161 0.8745083 0.8765304 0.8758664 0.8716304 0.8666504 0.8581198 0.8506166 0.8440751 0.8333715 0.8191327 0.8178245 0.8188279 0.8230506 0.8257760 0.8371618 0.8443249 0.8561199 0.8692132 0.8777164 0.8892993 0.8922753 0.8950918 0.9051245 0.9244033 0.9245892 0.9318738 0.9379759 0.9373330 0.9374712 0.9381070 0.9535466 0.9597202 0.9576790 0.9592543 0.8743908 1.071539 1.055906 1.050771 1.021393 1.005055 0.9745361 0.9491842 0.8996226 0.8745188 0.8429509 0.8362335 0.8248036 0.8231040 0.8055764 0.8003236 0.7766359 0.7492746 3.4028235E+38 3.4028235E+38
0.8659430 0.8639868 0.8676025 0.8709728 0.8700122 0.8724060 0.8640256 0.8584659 0.8488352 0.8384489 0.8284991 0.8256067 0.8285307 0.8292748 0.8282703 0.8401356 0.8520319 0.8664620 0.8744982 0.8834434 0.8879685 0.8975160 0.8964076 0.9070663 0.9174724 0.9291691 0.9382244 0.9486803 0.9499027 0.9653056 0.9650229 0.9880799 1.022258 1.044121 1.038378 1.045001 1.049469 1.049652 1.027281 1.035359 0.9983195 0.9932345 0.9468279 0.9300386 0.8746952 0.8685564 0.8374312 0.8512115 0.8241636 0.8286327 0.8071146 0.7841608 0.7568800 3.4028235E+38 3.4028235E+38
0.8647105 0.8549491 0.8588629 0.8649600 0.8674626 0.8694056 0.8640825 0.8634875 0.8541340 0.8483799 0.8368644 0.8346170 0.8319826 0.8287650 0.8247217 0.8365254 0.8499563 0.8634033 0.8726224 0.8842751 0.8858202 0.8923495 0.8989487 0.9070152 0.9105860 0.9214007 0.9335779 0.9580221 0.9675460 0.9716201 0.9875680 0.9946232 1.002141 1.019583 1.036810 1.031000 1.035982 1.025013 1.029486 1.005610 0.9942616 0.9645830 0.9486256 0.9139411 0.8838841 0.8518632 0.8365302 0.8454005 0.8322255 0.8108267 0.8035299 0.7811033 0.7543913 3.4028235E+38 3.4028235E+38
0.8556423 0.8526324 0.8479278 0.8551974 0.8658718 0.8696702 0.8649684 0.8644667 0.8565016 0.8519199 0.8401558 0.8337722 0.8263994 0.8213184 0.8116105 0.8251479 0.8444586 0.8609934 0.8772190 0.8851782 0.8870867 0.8919523 0.8975943 0.9048943 0.9159436 0.9197248 0.9234545 0.9441244 0.9499128 0.9833112 0.9801391 0.9995712 0.9987161 1.021738 1.012914 1.020176 1.015083 1.020831 1.014902 1.013457 0.9799278 0.9671611 0.9467401 0.9218171 0.8797562 0.8729015 0.8418959 0.8542455 0.8241422 0.8169311 0.8001143 0.7784219 3.4028235E+38 3.4028235E+38 3.4028235E+38
0.8487887 0.8495098 0.8444675 0.8572451 0.8595111 0.8621315 0.8648403 0.8638312 0.8599300 0.8522084 0.8412988 0.8360596 0.8206980 0.8080410 0.8061229 0.8117344 0.8324445 0.8509624 0.8636432 0.8779702 0.8815105 0.8853761 0.8950924 0.8995138 0.8985461 0.8952140 0.9075727 0.9273340 0.9494696 0.9662126 0.9798673 0.9721020 0.9965973 0.9911411 1.009913 0.9932264 1.000926 0.9971672 0.9823487 0.9843319 0.9702215 0.9566857 0.9360858 0.9096181 0.8929018 0.8622352 0.8557785 0.8369431 0.8288022 0.8148386 0.7855818 0.7733718 3.4028235E+38 3.4028235E+38 3.4028235E+38
0.8436625 0.8479087 0.8410633 0.8515495 0.8521794 0.8576012 0.8580209 0.8611143 0.8574570 0.8525936 0.8404160 0.8334207 0.8147939 0.8003546 0.7991934 0.8019378 0.8118186 0.8369291 0.8566824 0.8669287 0.8685663 0.8786223 0.8813504 0.8853794 0.8853663 0.8777962 0.8886698 0.9128969 0.9328030 0.9374096 0.9448167 0.9489083 0.9655676 0.9773095 0.9811428 0.9724342 0.9785252 0.9659409 0.9700907 0.9639378 0.9444053 0.9485295 0.9150229 0.9114205 0.9018979 0.8708702 0.8466701 0.8481034 0.8171813 0.8172438 0.7789313 3.4028235E+38 3.4028235E+38 3.4028235E+38 3.4028235E+38
0.8355128 0.8341843 0.8300707 0.8359131 0.8406870 0.8379971 0.8491194 0.8560454 0.8571168 0.8494967 0.8411550 0.8337770 0.8101540 0.7992494 0.8015784 0.8045073 3.4028235E+38 3.4028235E+38 3.4028235E+38 0.8503366 0.8576690 0.8616745 0.8668121 0.8714591 0.8746128 0.8741522 0.8768570 0.8966693 0.9077921 0.9156984 0.9296715 0.9358106 0.9384245 0.9389989 0.9552860 0.9644715 0.9569362 0.9447764 0.9499105 0.9445083 0.9331694 0.9156079 0.8990040 0.8986011 0.8854210 0.8551094 0.8456647 0.8254114 0.8166705 0.8017654 0.7787483 3.4028235E+38 3.4028235E+38 3.4028235E+38 3.4028235E+38
0.8272322 0.8261310 0.8226255 0.8375324 0.8351433 0.8328745 0.8460124 0.8525758 0.8507693 0.8499623 0.8439635 0.8328307 0.8086540 0.7987271 0.7991076 0.7961143 3.4028235E+38 3.4028235E+38 3.4028235E+38 3.4028235E+38 3.4028235E+38 0.8439553 0.8498962 0.8553817 0.8603314 0.8676845 0.8728474 0.8814455 0.8899106 0.8955423 0.9015393 0.9117902 0.9066798 0.9084504 0.9140789 0.9346479 0.9222559 0.9321244 0.9268558 0.9214374 0.9086230 0.9173461 0.8876653 0.8832932 0.8709770 0.8508703 0.8264965 0.8228863 0.8091329 0.7898662 3.4028235E+38 3.4028235E+38 3.4028235E+38 3.4028235E+38 3.4028235E+38
0.8215915 0.8122616 0.8091699 0.8134582 0.8161229 0.8252885 0.8367026 0.8437343 0.8443787 0.8432709 0.8404239 0.8253982 0.8050179 0.7941765 0.7947398 0.7921615 0.7966565 3.4028235E+38 3.4028235E+38 3.4028235E+38 3.4028235E+38 3.4028235E+38 0.8319997 0.8381965 0.8451490 0.8538764 0.8620031 0.8682691 0.8727918 0.8764735 0.8785563 0.8813496 0.8832521 0.8922325 0.8858823 0.8869259 0.8841292 0.8851122 0.8865258 0.8876192 0.8956193 0.8916846 0.8769075 0.8592294 0.8457690 0.8268757 0.8166382 0.8058910 0.7961154 0.7697634 3.4028235E+38 3.4028235E+38 3.4028235E+38 3.4028235E+38 3.4028235E+38
0.8127160 0.8041418 0.8049349 0.8064345 0.8086666 0.8262160 0.8326234 0.8424199 0.8406624 0.8424751 0.8343953 0.8266284 0.8087785 0.7938523 0.7869406 0.7917778 0.7963760 0.7907524 3.4028235E+38 3.4028235E+38 3.4028235E+38 3.4028235E+38 3.4028235E+38 3.4028235E+38 3.4028235E+38 0.8388717 0.8465241 0.8513604 0.8548849 0.8566641 0.8564386 0.8586973 0.8604904 0.8625983 0.8618753 0.8612530 0.8603382 0.8603589 0.8597817 0.8589829 0.8592865 0.8647795 0.8517406 0.8602668 0.8436038 0.8301839 0.8056947 0.8103455 0.7763961 3.4028235E+38 3.4028235E+38 3.4028235E+38 3.4028235E+38 3.4028235E+38 3.4028235E+38
0.7966947 0.7893324 0.7977679 0.8011980 0.7979215 0.8148299 0.8266993 0.8317364 0.8355323 0.8335094 0.8328731 0.8231788 0.8063568 0.7905946 0.7798260 0.7778258 0.7782834 0.7779714 0.7707309 0.7650957 3.4028235E+38 3.4028235E+38 3.4028235E+38 3.4028235E+38 3.4028235E+38 3.4028235E+38 0.8305441 0.8332742 0.8355208 0.8367568 0.8389482 0.8404347 0.8418705 0.8429028 0.8428263 0.8420588 0.8406377 0.8392333 0.8383041 0.8372968 0.8359394 0.8339747 0.8288810 0.8268106 0.8259207 0.8066297 0.8021591 0.7883851 3.4028235E+38 3.4028235E+38 3.4028235E+38 3.4028235E+38 3.4028235E+38 3.4028235E+38 3.4028235E+38
0.7841500 0.7791884 0.7786408 0.7899766 0.7868217 0.8090400 0.8148926 0.8247508 0.8234121 0.8274294 0.8188195 0.8130686 0.8055530 0.7880752 0.7776963 0.7780182 0.7662808 0.7672557 0.7644486 0.7519328 0.7503523 0.7440863 3.4028235E+38 3.4028235E+38 3.4028235E+38 3.4028235E+38 3.4028235E+38 3.4028235E+38 0.8175462 0.8196483 0.8206598 0.8228708 0.8252277 0.8267729 0.8270696 0.8262298 0.8245091 0.8222789 0.8198743 0.8177961 0.8156525 0.8129922 0.8102731 0.8141878 0.8083724 0.7979821 0.7862812 3.4028235E+38 3.4028235E+38 3.4028235E+38 3.4028235E+38 3.4028235E+38 3.4028235E+38 3.4028235E+38 3.4028235E+38
0.7697527 0.7687184 0.7635244 0.7765832 0.7734557 0.7918856 0.8008671 0.8066546 0.8089415 0.8118494 0.8087504 0.8016565 0.7978932 0.7827613 0.7675016 0.7617955 0.7523131 0.7484658 0.7512147 0.7423117 0.7308093 0.7263043 3.4028235E+38 3.4028235E+38 3.4028235E+38 3.4028235E+38 3.4028235E+38 3.4028235E+38 0.9263180 0.8006194 0.8004137 0.8048626 0.8096216 0.8127898 0.8139911 0.8134426 0.8115550 0.8087623 0.8054610 0.8019713 0.7985182 0.7949269 0.7905038 0.7859617 0.7789461 0.7699354 3.4028235E+38 3.4028235E+38 3.4028235E+38 3.4028235E+38 3.4028235E+38 3.4028235E+38 3.4028235E+38 3.4028235E+38 3.4028235E+38
0.7539299 0.7498648 0.7500280 0.7610888 0.7598424 0.7746489 0.7921565 0.7941476 0.7968122 0.7887331 0.7891115 0.7898718 0.7871591 0.7831725 0.7696460 0.7542605 0.7464827 0.7400562 0.7365088 0.7242622 0.7206791 0.7136984 3.4028235E+38 3.4028235E+38 3.4028235E+38 3.4028235E+38 3.4028235E+38 3.4028235E+38 3.4028235E+38 0.8884492 0.7725554 0.7835230 0.7928711 0.7983967 0.8007485 0.8007973 0.7991894 0.7964127 0.7928810 0.7888584 0.7840946 0.7795318 0.7745218 3.4028235E+38 3.4028235E+38 3.4028235E+38 3.4028235E+38 3.4028235E+38 3.4028235E+38 3.4028235E+38 3.4028235E+38 3.4028235E+38 3.4028235E+38 3.4028235E+38 3.4028235E+38
0.7385421 0.7334508 0.7425869 0.7493690 0.7479511 0.7551954 0.7687266 0.7737665 0.7720197 0.7769804 0.7810267 0.7837659 0.7819209 0.7748069 0.7603467 0.7491481 0.7283784 0.7211436 0.7173542 0.7026092 0.7005369 0.7021069 3.4028235E+38 3.4028235E+38 3.4028235E+38 3.4028235E+38 3.4028235E+38 3.4028235E+38 3.4028235E+38 3.4028235E+38 0.7250208 0.7618507 0.7772210 0.7840459 0.7874073 0.7876876 0.7860696 0.7832947 0.7797868 0.7758165 0.7710889 3.4028235E+38 3.4028235E+38 3.4028235E+38 3.4028235E+38 3.4028235E+38 3.4028235E+38 3.4028235E+38 3.4028235E+38 3.4028235E+38 3.4028235E+38 3.4028235E+38 3.4028235E+38 3.4028235E+38 3.4028235E+38
