LUCAS_GEMMES_COP27/includes/subsidence/Scenario_B1/TOT_SUBSIDENCE_2100_SINCE_2018_MKD_ONLY.ASC
NCOLS                318
NROWS                364
XLLCORNER      400000.00
YLLCORNER      907000.00
CELLSIZE         1000.00
NODATA_VALUE    0.3402823E+39
[rows 288 to 311 of 364, columns 55 to 109 of 318]
3.4028235E+38 3.4028235E+38 3.4028235E+38 3.4028235E+38 3.4028235E+38 3.4028235E+38 3.4028235E+38 3.4028235E+38 3.4028235E+38 3.4028235E+38 3.4028235E+38 3.4028235E+38 3.4028235E+38 3.4028235E+38 3.4028235E+38 3.4028235E+38 3.4028235E+38 3.4028235E+38 3.4028235E+38 3.4028235E+38 3.4028235E+38 3.4028235E+38 3.4028235E+38 0.3693831 0.3767564 0.3824165 0.3879628 0.3935246 0.3991243 0.4045592 0.4077634 0.4113453 0.4150927 0.4192035 0.4227681 0.4259556 0.4300165 0.4315725 0.4323029 0.4340923 0.4370932 0.4385993 0.4395849 0.4380136 0.4799560 0.5212943 0.5477464 0.5684141 0.5941138 0.6157156 0.6195669 0.6187994 0.6214185 0.6175452 0.6154987
3.4028235E+38 3.4028235E+38 3.4028235E+38 3.4028235E+38 3.4028235E+38 3.4028235E+38 3.4028235E+38 3.4028235E+38 3.4028235E+38 3.4028235E+38 3.4028235E+38 3.4028235E+38 3.4028235E+38 3.4028235E+38 3.4028235E+38 3.4028235E+38 3.4028235E+38 3.4028235E+38 3.4028235E+38 3.4028235E+38 3.4028235E+38 3.4028235E+38 3.4028235E+38 0.3690975 0.3762464 0.3806341 0.3844428 0.3887431 0.3934865 0.3971186 0.4026504 0.4066461 0.4107422 0.4137008 0.4175180 0.4204158 0.4224352 0.4252911 0.4252154 0.4276401 0.4285929 0.4295340 0.4313625 0.4285642 0.4684805 0.5101635 0.5373764 0.5576958 0.5795913 0.5974619 0.6024678 0.5963916 0.5949067 0.5924122 0.5919365
3.4028235E+38 3.4028235E+38 3.4028235E+38 3.4028235E+38 3.4028235E+38 3.4028235E+38 3.4028235E+38 3.4028235E+38 3.4028235E+38 3.4028235E+38 3.4028235E+38 3.4028235E+38 3.4028235E+38 3.4028235E+38 3.4028235E+38 3.4028235E+38 3.4028235E+38 3.4028235E+38 3.4028235E+38 3.4028235E+38 3.4028235E+38 3.4028235E+38 0.3620166 0.3707280 0.3775888 0.3792389 0.3803522 0.3821541 0.3863139 0.3908282 0.3964847 0.4006120 0.4049225 0.4095647 0.4142718 0.4169962 0.4166125 0.4173643 0.4181644 0.4186717 0.4206822 0.4212918 0.4212233 0.4202565 0.4597262 0.5003055 0.5250349 0.5459723 0.5702810 0.5837144 0.5875757 0.5752636 0.5724452 0.5697351 0.5660344
3.4028235E+38 3.4028235E+38 3.4028235E+38 3.4028235E+38 3.4028235E+38 3.4028235E+38 3.4028235E+38 3.4028235E+38 3.4028235E+38 3.4028235E+38 3.4028235E+38 3.4028235E+38 3.4028235E+38 3.4028235E+38 3.4028235E+38 3.4028235E+38 3.4028235E+38 3.4028235E+38 3.4028235E+38 3.4028235E+38 3.4028235E+38 3.4028235E+38 0.3668001 0.3751603 0.3843738 0.3763897 0.3751223 0.3772084 0.3822923 0.3849309 0.3890378 0.3945484 0.3990520 0.4044484 0.4120136 0.4144895 0.4110340 0.4120812 0.4125242 0.4117899 0.4119457 0.4129797 0.4124196 0.4109755 0.4481695 0.4897046 0.5121057 0.5369349 0.5510148 0.5539882 0.5558617 0.5512205 0.5494570 0.5461928 0.5359105
3.4028235E+38 3.4028235E+38 3.4028235E+38 3.4028235E+38 3.4028235E+38 3.4028235E+38 3.4028235E+38 3.4028235E+38 3.4028235E+38 3.4028235E+38 3.4028235E+38 3.4028235E+38 3.4028235E+38 3.4028235E+38 3.4028235E+38 3.4028235E+38 3.4028235E+38 3.4028235E+38 3.4028235E+38 3.4028235E+38 3.4028235E+38 3.4028235E+38 0.3533055 0.3605413 0.3657969 0.3670702 0.3697746 0.3722497 0.3763461 0.3799304 0.3829613 0.3882602 0.3925357 0.3971716 0.4016608 0.4042574 0.4036188 0.4050674 0.4055821 0.4059066 0.4040004 0.4031246 0.4035248 0.4018121 0.4340991 0.4761471 0.4989958 0.5154116 0.5296391 0.5333293 0.5324951 0.5272202 0.5242010 0.5189945 0.5028545
3.4028235E+38 3.4028235E+38 3.4028235E+38 3.4028235E+38 3.4028235E+38 3.4028235E+38 3.4028235E+38 3.4028235E+38 3.4028235E+38 3.4028235E+38 3.4028235E+38 3.4028235E+38 3.4028235E+38 3.4028235E+38 3.4028235E+38 3.4028235E+38 3.4028235E+38 3.4028235E+38 3.4028235E+38 3.4028235E+38 3.4028235E+38 3.4028235E+38 0.3425302 0.3501775 0.3553792 0.3593873 0.3629799 0.3666930 0.3700606 0.3734925 0.3765661 0.3808224 0.3859013 0.3897754 0.3933363 0.3959633 0.3962592 0.3984549 0.4003410 0.3990802 0.3975938 0.3967491 0.3967345 0.3930770 0.3936535 0.4650238 0.4865581 0.5072695 0.5164267 0.5118992 0.5098135 0.5057372 0.5004535 0.4833442 0.4674512
3.4028235E+38 3.4028235E+38 3.4028235E+38 3.4028235E+38 3.4028235E+38 3.4028235E+38 3.4028235E+38 3.4028235E+38 3.4028235E+38 3.4028235E+38 3.4028235E+38 3.4028235E+38 3.4028235E+38 3.4028235E+38 3.4028235E+38 3.4028235E+38 3.4028235E+38 3.4028235E+38 3.4028235E+38 3.4028235E+38 3.4028235E+38 0.3255316 0.3339532 0.3413820 0.3469359 0.3513646 0.3564304 0.3603979 0.3640140 0.3669144 0.3713831 0.3744507 0.3781904 0.3828177 0.3858510 0.3885494 0.3896123 0.3916194 0.3906025 0.3914950 0.3915297 0.3889300 0.3873188 0.3893898 0.3901294 0.4565973 0.4744804 0.4895741 0.4934812 0.4929840 0.4905739 0.4851263 0.4694015 0.4518800 0.4383138
3.4028235E+38 3.4028235E+38 3.4028235E+38 3.4028235E+38 3.4028235E+38 3.4028235E+38 3.4028235E+38 3.4028235E+38 3.4028235E+38 3.4028235E+38 3.4028235E+38 3.4028235E+38 3.4028235E+38 3.4028235E+38 3.4028235E+38 3.4028235E+38 3.4028235E+38 3.4028235E+38 3.4028235E+38 3.4028235E+38 3.4028235E+38 0.3200864 0.3265942 0.3331025 0.3389090 0.3438982 0.3489021 0.3540213 0.3579538 0.3612272 0.3653267 0.3692781 0.3719145 0.3761729 0.3785970 0.3805129 0.3820991 0.3809301 0.3807911 0.3864214 0.3868106 0.3865871 0.3855277 0.3839186 0.3806261 0.4482548 0.4674068 0.4753892 0.4756127 0.4751490 0.4737654 0.4588505 0.4407113 0.4240375 0.4051106
3.4028235E+38 3.4028235E+38 3.4028235E+38 3.4028235E+38 3.4028235E+38 3.4028235E+38 3.4028235E+38 3.4028235E+38 3.4028235E+38 3.4028235E+38 3.4028235E+38 3.4028235E+38 3.4028235E+38 3.4028235E+38 3.4028235E+38 3.4028235E+38 3.4028235E+38 3.4028235E+38 3.4028235E+38 3.4028235E+38 3.4028235E+38 0.3140559 0.3199279 0.3262627 0.3319927 0.3372097 0.3419424 0.3475050 0.3519099 0.3558077 0.3595396 0.3633274 0.3659522 0.3691501 0.3739997 0.3754759 0.3779754 0.3788181 0.3810082 0.3808946 0.3801375 0.3812727 0.3803635 0.3779017 0.3721181 0.4359803 0.4565623 0.4620137 0.4607752 0.4598871 0.4452224 0.4268395 0.4128987 0.3942598 0.3987218
3.4028235E+38 3.4028235E+38 3.4028235E+38 3.4028235E+38 3.4028235E+38 3.4028235E+38 3.4028235E+38 3.4028235E+38 3.4028235E+38 3.4028235E+38 3.4028235E+38 3.4028235E+38 3.4028235E+38 3.4028235E+38 3.4028235E+38 3.4028235E+38 3.4028235E+38 3.4028235E+38 3.4028235E+38 3.4028235E+38 3.4028235E+38 0.3075652 0.3132451 0.3199709 0.3257687 0.3312709 0.3366680 0.3416995 0.3461864 0.3502761 0.3539776 0.3572327 0.3614651 0.3648684 0.3669520 0.3722859 0.3750136 0.3765147 0.3768281 0.3749246 0.3772883 0.3773142 0.3770448 0.3743134 0.3688891 0.4298105 0.4474248 0.4477467 0.4472743 0.4355921 0.4150957 0.3865037 0.3888645 0.3892143 0.4021896
3.4028235E+38 3.4028235E+38 3.4028235E+38 3.4028235E+38 3.4028235E+38 3.4028235E+38 3.4028235E+38 3.4028235E+38 3.4028235E+38 3.4028235E+38 3.4028235E+38 3.4028235E+38 3.4028235E+38 3.4028235E+38 3.4028235E+38 3.4028235E+38 3.4028235E+38 3.4028235E+38 3.4028235E+38 3.4028235E+38 3.4028235E+38 3.4028235E+38 0.3083349 0.3148614 0.3211543 0.3268198 0.3318681 0.3365050 0.3409778 0.3454043 0.3493839 0.3529135 0.3568805 3.4028235E+38 0.3624526 0.3680711 0.3708492 0.3730157 0.3740859 0.3749639 0.3758287 0.3767934 0.3758955 0.3712994 0.3629887 0.4345281 0.4414744 0.4360774 0.4270783 0.4051222 0.3819958 0.3836890 0.3917157 0.3962635 0.4026874
3.4028235E+38 3.4028235E+38 3.4028235E+38 3.4028235E+38 3.4028235E+38 3.4028235E+38 3.4028235E+38 3.4028235E+38 3.4028235E+38 3.4028235E+38 3.4028235E+38 3.4028235E+38 3.4028235E+38 3.4028235E+38 3.4028235E+38 3.4028235E+38 3.4028235E+38 3.4028235E+38 3.4028235E+38 3.4028235E+38 3.4028235E+38 3.4028235E+38 0.3042065 0.3099422 0.3166254 0.3224773 0.3273959 0.3320112 0.3368565 0.3413910 3.4028235E+38 3.4028235E+38 3.4028235E+38 3.4028235E+38 0.3608131 0.3640068 0.3670256 0.3701327 0.3718021 0.3742763 0.3765672 0.3781307 0.3780578 0.3711246 0.3579040 0.4288090 0.4263293 0.4216607 0.3724735 0.3793307 0.3848358 0.3914005 0.3951760 0.3997796 0.4072357
3.4028235E+38 3.4028235E+38 3.4028235E+38 3.4028235E+38 3.4028235E+38 3.4028235E+38 3.4028235E+38 3.4028235E+38 3.4028235E+38 3.4028235E+38 3.4028235E+38 3.4028235E+38 3.4028235E+38 3.4028235E+38 3.4028235E+38 3.4028235E+38 3.4028235E+38 3.4028235E+38 3.4028235E+38 3.4028235E+38 3.4028235E+38 3.4028235E+38 3.4028235E+38 0.3066610 0.3125167 0.3183981 0.3232711 3.4028235E+38 3.4028235E+38 3.4028235E+38 3.4028235E+38 3.4028235E+38 3.4028235E+38 0.3544427 0.3575749 0.3608363 0.3644052 0.3676388 0.3701438 0.3734998 0.3773578 0.3816325 0.3864678 0.3915331 0.3550393 0.4230348 0.4153169 0.3630818 0.3691744 0.3883476 0.4108910 0.3983801 0.3978123 0.4022609 0.4060215
3.4028235E+38 3.4028235E+38 3.4028235E+38 3.4028235E+38 3.4028235E+38 3.4028235E+38 3.4028235E+38 3.4028235E+38 3.4028235E+38 3.4028235E+38 3.4028235E+38 3.4028235E+38 3.4028235E+38 3.4028235E+38 3.4028235E+38 3.4028235E+38 3.4028235E+38 3.4028235E+38 3.4028235E+38 3.4028235E+38 3.4028235E+38 3.4028235E+38 3.4028235E+38 3.4028235E+38 3.4028235E+38 3.4028235E+38 3.4028235E+38 3.4028235E+38 3.4028235E+38 3.4028235E+38 3.4028235E+38 3.4028235E+38 3.4028235E+38 0.3510756 0.3545711 0.3578346 0.3618617 0.3642259 0.3676414 0.3723665 0.3776084 0.3850302 0.3953960 0.4110551 0.4216297 0.4204118 0.3556273 0.3575439 0.3724442 0.3825611 0.3917808 0.3927450 0.3971357 0.4032783 0.4100236
3.4028235E+38 3.4028235E+38 3.4028235E+38 3.4028235E+38 3.4028235E+38 3.4028235E+38 3.4028235E+38 3.4028235E+38 3.4028235E+38 3.4028235E+38 3.4028235E+38 3.4028235E+38 3.4028235E+38 3.4028235E+38 3.4028235E+38 3.4028235E+38 3.4028235E+38 3.4028235E+38 3.4028235E+38 3.4028235E+38 3.4028235E+38 3.4028235E+38 3.4028235E+38 3.4028235E+38 3.4028235E+38 3.4028235E+38 3.4028235E+38 3.4028235E+38 3.4028235E+38 3.4028235E+38 3.4028235E+38 3.4028235E+38 0.4438092 0.3479855 0.3513190 0.3548577 0.3591677 0.3620375 0.3659403 0.3708893 0.3766799 0.3839042 0.4001044 0.4263954 0.4860283 0.3537728 0.3777218 0.3648068 0.3712009 0.3813473 0.3886525 0.3930252 0.3958605 0.4018056 0.4090334
3.4028235E+38 3.4028235E+38 3.4028235E+38 3.4028235E+38 3.4028235E+38 3.4028235E+38 3.4028235E+38 3.4028235E+38 3.4028235E+38 3.4028235E+38 3.4028235E+38 3.4028235E+38 3.4028235E+38 3.4028235E+38 3.4028235E+38 3.4028235E+38 3.4028235E+38 3.4028235E+38 3.4028235E+38 3.4028235E+38 3.4028235E+38 3.4028235E+38 3.4028235E+38 3.4028235E+38 3.4028235E+38 3.4028235E+38 3.4028235E+38 3.4028235E+38 3.4028235E+38 3.4028235E+38 3.4028235E+38 3.4028235E+38 0.3413207 0.3455599 0.3480054 0.3526567 0.3560174 0.3590673 0.3637302 0.3691171 0.3735915 0.3827332 0.3950445 0.4113708 0.3990905 0.3861456 0.3706890 0.3722143 0.3766877 0.3810819 0.3859567 0.3908840 0.3934996 0.3991602 0.4052089
3.4028235E+38 3.4028235E+38 3.4028235E+38 3.4028235E+38 3.4028235E+38 3.4028235E+38 3.4028235E+38 3.4028235E+38 3.4028235E+38 3.4028235E+38 3.4028235E+38 3.4028235E+38 3.4028235E+38 3.4028235E+38 3.4028235E+38 3.4028235E+38 3.4028235E+38 3.4028235E+38 3.4028235E+38 3.4028235E+38 3.4028235E+38 3.4028235E+38 3.4028235E+38 3.4028235E+38 3.4028235E+38 3.4028235E+38 3.4028235E+38 3.4028235E+38 3.4028235E+38 3.4028235E+38 3.4028235E+38 0.3342510 0.3381661 0.4304132 0.3451045 0.3491547 0.3530515 0.3568834 0.3611822 0.3660020 0.3713523 0.3777766 0.3831595 0.3913987 0.3886006 0.3828287 0.3760971 0.3748436 0.3766688 0.3796904 0.3837463 0.3880450 0.3898365 0.3958270 0.4009212
3.4028235E+38 3.4028235E+38 3.4028235E+38 3.4028235E+38 3.4028235E+38 3.4028235E+38 3.4028235E+38 3.4028235E+38 3.4028235E+38 3.4028235E+38 3.4028235E+38 3.4028235E+38 3.4028235E+38 3.4028235E+38 3.4028235E+38 3.4028235E+38 3.4028235E+38 3.4028235E+38 3.4028235E+38 3.4028235E+38 3.4028235E+38 3.4028235E+38 3.4028235E+38 3.4028235E+38 3.4028235E+38 3.4028235E+38 0.3074321 0.3135390 0.3190671 0.3243129 0.3290173 0.3331261 0.3367712 0.3401477 0.3431694 0.3468170 0.3508412 0.3545172 0.3585206 0.3626934 0.3670790 0.3720664 0.3767539 0.3801073 0.3800874 0.3781031 0.3759860 0.3752341 0.3758944 0.3779873 0.3791266 0.3831084 0.3873746 0.3910292 0.3951716
3.4028235E+38 3.4028235E+38 3.4028235E+38 3.4028235E+38 3.4028235E+38 3.4028235E+38 3.4028235E+38 3.4028235E+38 3.4028235E+38 3.4028235E+38 3.4028235E+38 3.4028235E+38 3.4028235E+38 3.4028235E+38 3.4028235E+38 3.4028235E+38 3.4028235E+38 3.4028235E+38 3.4028235E+38 3.4028235E+38 3.4028235E+38 3.4028235E+38 3.4028235E+38 3.4028235E+38 3.4028235E+38 3.4028235E+38 0.3034726 0.3864449 0.3931077 0.3242944 0.3291267 0.3329985 0.3362307 0.3393213 0.3422067 0.3454414 0.3490665 0.3526300 0.3564752 0.3599143 0.3634102 0.3672554 0.3702895 0.3727648 0.3738678 0.3738959 0.3736995 0.3742649 0.3742582 0.3754185 0.3782601 0.3810669 0.3827478 0.3854624 0.3905536
3.4028235E+38 3.4028235E+38 3.4028235E+38 3.4028235E+38 3.4028235E+38 3.4028235E+38 3.4028235E+38 3.4028235E+38 3.4028235E+38 3.4028235E+38 3.4028235E+38 3.4028235E+38 3.4028235E+38 3.4028235E+38 3.4028235E+38 3.4028235E+38 3.4028235E+38 3.4028235E+38 3.4028235E+38 3.4028235E+38 3.4028235E+38 3.4028235E+38 0.3430822 0.3510459 3.4028235E+38 3.4028235E+38 0.3057961 0.3130365 0.3197351 0.3254507 0.3306650 0.3339532 0.3363065 0.3386049 0.3405423 0.3424083 0.3460360 0.3511986 0.3545309 0.3575485 0.3597254 0.3627304 0.3652874 0.3679787 0.3695312 0.3703728 0.3705015 0.3717473 0.3715293 0.3680858 0.3746255 0.3768223 0.3770453 0.3793165 0.3821599
3.4028235E+38 3.4028235E+38 3.4028235E+38 3.4028235E+38 3.4028235E+38 3.4028235E+38 3.4028235E+38 3.4028235E+38 3.4028235E+38 3.4028235E+38 3.4028235E+38 3.4028235E+38 3.4028235E+38 3.4028235E+38 3.4028235E+38 3.4028235E+38 3.4028235E+38 3.4028235E+38 3.4028235E+38 3.4028235E+38 3.4028235E+38 0.3321852 0.2776305 0.2828493 0.2881248 3.4028235E+38 3.4028235E+38 0.3115039 0.3207204 0.3283205 0.3346454 0.3364328 0.3372075 0.3379337 0.3376755 0.3415867 0.3459383 0.3504699 0.3527477 0.3538148 0.3532692 0.3582898 0.3612474 0.3640650 0.3659973 0.3673086 0.3675729 0.3683887 0.3693088 0.3695178 0.3719904 0.3735914 0.3729800 0.3750601 0.3773047
3.4028235E+38 3.4028235E+38 3.4028235E+38 3.4028235E+38 3.4028235E+38 3.4028235E+38 3.4028235E+38 3.4028235E+38 3.4028235E+38 3.4028235E+38 3.4028235E+38 3.4028235E+38 3.4028235E+38 3.4028235E+38 3.4028235E+38 3.4028235E+38 3.4028235E+38 3.4028235E+38 3.4028235E+38 3.4028235E+38 3.4028235E+38 0.3285015 0.2757011 0.2800207 0.2882781 0.2940695 3.4028235E+38 3.4028235E+38 0.3210633 0.3332180 0.3438991 0.3409742 0.3383763 0.3362993 0.3350789 0.3396161 0.3433160 0.3537915 0.3487498 0.3496271 0.3512204 0.3532293 0.3578226 0.3605129 0.3635210 0.3654961 0.3660394 0.3660009 0.3659736 0.3662299 0.3664416 0.3682108 0.3683094 0.3672816 0.3709102
3.4028235E+38 3.4028235E+38 3.4028235E+38 3.4028235E+38 3.4028235E+38 3.4028235E+38 3.4028235E+38 3.4028235E+38 3.4028235E+38 3.4028235E+38 3.4028235E+38 3.4028235E+38 3.4028235E+38 3.4028235E+38 3.4028235E+38 3.4028235E+38 3.4028235E+38 3.4028235E+38 3.4028235E+38 3.4028235E+38 3.4028235E+38 0.3248137 0.2746763 0.2801520 0.2863902 0.2942449 0.3036796 0.3141912 0.3226168 0.3370079 0.3659509 0.3435607 0.3351069 0.3310601 0.3301036 0.3344273 0.3376129 0.3488677 0.3463399 0.3464766 0.3473597 0.3507915 0.3548889 0.3581168 0.3624951 0.3664387 0.3653552 0.3639960 0.3630797 0.3609519 0.3612438 0.3620182 0.3612679 0.3634309 0.3645212
3.4028235E+38 3.4028235E+38 3.4028235E+38 3.4028235E+38 3.4028235E+38 3.4028235E+38 3.4028235E+38 3.4028235E+38 3.4028235E+38 3.4028235E+38 3.4028235E+38 3.4028235E+38 3.4028235E+38 3.4028235E+38 3.4028235E+38 3.4028235E+38 3.4028235E+38 3.4028235E+38 3.4028235E+38 3.4028235E+38 3.4028235E+38 3.4028235E+38 0.2735523 0.2802133 0.2873655 0.2960452 0.3045926 0.3125492 0.3219480 0.3313314 0.3406610 0.3362595 0.3314866 0.3273435 0.3298714 0.3295981 0.3350316 0.3386637 0.3392613 0.3407296 0.3436577 0.3474549 0.3530867 0.3566933 0.3629827 0.3704907 0.3658838 0.3623052 0.3601468 0.3574430 0.3565262 0.3569098 0.3569213 0.3571914 0.3578788
