LUCAS_GEMMES_COP27/includes/subsidence/Scenario_M1/TOT_SUBSIDENCE_2070_SINCE_2018_MKD_ONLY.ASC
NCOLS                318
NROWS                364
XLLCORNER      400000.00
YLLCORNER      907000.00
CELLSIZE         1000.00
NODATA_VALUE    0.3402823E+39
[rows 192 to 215 of 364, columns 110 to 164 of 318]
0.3085612 0.3130272 0.3177413 0.3209782 0.3258692 0.3321725 0.3358384 0.3410901 0.3466710 0.3515321 0.3557273 0.3608381 0.3658348 0.3693603 0.3733452 0.3786147 0.3829094 0.3860378 0.3903315 0.3961928 0.4010576 0.4045601 0.4108897 0.4138409 0.4086891 0.4048515 0.4009670 0.3970242 0.3932684 0.3902661 0.3840230 0.3783382 0.3719913 0.3652210 0.3575602 0.3497674 0.3375587 0.3320771 0.3242171 0.3188417 0.3119475 0.3049538 0.2978550 0.2909510 0.2833233 0.2765375 0.2663394 0.2580959 0.2507071 0.2437769 0.2361138 0.2284675 0.2245910 0.2127442 0.2049738
0.3094403 0.3139153 0.3195302 0.3227857 0.3277202 0.3343278 0.3382477 0.3442220 0.3480352 0.3525240 0.3588981 0.3643385 0.3682764 0.3731330 0.3775222 0.3831266 0.3877690 0.3915759 0.3969318 0.4012164 0.4057910 0.4106458 0.4136949 0.4101704 0.4073958 0.4027520 0.3993875 0.3980590 0.3968727 0.3955718 0.3914206 0.3839257 0.3778060 0.3647816 0.3539646 0.3460934 0.3374384 0.3319448 0.3236567 0.3174604 0.3113817 0.3038800 0.2961913 0.2885258 0.2784530 0.2697668 0.2626786 0.2585761 0.2465937 0.2381794 0.2299432 0.2213152 0.2175237 0.2046917 0.2008051
0.3097021 0.3163065 0.3214221 0.3268254 0.3307886 0.3369595 0.3411973 0.3472168 0.3517436 0.3559538 0.3616260 0.3670487 0.3720734 0.3782517 0.3823272 0.3883399 0.3928641 0.3972827 0.4024603 0.4054704 0.4105179 0.4120899 0.4095189 0.4058995 0.4028704 0.4007703 0.3984969 0.3984310 0.4005557 0.4034579 0.3990222 0.3922796 0.3766266 0.3627413 0.3531433 0.3445626 0.3356122 0.3308449 0.3212811 0.3168378 0.3089764 0.3014310 0.2943319 0.2833182 0.2755188 0.2703765 0.2623142 0.2541084 0.2418908 0.2337942 0.2249298 0.2148369 0.2059420 0.1970645 0.1896790
0.3109147 0.3168750 0.3223354 0.3277798 0.3329545 0.3380975 0.3439018 0.3501281 0.3553464 0.3604150 0.3652683 0.3707978 0.3758871 0.3825656 0.3872586 0.3933430 0.3970313 0.4040049 0.4078939 0.4103000 0.4125427 0.4083448 0.4058413 0.4030948 0.4017983 0.3999037 0.3977212 0.4013237 0.4082062 0.4087595 0.3960471 0.3842087 0.3727453 0.3602894 0.3530601 0.3445990 0.3346058 0.3276273 0.3198626 0.3122745 0.3043880 0.2970343 0.2896402 0.2822602 0.2757052 0.2632530 0.2544072 0.2457321 0.2371570 0.2327636 0.2182934 0.2134660 0.1980959 0.1910353 0.1831704
0.3133321 0.3191163 0.3247755 0.3304293 0.3360535 0.3406552 0.3470747 0.3529159 0.3582349 0.3627838 0.3687873 0.3750644 0.3798823 0.3856867 0.3915520 0.3992058 0.4024102 0.4071817 0.4065191 0.4073144 0.4059678 0.4048002 0.4039097 0.4016639 0.3995693 0.3960270 0.3955747 0.3991598 0.4059953 0.4025473 0.3891705 0.3784509 0.3689681 0.3601666 0.3512498 0.3447981 0.3374717 0.3278639 0.3225218 0.3138298 0.3030754 0.2958421 0.2884024 0.2800830 0.2705848 0.2606920 0.2562889 0.2423088 0.2381213 0.2285867 0.2120758 0.2014503 0.1933220 0.1847614 0.1841324
0.3138582 0.3197475 0.3264906 0.3323598 0.3382736 0.3433310 0.3500150 0.3556215 0.3599671 0.3662945 0.3737594 0.3797184 0.3862268 0.3909722 0.3962978 0.3995337 0.4013472 0.4031851 0.4038948 0.4038893 0.4035515 0.4027209 0.4009217 0.3990452 0.3969883 0.3943301 0.3936836 0.3941468 0.3932788 0.3891720 0.3812513 0.3738573 0.3656532 0.3564346 0.3496699 0.3457251 0.3370067 0.3282211 0.3217477 0.3101301 0.3020460 0.2979132 0.2901428 0.2818086 0.2735984 0.2589799 0.2491224 0.2390019 0.2348410 0.2241977 0.2121511 0.1979806 0.1888515 0.1802913 0.1760161
0.3160449 0.3212040 0.3273336 0.3342771 0.3404230 0.3458214 0.3530979 0.3576846 0.3631023 0.3715336 0.3771477 0.3832290 0.3870676 0.3902309 0.3941025 0.3975334 0.3992686 0.4004725 0.4011084 0.4012461 0.4010609 0.4006964 0.3989355 0.3971025 0.3949953 0.3919967 0.3912610 0.3894079 0.3858503 0.3820419 0.3772866 0.3728487 0.3643214 0.3549699 0.3500540 0.3431225 0.3358062 0.3258743 0.3205013 0.3122535 0.3044710 0.2961364 0.2881146 0.2761835 0.2660540 0.2569106 0.2515455 0.2411553 0.2315910 0.2207007 0.2098729 0.1945418 0.1907933 0.1762287 0.1764401
0.3163839 0.3235230 0.3290502 0.3353368 0.3416663 0.3479170 0.3550949 0.3605409 0.3676172 0.3722402 0.3776534 0.3820275 0.3860668 0.3896506 0.3931802 0.3960593 0.3961430 0.3996153 0.3993830 0.3991299 0.4005705 0.3991328 0.3958622 0.3943143 0.3939733 0.3900907 0.3894107 0.3865118 0.3826385 0.3785765 0.3740885 0.3690379 0.3629550 0.3542857 0.3488655 0.3425823 0.3361313 0.3286546 0.3204077 0.3118584 0.3049053 0.2960848 0.2873086 0.2749014 0.2705738 0.2607550 0.2511582 0.2391320 0.2273769 0.2161221 0.2071292 0.1896046 0.1869706 0.1691262 0.1690760
0.3175536 0.3238291 0.3312526 0.3384553 0.3432040 0.3504240 0.3553967 0.3622871 0.3673716 0.3724975 0.3775615 0.3819642 0.3857903 0.3892043 0.3907903 0.3927020 0.3941590 0.3966067 0.3956853 0.3974339 0.3982972 0.3974351 0.3946404 0.3953832 0.3931191 0.3881902 0.3856787 0.3851441 0.3813966 0.3763851 0.3719355 0.3677802 0.3627826 0.3585769 0.3502113 0.3430040 0.3366704 0.3289329 0.3212892 0.3131469 0.3051127 0.2975149 0.2877150 0.2787104 0.2695209 0.2577845 0.2499933 0.2389511 0.2257760 0.2153195 0.2054291 0.1873058 0.1718045 0.1726073 0.1797354
0.3190212 0.3240156 0.3319416 0.3379096 0.3448700 0.3510010 0.3575627 0.3628541 0.3678913 0.3728324 0.3777952 0.3821889 0.3857768 0.3877569 0.3899643 0.3935208 0.3933163 0.3959852 0.3970054 0.3973764 0.3970834 0.3951991 0.3941145 0.3949326 0.3921553 0.3890612 0.3842856 0.3823306 0.3783150 0.3744266 0.3696884 0.3650375 0.3598346 0.3581227 0.3516486 0.3443038 0.3370177 0.3298081 0.3242481 0.3151378 0.3055534 0.2975876 0.2890357 0.2792105 0.2697126 0.2589182 0.2493149 0.2312832 0.2185892 0.2098362 0.1986293 0.1870092 0.1747957 0.1809409 0.1866104
0.3188034 0.3264727 0.3337574 0.3404694 0.3461949 0.3533448 0.3588703 0.3643942 0.3690847 0.3734241 0.3770757 0.3814123 0.3847632 0.3875761 0.3904020 0.3924882 0.3921380 0.3951442 0.3962938 0.3971045 0.3978976 0.3949608 0.3964327 0.3947009 0.3919372 0.3872849 0.3845462 0.3837596 0.3777578 0.3744428 0.3698276 0.3639316 0.3588547 0.3550381 0.3499278 0.3413610 0.3345123 0.3275559 0.3206627 0.3119121 0.3024907 0.2937760 0.2860108 0.2757801 0.2650860 0.2539310 0.2491647 0.2302768 0.2247951 0.2091535 0.1984636 0.1960989 0.1884522 0.1867172 0.2021997
0.3222536 0.3291072 0.3359829 0.3425549 0.3483816 0.3539065 0.3590519 0.3639116 0.3680985 0.3725749 0.3768578 0.3828782 0.3863672 0.3888648 0.3900931 0.3920786 0.3923893 0.3937318 0.3964300 0.3971707 0.3971609 0.3963248 0.3955240 0.3938985 0.3917167 0.3875783 0.3875073 0.3838679 0.3795018 0.3760497 0.3718302 0.3643544 0.3601913 0.3555865 0.3482738 0.3418604 0.3357645 0.3296262 0.3216282 0.3129259 0.3094482 0.2999411 0.2918704 0.2820632 0.2718381 0.2551241 0.2440980 0.2310622 0.2189963 0.2094711 0.1993410 0.1930369 0.1904300 0.1935302 0.2096787
0.3257191 0.3323495 0.3387195 0.3448223 0.3518166 0.3564596 0.3617260 0.3676456 0.3712424 0.3750927 0.3793696 0.3841803 0.3874013 0.3900115 0.3909676 0.3938842 0.3957835 0.3955750 0.3978069 0.3980533 0.3977084 0.3970887 0.3960363 0.3944350 0.3903910 0.3894362 0.3888583 0.3857587 0.3810126 0.3783373 0.3742120 0.3690127 0.3641786 0.3585060 0.3490786 0.3440765 0.3422571 0.3366623 0.3269742 0.3147033 0.3107998 0.3019733 0.2948303 0.2854821 0.2750089 0.2640475 0.2524514 0.2401828 0.2289657 0.2185536 0.2085321 0.1995908 0.1950936 0.2007861 0.2078436
0.3291773 0.3354520 0.3414047 0.3472159 0.3531366 0.3598019 0.3639427 0.3686703 0.3737293 0.3773488 0.3814582 0.3856109 0.3880328 0.3905548 0.3930187 0.3967628 0.3976746 0.3968030 0.3973780 0.3973924 0.3968879 0.3964009 0.3954722 0.3956994 0.3918578 0.3923926 0.3905745 0.3871476 0.3834794 0.3798058 0.3758964 0.3715217 0.3665278 0.3608734 0.3554331 0.3505462 0.3450640 0.3377646 0.3290325 0.3165771 0.3088239 0.3032377 0.2910658 0.2815374 0.2701831 0.2606360 0.2481121 0.2339351 0.2246158 0.2134342 0.1998807 0.1959724 0.2031885 0.2171506 0.2150040
0.3327054 0.3386062 0.3443731 0.3499491 0.3557307 0.3624745 0.3674542 0.3710352 0.3746955 0.3796096 0.3835820 0.3872366 0.3900040 0.3909502 0.3938369 0.3969805 0.3976106 0.3983231 0.3986117 0.4003786 0.4001992 0.3998090 0.3971956 0.3951925 0.3957507 0.3944013 0.3917443 0.3887969 0.3849356 0.3814908 0.3779755 0.3737438 0.3692930 0.3637386 0.3571252 0.3523685 0.3473938 0.3406208 0.3328858 0.3240351 0.3117352 0.3024062 0.2937224 0.2908598 0.2789424 0.2704054 0.2575001 0.2439347 0.2352679 0.2237632 0.2149836 0.2171278 0.2201001 0.2165664 0.2215660
0.3362372 0.3416794 0.3474066 0.3531917 0.3588921 0.3653324 0.3701671 0.3746893 0.3769196 0.3803025 0.3843097 0.3881056 0.3911452 0.3934943 0.3975172 0.3994174 0.4008515 0.4018373 0.4003491 0.4023377 0.4022718 0.4026227 0.3992259 0.3969485 0.3952135 0.3956369 0.3938617 0.3909472 0.3868803 0.3833437 0.3809662 0.3765862 0.3724008 0.3662199 0.3591893 0.3543672 0.3499677 0.3433753 0.3361824 0.3277434 0.3194087 0.3106993 0.3033397 0.2965099 0.2847239 0.2732839 0.2619402 0.2498489 0.2391357 0.2186480 0.2137044 0.2187273 0.2219711 0.2247344 0.2299142
0.3399700 0.3456074 0.3513259 0.3572294 0.3623129 0.3665037 0.3712675 0.3773603 0.3814941 0.3829377 0.3871822 0.3922964 0.3950641 0.3979127 0.4001147 0.4019737 0.4032074 0.4039919 0.4026272 0.4048143 0.4047400 0.4044617 0.4013177 0.4018351 0.3979071 0.3982299 0.3952502 0.3922937 0.3876748 0.3836405 0.3807156 0.3768939 0.3719538 0.3662208 0.3603539 0.3550454 0.3497984 0.3436851 0.3364647 0.3278894 0.3192511 0.3116433 0.3036764 0.2945458 0.2830675 0.2708101 0.2587134 0.2464180 0.2346337 0.2261044 0.2339727 0.2350785 0.2367496 0.2334329 0.2384104
0.3436341 0.3494824 0.3556944 0.3611210 0.3658472 0.3698019 0.3745058 0.3795126 0.3836517 0.3870385 0.3907155 0.3938297 0.3981055 0.4007095 0.4030672 0.4048482 0.4059529 0.4070160 0.4057506 0.4056003 0.4077513 0.4068225 0.4038271 0.4057881 0.4016326 0.3983436 0.3955377 0.3928750 0.3911617 0.3900947 0.3864508 0.3829198 0.3789027 0.3726439 0.3675299 0.3627477 0.3539107 0.3506441 0.3439702 0.3371193 0.3306777 0.3239222 0.3150852 0.3061363 0.2949814 0.2827568 0.2716095 0.2587459 0.2452943 0.2403215 0.2428485 0.2375123 0.2400074 0.2436470 0.2566888
0.3482068 0.3539135 0.3595378 0.3646178 0.3693988 0.3742515 0.3803177 0.3847255 0.3887571 0.3925343 0.3959597 0.3972792 0.3994337 0.4022952 0.4048099 0.4065754 0.4077840 0.4085808 0.4088342 0.4088754 0.4094341 0.4079915 0.4067208 0.4082523 0.4073521 0.4042256 0.3992674 0.3990835 0.3939210 0.3908489 0.3871998 0.3832565 0.3802413 0.3775077 0.3686404 0.3638071 0.3577351 0.3510360 0.3438641 0.3366852 0.3306578 0.3237430 0.3141594 0.3112278 0.3010816 0.2889153 0.2773520 0.2591283 0.2465233 0.2460572 0.2470375 0.2498569 0.2599000 0.2623378 0.2680984
0.3537052 0.3593153 0.3639983 0.3688302 0.3736013 0.3785745 0.3833362 0.3891857 0.3926250 0.3961859 0.3992348 0.4010212 0.4037356 0.4076410 0.4096776 0.4117737 0.4129893 0.4133962 0.4135492 0.4134724 0.4139099 0.4135661 0.4102973 0.4112952 0.4097921 0.4083647 0.4064080 0.4039752 0.4011897 0.3950256 0.3913355 0.3871043 0.3828309 0.3784454 0.3745806 0.3734381 0.3628833 0.3564795 0.3541344 0.3476317 0.3371397 0.3300899 0.3198327 0.3119672 0.3029406 0.2900150 0.2786300 0.2672822 0.2659354 0.2593935 0.2595061 0.2690666 0.2709566 0.2722822 0.2746722
0.3588027 0.3644408 0.3689748 0.3738711 0.3788055 0.3835859 0.3871190 0.3926147 0.3971711 0.4006386 0.4032246 0.4060281 0.4075953 0.4089540 0.4136468 0.4157701 0.4169948 0.4160195 0.4180468 0.4179763 0.4179243 0.4179763 0.4144657 0.4128305 0.4109299 0.4116114 0.4104450 0.4086133 0.4058773 0.4030616 0.3994712 0.3921176 0.3878065 0.3878247 0.3846036 0.3793793 0.3733474 0.3628761 0.3565975 0.3555448 0.3493339 0.3420027 0.3341191 0.3206519 0.3109203 0.3064573 0.2894004 0.2841659 0.2816153 0.2797133 0.2792246 0.2798574 0.2813444 0.2821730 0.2835730
0.3648293 0.3697206 0.3740583 0.3788134 0.3841003 0.3886544 0.3916951 0.3965215 0.4003422 0.4044156 0.4080265 0.4109083 0.4134133 0.4143853 0.4168548 0.4184037 0.4195615 0.4188060 0.4203221 0.4206695 0.4204430 0.4198499 0.4185855 0.4175428 0.4166740 0.4163162 0.4145129 0.4132745 0.4111665 0.4092085 0.4052829 0.4020395 0.3938946 0.3896426 0.3891634 0.3856831 0.3803869 0.3750901 0.3654632 0.3586748 0.3569808 0.3504367 0.3429411 0.3346913 0.3250396 0.3161500 0.3077568 0.2984516 0.2961775 0.2946702 0.2901418 0.2915867 0.2917215 0.2913807 0.2920085
0.3704863 0.3748288 0.3793033 0.3842206 0.3892921 0.3939478 0.3982200 0.4027577 0.4068536 0.4089684 0.4122124 0.4155088 0.4184258 0.4213716 0.4214453 0.4228526 0.4258031 0.4263469 0.4269418 0.4274026 0.4271330 0.4262543 0.4237433 0.4248581 0.4198757 0.4178542 0.4185477 0.4180565 0.4155069 0.4127909 0.4106486 0.4082832 0.4045811 0.3962197 0.3941166 0.3930313 0.3881816 0.3831266 0.3783445 0.3664721 0.3605881 0.3590475 0.3519229 0.3448236 0.3362128 0.3272692 0.3160416 0.3118110 0.3069018 0.3066221 0.3009537 0.3017486 0.3011657 0.2996294 0.2987280
0.3765152 0.3808861 0.3854255 0.3902189 0.3954416 0.3996549 0.4034955 0.4071344 0.4114087 0.4146250 0.4178742 0.4205036 0.4239827 0.4266482 0.4262972 0.4276114 0.4309414 0.4317734 0.4322808 0.4326371 0.4319446 0.4317346 0.4287823 0.4283136 0.4262482 0.4246024 0.4273577 0.4252441 0.4230568 0.4214596 0.4176619 0.4147173 0.4104188 0.4069661 0.3997751 0.3953357 0.3974383 0.3914706 0.3855404 0.3790841 0.3683981 0.3620427 0.3622649 0.3567063 0.3485446 0.3391779 0.3322234 0.3231027 0.3175908 0.3177840 0.3145598 0.3109298 0.3093327 0.3075227 0.2984496
