LUCAS_GEMMES_COP27/includes/subsidence/Scenario_M1/TOT_SUBSIDENCE_2070_SINCE_2018_MKD_ONLY.ASC
NCOLS                318
NROWS                364
XLLCORNER      400000.00
YLLCORNER      907000.00
CELLSIZE         1000.00
NODATA_VALUE    0.3402823E+39
[rows 288 to 311 of 364, columns 55 to 109 of 318]
3.4028235E+38 3.4028235E+38 3.4028235E+38 3.4028235E+38 3.4028235E+38 3.4028235E+38 3.4028235E+38 3.4028235E+38 3.4028235E+38 3.4028235E+38 3.4028235E+38 3.4028235E+38 3.4028235E+38 3.4028235E+38 3.4028235E+38 3.4028235E+38 3.4028235E+38 3.4028235E+38 3.4028235E+38 3.4028235E+38 3.4028235E+38 3.4028235E+38 3.4028235E+38 0.1760864 0.1788824 0.1812363 0.1835095 0.1857727 0.1880533 0.1901183 0.1916613 0.1933016 0.1949578 0.1966689 0.1981948 0.1995668 0.2012583 0.2020560 0.2024119 0.2031611 0.2043561 0.2049093 0.2052229 0.2045614 0.2234294 0.2420228 0.2530702 0.2611502 0.2712414 0.2798790 0.2815884 0.2817392 0.2832583 0.2822629 0.2817701
3.4028235E+38 3.4028235E+38 3.4028235E+38 3.4028235E+38 3.4028235E+38 3.4028235E+38 3.4028235E+38 3.4028235E+38 3.4028235E+38 3.4028235E+38 3.4028235E+38 3.4028235E+38 3.4028235E+38 3.4028235E+38 3.4028235E+38 3.4028235E+38 3.4028235E+38 3.4028235E+38 3.4028235E+38 3.4028235E+38 3.4028235E+38 3.4028235E+38 3.4028235E+38 0.1755542 0.1783346 0.1802930 0.1820641 0.1839592 0.1859520 0.1874755 0.1897844 0.1915049 0.1932146 0.1944003 0.1959935 0.1971807 0.1982003 0.1995053 0.1996046 0.2006211 0.2009794 0.2012665 0.2018038 0.2007379 0.2188456 0.2376113 0.2486823 0.2565988 0.2650949 0.2719289 0.2741212 0.2724538 0.2726354 0.2722198 0.2724957
3.4028235E+38 3.4028235E+38 3.4028235E+38 3.4028235E+38 3.4028235E+38 3.4028235E+38 3.4028235E+38 3.4028235E+38 3.4028235E+38 3.4028235E+38 3.4028235E+38 3.4028235E+38 3.4028235E+38 3.4028235E+38 3.4028235E+38 3.4028235E+38 3.4028235E+38 3.4028235E+38 3.4028235E+38 3.4028235E+38 3.4028235E+38 3.4028235E+38 0.1724841 0.1755331 0.1781252 0.1793825 0.1802087 0.1814024 0.1832224 0.1851763 0.1874797 0.1890970 0.1907621 0.1926598 0.1945186 0.1956692 0.1958762 0.1963715 0.1968161 0.1970911 0.1978734 0.1980426 0.1979012 0.1974416 0.2153383 0.2336664 0.2433171 0.2514865 0.2609026 0.2659502 0.2668791 0.2638135 0.2636409 0.2632782 0.2621557
3.4028235E+38 3.4028235E+38 3.4028235E+38 3.4028235E+38 3.4028235E+38 3.4028235E+38 3.4028235E+38 3.4028235E+38 3.4028235E+38 3.4028235E+38 3.4028235E+38 3.4028235E+38 3.4028235E+38 3.4028235E+38 3.4028235E+38 3.4028235E+38 3.4028235E+38 3.4028235E+38 3.4028235E+38 3.4028235E+38 3.4028235E+38 3.4028235E+38 0.1734124 0.1763546 0.1796792 0.1780731 0.1783160 0.1795473 0.1818097 0.1829991 0.1847205 0.1869068 0.1885835 0.1907697 0.1934203 0.1945139 0.1936478 0.1942529 0.1945768 0.1943650 0.1944403 0.1947972 0.1944652 0.1937627 0.2106606 0.2294236 0.2378699 0.2469226 0.2529835 0.2546186 0.2556633 0.2547065 0.2548114 0.2541242 0.2497807
3.4028235E+38 3.4028235E+38 3.4028235E+38 3.4028235E+38 3.4028235E+38 3.4028235E+38 3.4028235E+38 3.4028235E+38 3.4028235E+38 3.4028235E+38 3.4028235E+38 3.4028235E+38 3.4028235E+38 3.4028235E+38 3.4028235E+38 3.4028235E+38 3.4028235E+38 3.4028235E+38 3.4028235E+38 3.4028235E+38 3.4028235E+38 3.4028235E+38 0.1693015 0.1718848 0.1739095 0.1749567 0.1764948 0.1776682 0.1796564 0.1812463 0.1824934 0.1846198 0.1862791 0.1879319 0.1896551 0.1909235 0.1908918 0.1917217 0.1920109 0.1921730 0.1913759 0.1909398 0.1909731 0.1901302 0.2047929 0.2237850 0.2324493 0.2386879 0.2443552 0.2466228 0.2470202 0.2455921 0.2450764 0.2431701 0.2358766
3.4028235E+38 3.4028235E+38 3.4028235E+38 3.4028235E+38 3.4028235E+38 3.4028235E+38 3.4028235E+38 3.4028235E+38 3.4028235E+38 3.4028235E+38 3.4028235E+38 3.4028235E+38 3.4028235E+38 3.4028235E+38 3.4028235E+38 3.4028235E+38 3.4028235E+38 3.4028235E+38 3.4028235E+38 3.4028235E+38 3.4028235E+38 3.4028235E+38 0.1657868 0.1685534 0.1707363 0.1725344 0.1741092 0.1758945 0.1774314 0.1789648 0.1802253 0.1819174 0.1839659 0.1855463 0.1869677 0.1880440 0.1882651 0.1891864 0.1899514 0.1895742 0.1889232 0.1884816 0.1883303 0.1866637 0.1868264 0.2194843 0.2275895 0.2353322 0.2391056 0.2381185 0.2381948 0.2373599 0.2359030 0.2282566 0.2209260
3.4028235E+38 3.4028235E+38 3.4028235E+38 3.4028235E+38 3.4028235E+38 3.4028235E+38 3.4028235E+38 3.4028235E+38 3.4028235E+38 3.4028235E+38 3.4028235E+38 3.4028235E+38 3.4028235E+38 3.4028235E+38 3.4028235E+38 3.4028235E+38 3.4028235E+38 3.4028235E+38 3.4028235E+38 3.4028235E+38 3.4028235E+38 0.1601694 0.1630157 0.1658083 0.1679020 0.1697259 0.1719710 0.1734159 0.1752609 0.1765459 0.1784637 0.1796670 0.1812031 0.1831071 0.1843432 0.1854515 0.1858744 0.1867687 0.1863901 0.1866910 0.1866198 0.1854675 0.1846548 0.1852921 0.1853902 0.2161684 0.2225809 0.2280471 0.2302789 0.2307697 0.2306906 0.2293034 0.2223155 0.2144469 0.2082075
3.4028235E+38 3.4028235E+38 3.4028235E+38 3.4028235E+38 3.4028235E+38 3.4028235E+38 3.4028235E+38 3.4028235E+38 3.4028235E+38 3.4028235E+38 3.4028235E+38 3.4028235E+38 3.4028235E+38 3.4028235E+38 3.4028235E+38 3.4028235E+38 3.4028235E+38 3.4028235E+38 3.4028235E+38 3.4028235E+38 3.4028235E+38 0.1583393 0.1606291 0.1630875 0.1653786 0.1672781 0.1693964 0.1714282 0.1731443 0.1746234 0.1763155 0.1779333 0.1790136 0.1807415 0.1816116 0.1824853 0.1831372 0.1834744 0.1826729 0.1846848 0.1847733 0.1846313 0.1840032 0.1831296 0.1814485 0.2126433 0.2189662 0.2220294 0.2231959 0.2238827 0.2241230 0.2176705 0.2093779 0.2021222 0.1935550
3.4028235E+38 3.4028235E+38 3.4028235E+38 3.4028235E+38 3.4028235E+38 3.4028235E+38 3.4028235E+38 3.4028235E+38 3.4028235E+38 3.4028235E+38 3.4028235E+38 3.4028235E+38 3.4028235E+38 3.4028235E+38 3.4028235E+38 3.4028235E+38 3.4028235E+38 3.4028235E+38 3.4028235E+38 3.4028235E+38 3.4028235E+38 0.1563368 0.1584986 0.1607729 0.1629590 0.1651259 0.1669100 0.1692860 0.1710633 0.1727299 0.1742695 0.1758078 0.1768831 0.1781451 0.1801199 0.1807283 0.1817304 0.1819597 0.1829154 0.1828030 0.1823827 0.1826362 0.1819628 0.1807387 0.1788552 0.2082684 0.2142662 0.2169107 0.2173828 0.2179371 0.2116271 0.2032835 0.1970185 0.1887470 0.1907495
3.4028235E+38 3.4028235E+38 3.4028235E+38 3.4028235E+38 3.4028235E+38 3.4028235E+38 3.4028235E+38 3.4028235E+38 3.4028235E+38 3.4028235E+38 3.4028235E+38 3.4028235E+38 3.4028235E+38 3.4028235E+38 3.4028235E+38 3.4028235E+38 3.4028235E+38 3.4028235E+38 3.4028235E+38 3.4028235E+38 3.4028235E+38 0.1540750 0.1563461 0.1588535 0.1610584 0.1630167 0.1652282 0.1673025 0.1691041 0.1707726 0.1722229 0.1734516 0.1752383 0.1766530 0.1773396 0.1793745 0.1806920 0.1813279 0.1814330 0.1806295 0.1821489 0.1812024 0.1807283 0.1791859 0.1766727 0.2046437 0.2103028 0.2114120 0.2122163 0.2072687 0.1977943 0.1847281 0.1860034 0.1863923 0.1919384
3.4028235E+38 3.4028235E+38 3.4028235E+38 3.4028235E+38 3.4028235E+38 3.4028235E+38 3.4028235E+38 3.4028235E+38 3.4028235E+38 3.4028235E+38 3.4028235E+38 3.4028235E+38 3.4028235E+38 3.4028235E+38 3.4028235E+38 3.4028235E+38 3.4028235E+38 3.4028235E+38 3.4028235E+38 3.4028235E+38 3.4028235E+38 3.4028235E+38 0.1547212 0.1571026 0.1594671 0.1616480 0.1636187 0.1654884 0.1672710 0.1690425 0.1706506 0.1719921 0.1736208 3.4028235E+38 0.1757377 0.1780912 0.1792578 0.1801048 0.1804198 0.1807911 0.1810029 0.1811631 0.1804487 0.1780870 0.1741354 0.2050956 0.2076480 0.2070468 0.2033814 0.1927651 0.1820994 0.1830004 0.1867509 0.1889360 0.1918898
3.4028235E+38 3.4028235E+38 3.4028235E+38 3.4028235E+38 3.4028235E+38 3.4028235E+38 3.4028235E+38 3.4028235E+38 3.4028235E+38 3.4028235E+38 3.4028235E+38 3.4028235E+38 3.4028235E+38 3.4028235E+38 3.4028235E+38 3.4028235E+38 3.4028235E+38 3.4028235E+38 3.4028235E+38 3.4028235E+38 3.4028235E+38 3.4028235E+38 0.1533495 0.1554948 0.1579721 0.1600834 0.1620498 0.1639325 0.1657898 0.1675720 3.4028235E+38 3.4028235E+38 3.4028235E+38 3.4028235E+38 0.1751089 0.1767108 0.1779170 0.1791342 0.1796318 0.1806988 0.1814763 0.1818054 0.1815924 0.1781114 0.1718218 0.2023018 0.2024373 0.2012871 0.1778788 0.1802208 0.1821083 0.1854480 0.1877546 0.1898961 0.1941594
3.4028235E+38 3.4028235E+38 3.4028235E+38 3.4028235E+38 3.4028235E+38 3.4028235E+38 3.4028235E+38 3.4028235E+38 3.4028235E+38 3.4028235E+38 3.4028235E+38 3.4028235E+38 3.4028235E+38 3.4028235E+38 3.4028235E+38 3.4028235E+38 3.4028235E+38 3.4028235E+38 3.4028235E+38 3.4028235E+38 3.4028235E+38 3.4028235E+38 3.4028235E+38 0.1543687 0.1565281 0.1586848 0.1606146 3.4028235E+38 3.4028235E+38 3.4028235E+38 3.4028235E+38 3.4028235E+38 3.4028235E+38 0.1727789 0.1741066 0.1756031 0.1770281 0.1783151 0.1791721 0.1806138 0.1820932 0.1835931 0.1854709 0.1876011 0.1701383 0.1992966 0.1983455 0.1740203 0.1761435 0.1827808 0.1900726 0.1875550 0.1886265 0.1916615 0.1935267
3.4028235E+38 3.4028235E+38 3.4028235E+38 3.4028235E+38 3.4028235E+38 3.4028235E+38 3.4028235E+38 3.4028235E+38 3.4028235E+38 3.4028235E+38 3.4028235E+38 3.4028235E+38 3.4028235E+38 3.4028235E+38 3.4028235E+38 3.4028235E+38 3.4028235E+38 3.4028235E+38 3.4028235E+38 3.4028235E+38 3.4028235E+38 3.4028235E+38 3.4028235E+38 3.4028235E+38 3.4028235E+38 3.4028235E+38 3.4028235E+38 3.4028235E+38 3.4028235E+38 3.4028235E+38 3.4028235E+38 3.4028235E+38 3.4028235E+38 0.1715105 0.1731548 0.1745316 0.1761407 0.1769553 0.1784920 0.1803494 0.1824149 0.1853472 0.1894778 0.1960014 0.1970378 0.1972198 0.1707541 0.1716618 0.1777393 0.1813529 0.1848933 0.1861378 0.1886113 0.1922208 0.1951294
3.4028235E+38 3.4028235E+38 3.4028235E+38 3.4028235E+38 3.4028235E+38 3.4028235E+38 3.4028235E+38 3.4028235E+38 3.4028235E+38 3.4028235E+38 3.4028235E+38 3.4028235E+38 3.4028235E+38 3.4028235E+38 3.4028235E+38 3.4028235E+38 3.4028235E+38 3.4028235E+38 3.4028235E+38 3.4028235E+38 3.4028235E+38 3.4028235E+38 3.4028235E+38 3.4028235E+38 3.4028235E+38 3.4028235E+38 3.4028235E+38 3.4028235E+38 3.4028235E+38 3.4028235E+38 3.4028235E+38 3.4028235E+38 0.2003705 0.1702939 0.1719911 0.1733955 0.1751616 0.1762851 0.1779227 0.1798812 0.1829373 0.1850161 0.1912678 0.2012823 0.2233523 0.1686832 0.1808405 0.1750053 0.1777168 0.1816680 0.1846492 0.1869393 0.1892528 0.1918954 0.1948777
3.4028235E+38 3.4028235E+38 3.4028235E+38 3.4028235E+38 3.4028235E+38 3.4028235E+38 3.4028235E+38 3.4028235E+38 3.4028235E+38 3.4028235E+38 3.4028235E+38 3.4028235E+38 3.4028235E+38 3.4028235E+38 3.4028235E+38 3.4028235E+38 3.4028235E+38 3.4028235E+38 3.4028235E+38 3.4028235E+38 3.4028235E+38 3.4028235E+38 3.4028235E+38 3.4028235E+38 3.4028235E+38 3.4028235E+38 3.4028235E+38 3.4028235E+38 3.4028235E+38 3.4028235E+38 3.4028235E+38 3.4028235E+38 0.1679577 0.1696525 0.1706659 0.1725887 0.1738684 0.1752438 0.1771052 0.1792284 0.1809971 0.1844669 0.1889960 0.1953831 0.1890458 0.1840833 0.1776162 0.1784016 0.1804674 0.1822677 0.1843539 0.1865260 0.1887667 0.1912021 0.1929333
3.4028235E+38 3.4028235E+38 3.4028235E+38 3.4028235E+38 3.4028235E+38 3.4028235E+38 3.4028235E+38 3.4028235E+38 3.4028235E+38 3.4028235E+38 3.4028235E+38 3.4028235E+38 3.4028235E+38 3.4028235E+38 3.4028235E+38 3.4028235E+38 3.4028235E+38 3.4028235E+38 3.4028235E+38 3.4028235E+38 3.4028235E+38 3.4028235E+38 3.4028235E+38 3.4028235E+38 3.4028235E+38 3.4028235E+38 3.4028235E+38 3.4028235E+38 3.4028235E+38 3.4028235E+38 3.4028235E+38 0.1651054 0.1666931 0.1963179 0.1695723 0.1712262 0.1728181 0.1743831 0.1761135 0.1780239 0.1801011 0.1825219 0.1843707 0.1872325 0.1857714 0.1832666 0.1805537 0.1801915 0.1810334 0.1824024 0.1840285 0.1859210 0.1870259 0.1902934 0.1916443
3.4028235E+38 3.4028235E+38 3.4028235E+38 3.4028235E+38 3.4028235E+38 3.4028235E+38 3.4028235E+38 3.4028235E+38 3.4028235E+38 3.4028235E+38 3.4028235E+38 3.4028235E+38 3.4028235E+38 3.4028235E+38 3.4028235E+38 3.4028235E+38 3.4028235E+38 3.4028235E+38 3.4028235E+38 3.4028235E+38 3.4028235E+38 3.4028235E+38 3.4028235E+38 3.4028235E+38 3.4028235E+38 3.4028235E+38 0.1547993 0.1570319 0.1590778 0.1610518 0.1628676 0.1645102 0.1660162 0.1674378 0.1687330 0.1702488 0.1718948 0.1734082 0.1750382 0.1767145 0.1784345 0.1803230 0.1820179 0.1831185 0.1829022 0.1819002 0.1809958 0.1807345 0.1812558 0.1822295 0.1828796 0.1853873 0.1872427 0.1888444 0.1905923
3.4028235E+38 3.4028235E+38 3.4028235E+38 3.4028235E+38 3.4028235E+38 3.4028235E+38 3.4028235E+38 3.4028235E+38 3.4028235E+38 3.4028235E+38 3.4028235E+38 3.4028235E+38 3.4028235E+38 3.4028235E+38 3.4028235E+38 3.4028235E+38 3.4028235E+38 3.4028235E+38 3.4028235E+38 3.4028235E+38 3.4028235E+38 3.4028235E+38 3.4028235E+38 3.4028235E+38 3.4028235E+38 3.4028235E+38 0.1532471 0.1802282 0.1825800 0.1607852 0.1626335 0.1642063 0.1655935 0.1669423 0.1682098 0.1695854 0.1710853 0.1725609 0.1740715 0.1755325 0.1769825 0.1784506 0.1795898 0.1804478 0.1807637 0.1806038 0.1805060 0.1808876 0.1810065 0.1816474 0.1828437 0.1841966 0.1858532 0.1871034 0.1892230
3.4028235E+38 3.4028235E+38 3.4028235E+38 3.4028235E+38 3.4028235E+38 3.4028235E+38 3.4028235E+38 3.4028235E+38 3.4028235E+38 3.4028235E+38 3.4028235E+38 3.4028235E+38 3.4028235E+38 3.4028235E+38 3.4028235E+38 3.4028235E+38 3.4028235E+38 3.4028235E+38 3.4028235E+38 3.4028235E+38 3.4028235E+38 3.4028235E+38 0.1652154 0.1679573 3.4028235E+38 3.4028235E+38 0.1538812 0.1562545 0.1587961 0.1608492 0.1628019 0.1642022 0.1653317 0.1664480 0.1674016 0.1682883 0.1697734 0.1718145 0.1731095 0.1745038 0.1753424 0.1767038 0.1776936 0.1786755 0.1791247 0.1793865 0.1796303 0.1802034 0.1802900 0.1799756 0.1818687 0.1829131 0.1840284 0.1851242 0.1856524
3.4028235E+38 3.4028235E+38 3.4028235E+38 3.4028235E+38 3.4028235E+38 3.4028235E+38 3.4028235E+38 3.4028235E+38 3.4028235E+38 3.4028235E+38 3.4028235E+38 3.4028235E+38 3.4028235E+38 3.4028235E+38 3.4028235E+38 3.4028235E+38 3.4028235E+38 3.4028235E+38 3.4028235E+38 3.4028235E+38 3.4028235E+38 0.1613801 0.1438202 0.1456712 0.1475272 3.4028235E+38 3.4028235E+38 0.1555468 0.1587884 0.1614006 0.1636621 0.1646297 0.1653150 0.1659490 0.1661573 0.1685795 0.1702716 0.1712094 0.1721885 0.1730298 0.1729525 0.1749832 0.1761277 0.1771269 0.1777207 0.1782555 0.1786318 0.1790126 0.1795399 0.1799525 0.1811176 0.1819728 0.1820150 0.1838242 0.1849159
3.4028235E+38 3.4028235E+38 3.4028235E+38 3.4028235E+38 3.4028235E+38 3.4028235E+38 3.4028235E+38 3.4028235E+38 3.4028235E+38 3.4028235E+38 3.4028235E+38 3.4028235E+38 3.4028235E+38 3.4028235E+38 3.4028235E+38 3.4028235E+38 3.4028235E+38 3.4028235E+38 3.4028235E+38 3.4028235E+38 3.4028235E+38 0.1601025 0.1430537 0.1445737 0.1482833 0.1494258 3.4028235E+38 3.4028235E+38 0.1584361 0.1625277 0.1660314 0.1656604 0.1653749 0.1651255 0.1650441 0.1676802 0.1682044 0.1717863 0.1705721 0.1713620 0.1729730 0.1730318 0.1747554 0.1757594 0.1768702 0.1774666 0.1779568 0.1781286 0.1783857 0.1787500 0.1792319 0.1800646 0.1805034 0.1804064 0.1828068
3.4028235E+38 3.4028235E+38 3.4028235E+38 3.4028235E+38 3.4028235E+38 3.4028235E+38 3.4028235E+38 3.4028235E+38 3.4028235E+38 3.4028235E+38 3.4028235E+38 3.4028235E+38 3.4028235E+38 3.4028235E+38 3.4028235E+38 3.4028235E+38 3.4028235E+38 3.4028235E+38 3.4028235E+38 3.4028235E+38 3.4028235E+38 0.1588228 0.1425875 0.1444956 0.1466388 0.1493128 0.1524951 0.1559641 0.1586312 0.1631448 0.1719173 0.1658959 0.1638651 0.1630214 0.1630623 0.1656603 0.1660781 0.1700678 0.1697518 0.1701659 0.1707001 0.1720376 0.1735265 0.1746984 0.1762359 0.1776677 0.1774115 0.1772579 0.1772923 0.1769884 0.1774246 0.1780321 0.1780752 0.1799651 0.1806693
3.4028235E+38 3.4028235E+38 3.4028235E+38 3.4028235E+38 3.4028235E+38 3.4028235E+38 3.4028235E+38 3.4028235E+38 3.4028235E+38 3.4028235E+38 3.4028235E+38 3.4028235E+38 3.4028235E+38 3.4028235E+38 3.4028235E+38 3.4028235E+38 3.4028235E+38 3.4028235E+38 3.4028235E+38 3.4028235E+38 3.4028235E+38 3.4028235E+38 0.1420536 0.1442768 0.1466783 0.1497367 0.1525469 0.1551110 0.1582842 0.1614656 0.1645484 0.1637190 0.1627191 0.1617933 0.1638564 0.1632726 0.1653962 0.1668365 0.1673541 0.1681359 0.1692382 0.1707377 0.1726416 0.1739568 0.1758884 0.1783378 0.1772280 0.1765128 0.1762446 0.1765099 0.1765432 0.1770334 0.1773916 0.1778321 0.1784125
