LUCAS_GEMMES_COP27/includes/subsidence/Scenario_M1/TOT_SUBSIDENCE_2050_SINCE_2018_MKD_ONLY.ASC
NCOLS                318
NROWS                364
XLLCORNER      400000.00
YLLCORNER      907000.00
CELLSIZE         1000.00
NODATA_VALUE    0.3402823E+39
[rows 192 to 215 of 364, columns 110 to 164 of 318]
0.2220584 0.2252583 0.2286867 0.2310261 0.2345162 0.2393051 0.2420470 0.2460061 0.2501298 0.2537982 0.2569255 0.2608310 0.2646570 0.2673963 0.2703980 0.2743497 0.2776380 0.2801119 0.2834246 0.2878700 0.2916163 0.2944094 0.2993486 0.3017895 0.2982309 0.2957004 0.2932243 0.2907222 0.2883859 0.2866852 0.2823500 0.2782251 0.2734612 0.2680309 0.2622173 0.2561632 0.2466004 0.2425380 0.2365399 0.2324198 0.2272849 0.2220914 0.2168237 0.2117246 0.2060490 0.2010481 0.1935416 0.1873948 0.1819300 0.1768275 0.1711426 0.1654697 0.1625322 0.1537696 0.1479831
0.2225634 0.2257677 0.2299207 0.2322597 0.2358844 0.2407889 0.2437284 0.2481429 0.2510275 0.2543648 0.2591602 0.2633225 0.2663817 0.2700918 0.2734246 0.2776479 0.2812209 0.2842771 0.2883754 0.2917278 0.2953280 0.2991427 0.3016434 0.2993322 0.2976040 0.2946115 0.2926132 0.2922183 0.2922312 0.2921727 0.2894514 0.2839731 0.2793744 0.2685083 0.2596267 0.2534464 0.2467475 0.2428151 0.2363401 0.2315160 0.2270193 0.2214213 0.2156923 0.2099950 0.2025959 0.1961012 0.1908944 0.1878184 0.1789638 0.1727082 0.1665974 0.1601786 0.1573181 0.1478292 0.1448758
0.2226823 0.2275192 0.2312456 0.2352264 0.2381423 0.2426813 0.2458586 0.2502982 0.2536280 0.2568442 0.2611666 0.2652994 0.2691121 0.2737814 0.2769864 0.2815405 0.2849799 0.2885679 0.2925465 0.2949305 0.2990496 0.3004772 0.2987279 0.2963807 0.2944840 0.2934547 0.2924243 0.2934442 0.2966206 0.3006334 0.2976331 0.2924478 0.2787338 0.2669280 0.2591068 0.2523487 0.2454116 0.2417554 0.2345849 0.2311808 0.2252741 0.2196465 0.2143909 0.2062546 0.2004759 0.1965873 0.1906079 0.1845218 0.1755172 0.1695317 0.1629495 0.1554131 0.1488065 0.1422092 0.1367325
0.2234610 0.2278612 0.2318643 0.2358624 0.2396538 0.2434360 0.2477876 0.2523813 0.2562606 0.2600461 0.2638047 0.2680110 0.2718723 0.2769462 0.2806704 0.2852805 0.2881848 0.2934969 0.2966774 0.2986442 0.3008350 0.2979785 0.2962945 0.2945145 0.2938612 0.2929787 0.2922401 0.2963357 0.3040624 0.3057823 0.2947200 0.2846163 0.2749622 0.2649610 0.2589555 0.2523255 0.2447561 0.2394970 0.2336073 0.2278957 0.2219793 0.2165208 0.2110464 0.2056003 0.2005871 0.1913705 0.1847987 0.1783716 0.1720321 0.1687269 0.1580231 0.1543765 0.1429909 0.1377870 0.1319516
0.2251036 0.2293489 0.2335027 0.2376625 0.2418101 0.2452480 0.2499592 0.2543363 0.2582920 0.2617638 0.2663330 0.2710006 0.2747661 0.2792591 0.2838750 0.2896694 0.2923357 0.2960585 0.2959026 0.2967616 0.2961167 0.2954835 0.2949667 0.2935732 0.2923649 0.2902415 0.2907383 0.2947444 0.3023902 0.3001648 0.2883970 0.2794145 0.2716998 0.2650951 0.2578485 0.2526825 0.2470456 0.2398784 0.2356854 0.2290803 0.2210944 0.2157331 0.2102297 0.2040449 0.1969431 0.1895384 0.1862334 0.1758878 0.1727480 0.1656705 0.1534126 0.1455084 0.1395057 0.1331796 0.1327207
0.2254205 0.2297383 0.2346538 0.2389799 0.2433574 0.2471504 0.2520633 0.2562264 0.2594782 0.2642840 0.2699321 0.2745248 0.2793692 0.2830873 0.2872918 0.2900063 0.2917085 0.2933737 0.2941481 0.2944216 0.2944474 0.2940239 0.2928674 0.2917224 0.2905106 0.2890670 0.2890264 0.2902626 0.2905254 0.2876779 0.2812608 0.2753871 0.2688431 0.2618358 0.2566379 0.2537192 0.2468580 0.2404614 0.2352246 0.2264856 0.2204165 0.2172914 0.2115193 0.2053218 0.1992349 0.1883659 0.1810139 0.1734752 0.1703569 0.1624334 0.1534362 0.1429984 0.1362455 0.1299325 0.1268077
0.2268593 0.2306820 0.2351937 0.2402753 0.2448298 0.2488856 0.2542840 0.2577201 0.2617754 0.2679884 0.2723651 0.2770821 0.2801931 0.2828012 0.2859692 0.2888621 0.2903978 0.2915654 0.2923037 0.2927020 0.2927656 0.2927333 0.2915725 0.2904237 0.2891075 0.2873049 0.2870476 0.2861374 0.2838255 0.2812058 0.2777174 0.2746527 0.2677272 0.2606109 0.2567107 0.2514695 0.2458963 0.2385145 0.2342991 0.2280576 0.2222373 0.2160096 0.2100462 0.2012707 0.1936924 0.1868926 0.1828115 0.1750607 0.1679704 0.1598733 0.1518129 0.1405095 0.1377153 0.1269704 0.1271704
0.2270079 0.2322112 0.2363239 0.2409753 0.2456806 0.2503646 0.2555903 0.2597796 0.2650810 0.2687324 0.2730343 0.2764884 0.2797301 0.2826643 0.2856062 0.2880635 0.2883890 0.2912841 0.2913079 0.2912842 0.2926914 0.2917479 0.2895119 0.2885721 0.2884680 0.2858799 0.2855713 0.2836736 0.2809823 0.2781062 0.2748600 0.2711755 0.2665470 0.2601111 0.2557800 0.2510316 0.2461762 0.2405378 0.2342986 0.2278402 0.2226994 0.2161034 0.2095306 0.2003928 0.1971830 0.1897858 0.1826355 0.1735989 0.1648164 0.1564401 0.1498133 0.1368571 0.1349250 0.1217223 0.1217051
0.2277144 0.2323301 0.2378076 0.2429990 0.2467162 0.2521967 0.2560217 0.2612418 0.2651709 0.2691856 0.2732163 0.2767384 0.2798296 0.2826343 0.2841306 0.2857817 0.2871060 0.2891310 0.2885571 0.2901551 0.2910914 0.2906073 0.2887530 0.2894792 0.2879424 0.2844537 0.2827878 0.2825541 0.2798982 0.2762080 0.2729881 0.2700390 0.2664183 0.2636085 0.2569558 0.2514193 0.2466568 0.2408278 0.2351109 0.2289622 0.2229664 0.2174209 0.2099554 0.2032206 0.1963765 0.1875439 0.1818561 0.1735568 0.1636611 0.1558961 0.1485905 0.1351912 0.1237116 0.1243625 0.1295463
0.2285190 0.2323140 0.2383162 0.2428641 0.2481351 0.2528303 0.2577808 0.2618747 0.2657934 0.2696833 0.2736486 0.2771978 0.2801210 0.2819062 0.2837538 0.2866227 0.2867344 0.2889461 0.2899197 0.2903664 0.2902940 0.2891706 0.2885289 0.2892855 0.2873021 0.2850873 0.2817287 0.2805106 0.2776030 0.2748186 0.2713494 0.2679857 0.2641952 0.2630309 0.2581441 0.2525087 0.2469968 0.2416079 0.2376610 0.2306212 0.2233499 0.2174369 0.2110476 0.2036824 0.1965678 0.1884725 0.1813368 0.1678927 0.1583813 0.1519383 0.1436210 0.1350071 0.1259593 0.1304922 0.1346127
0.2285367 0.2342693 0.2398367 0.2449435 0.2492917 0.2547092 0.2589704 0.2632816 0.2669410 0.2703553 0.2734120 0.2769413 0.2796757 0.2820031 0.2842055 0.2860205 0.2860264 0.2884417 0.2895111 0.2903370 0.2911847 0.2891591 0.2904123 0.2892472 0.2872525 0.2839499 0.2820306 0.2815049 0.2771741 0.2748435 0.2714555 0.2670482 0.2633532 0.2607421 0.2571898 0.2504311 0.2452585 0.2400664 0.2349480 0.2283206 0.2211902 0.2146927 0.2089948 0.2013649 0.1932513 0.1848688 0.1812514 0.1671456 0.1629831 0.1514394 0.1435281 0.1418043 0.1361755 0.1347570 0.1461903
0.2312097 0.2363933 0.2416274 0.2466560 0.2511119 0.2553610 0.2593382 0.2631227 0.2663897 0.2699479 0.2733898 0.2781649 0.2810392 0.2831131 0.2841673 0.2859046 0.2864147 0.2876174 0.2897854 0.2905482 0.2907176 0.2902119 0.2898013 0.2887065 0.2871675 0.2842833 0.2843069 0.2816400 0.2783880 0.2759147 0.2728298 0.2673700 0.2643933 0.2610831 0.2555995 0.2507731 0.2462552 0.2417473 0.2356876 0.2290992 0.2264257 0.2193005 0.2134042 0.2059760 0.1982612 0.1858152 0.1776223 0.1677837 0.1587302 0.1516862 0.1441969 0.1395325 0.1376107 0.1397802 0.1517229
0.2339188 0.2389517 0.2438059 0.2484815 0.2538016 0.2574992 0.2616079 0.2661405 0.2689379 0.2719913 0.2754465 0.2794113 0.2820788 0.2842490 0.2850819 0.2875559 0.2891967 0.2893061 0.2910890 0.2914272 0.2912907 0.2909689 0.2903236 0.2892306 0.2863682 0.2858909 0.2854675 0.2832277 0.2796477 0.2777902 0.2747617 0.2708753 0.2673161 0.2631052 0.2561368 0.2525060 0.2511935 0.2472305 0.2396594 0.2304734 0.2274491 0.2208384 0.2155900 0.2085782 0.2007025 0.1924868 0.1838122 0.1746402 0.1662076 0.1584734 0.1510443 0.1444149 0.1409726 0.1451093 0.1502443
0.2365975 0.2413678 0.2459116 0.2503792 0.2549804 0.2600961 0.2634576 0.2671852 0.2710604 0.2739461 0.2772831 0.2807209 0.2827018 0.2848243 0.2868839 0.2900541 0.2908768 0.2904370 0.2910255 0.2911732 0.2909148 0.2907069 0.2901677 0.2903562 0.2876622 0.2881283 0.2869094 0.2843830 0.2816715 0.2789772 0.2761099 0.2728792 0.2691596 0.2649415 0.2609109 0.2573379 0.2533174 0.2478582 0.2411892 0.2318836 0.2261023 0.2217552 0.2128136 0.2056855 0.1971340 0.1900388 0.1806288 0.1699317 0.1630135 0.1546745 0.1446002 0.1416931 0.1469078 0.1572095 0.1554859
0.2393022 0.2437987 0.2482242 0.2525283 0.2570453 0.2622565 0.2661928 0.2691569 0.2720518 0.2758693 0.2791159 0.2821348 0.2844287 0.2853846 0.2878132 0.2904899 0.2910878 0.2917659 0.2921109 0.2934981 0.2935066 0.2933877 0.2916507 0.2901995 0.2906688 0.2897981 0.2878746 0.2857305 0.2828460 0.2803252 0.2777675 0.2746380 0.2713457 0.2671821 0.2621979 0.2587135 0.2550795 0.2499949 0.2441445 0.2374307 0.2283169 0.2212942 0.2148257 0.2126697 0.2036533 0.1973439 0.1876509 0.1773714 0.1709730 0.1623477 0.1558368 0.1573513 0.1594314 0.1566528 0.1602564
0.2419841 0.2461328 0.2505564 0.2550691 0.2595517 0.2645287 0.2683699 0.2719854 0.2738879 0.2766252 0.2799273 0.2830603 0.2855647 0.2875183 0.2907029 0.2923424 0.2936086 0.2945130 0.2935916 0.2951600 0.2952679 0.2957450 0.2933632 0.2916653 0.2904682 0.2908178 0.2896051 0.2874708 0.2844051 0.2817939 0.2801555 0.2768870 0.2737982 0.2691141 0.2637658 0.2602173 0.2570291 0.2520704 0.2466600 0.2402645 0.2340018 0.2274567 0.2220276 0.2171086 0.2081071 0.1994753 0.1909424 0.1818587 0.1738865 0.1585682 0.1549091 0.1584624 0.1607388 0.1626357 0.1663863
0.2448063 0.2491491 0.2535995 0.2582462 0.2622456 0.2655368 0.2693453 0.2741274 0.2774807 0.2787979 0.2822751 0.2863126 0.2885985 0.2909869 0.2928575 0.2944737 0.2955604 0.2962981 0.2954980 0.2972300 0.2973376 0.2972750 0.2951006 0.2954799 0.2926998 0.2929374 0.2907152 0.2885312 0.2852873 0.2822619 0.2801708 0.2773609 0.2736452 0.2693296 0.2648977 0.2609479 0.2570608 0.2524881 0.2470437 0.2405408 0.2340218 0.2283676 0.2224350 0.2156195 0.2069300 0.1977152 0.1885094 0.1792458 0.1703908 0.1640553 0.1698298 0.1705169 0.1715806 0.1690121 0.1726258
0.2475423 0.2520943 0.2569845 0.2612678 0.2650036 0.2681257 0.2719138 0.2759976 0.2793697 0.2821121 0.2851294 0.2876968 0.2910666 0.2932624 0.2952774 0.2968342 0.2978160 0.2988089 0.2980934 0.2981004 0.2998232 0.2992051 0.2971544 0.2987151 0.2957488 0.2932416 0.2911586 0.2892201 0.2880882 0.2871809 0.2844682 0.2818670 0.2788957 0.2741140 0.2702712 0.2667150 0.2602328 0.2576022 0.2525696 0.2474162 0.2426210 0.2376139 0.2309603 0.2242599 0.2157802 0.2065154 0.1980758 0.1883485 0.1782330 0.1745459 0.1762966 0.1722216 0.1739510 0.1765613 0.1862100
0.2510083 0.2554763 0.2599126 0.2639351 0.2677456 0.2716530 0.2764320 0.2800089 0.2832775 0.2863687 0.2891898 0.2904747 0.2922804 0.2947148 0.2968782 0.2984351 0.2995371 0.3003016 0.3006223 0.3007898 0.3014247 0.3003765 0.2994889 0.3007056 0.3001502 0.2977729 0.2941689 0.2939764 0.2902661 0.2880071 0.2852810 0.2823385 0.2801660 0.2779216 0.2713397 0.2677353 0.2631451 0.2580630 0.2526153 0.2471926 0.2427218 0.2375714 0.2303363 0.2281469 0.2203416 0.2110616 0.2023006 0.1886353 0.1791318 0.1787062 0.1793641 0.1813889 0.1887564 0.1904452 0.1947366
0.2552196 0.2596419 0.2633273 0.2671737 0.2710059 0.2750440 0.2789009 0.2835238 0.2863052 0.2892384 0.2917645 0.2934701 0.2957674 0.2988634 0.3006248 0.3024765 0.3035743 0.3039923 0.3042281 0.3042881 0.3048053 0.3046821 0.3023911 0.3031298 0.3020808 0.3011051 0.2996932 0.2979025 0.2958360 0.2913174 0.2885487 0.2853584 0.2821398 0.2788527 0.2759930 0.2750154 0.2671160 0.2622461 0.2603217 0.2554067 0.2476584 0.2423664 0.2345406 0.2286559 0.2218062 0.2119044 0.2032743 0.1947199 0.1936136 0.1886357 0.1886061 0.1956514 0.1969562 0.1977979 0.1994634
0.2590736 0.2635531 0.2671479 0.2710810 0.2750784 0.2789475 0.2817916 0.2861212 0.2898803 0.2927600 0.2949184 0.2972818 0.2988501 0.3000338 0.3038208 0.3057092 0.3068236 0.3060836 0.3078980 0.3079617 0.3080590 0.3082787 0.3057742 0.3045826 0.3032007 0.3036751 0.3029143 0.3016070 0.2995624 0.2974670 0.2947555 0.2893114 0.2860433 0.2860005 0.2836094 0.2796336 0.2750207 0.2671806 0.2624032 0.2614928 0.2567971 0.2512375 0.2452539 0.2351997 0.2277681 0.2242108 0.2113791 0.2073262 0.2052942 0.2037639 0.2032678 0.2036348 0.2046461 0.2051215 0.2060275
0.2636765 0.2675697 0.2710338 0.2748811 0.2791710 0.2828776 0.2853302 0.2891190 0.2922833 0.2956899 0.2987329 0.3011825 0.3033291 0.3044417 0.3066186 0.3080149 0.3090869 0.3085282 0.3099397 0.3103725 0.3103296 0.3099914 0.3090831 0.3083911 0.3078663 0.3074399 0.3061382 0.3053125 0.3037711 0.3023669 0.2993536 0.2969206 0.2908460 0.2876137 0.2871259 0.2845319 0.2804811 0.2764496 0.2692817 0.2640778 0.2626277 0.2576650 0.2519455 0.2456472 0.2382529 0.2314966 0.2251208 0.2180535 0.2162422 0.2150092 0.2113490 0.2123797 0.2123444 0.2119164 0.2122366
0.2679496 0.2714190 0.2750309 0.2790215 0.2831554 0.2869709 0.2905034 0.2942723 0.2974802 0.2992542 0.3020038 0.3048231 0.3073365 0.3099171 0.3102916 0.3115705 0.3139029 0.3144598 0.3150674 0.3156011 0.3155041 0.3148988 0.3129788 0.3140565 0.3103722 0.3088796 0.3093406 0.3091125 0.3072013 0.3051579 0.3035896 0.3018490 0.2990300 0.2927791 0.2912747 0.2902665 0.2865381 0.2826663 0.2790159 0.2700513 0.2655609 0.2642078 0.2587488 0.2533332 0.2467293 0.2398890 0.2313291 0.2280145 0.2241719 0.2239236 0.2193793 0.2199100 0.2193269 0.2179730 0.2171055
0.2725093 0.2760391 0.2797386 0.2836377 0.2879279 0.2913938 0.2945822 0.2976237 0.3010058 0.3037302 0.3065043 0.3087756 0.3117874 0.3141414 0.3141698 0.3153819 0.3180594 0.3188679 0.3194062 0.3198386 0.3193601 0.3193362 0.3173218 0.3170912 0.3155188 0.3143132 0.3164554 0.3148751 0.3132393 0.3121032 0.3091511 0.3069259 0.3036088 0.3009719 0.2956582 0.2922540 0.2937682 0.2891262 0.2845263 0.2795246 0.2714863 0.2665961 0.2666335 0.2624052 0.2561271 0.2489286 0.2435781 0.2364784 0.2321267 0.2322519 0.2296411 0.2266884 0.2253225 0.2237695 0.2168116
