LUCAS_GEMMES_COP27/includes/subsidence/Scenario_M1/TOT_SUBSIDENCE_2080_SINCE_2018_MKD_ONLY.ASC
NCOLS                318
NROWS                364
XLLCORNER      400000.00
YLLCORNER      907000.00
CELLSIZE         1000.00
NODATA_VALUE    0.3402823E+39
[rows 168 to 191 of 364, columns 220 to 274 of 318]
0.4194813 0.4190527 0.4173673 0.4141152 0.4113739 0.4102270 0.4089639 0.4078500 0.4048937 0.4019180 0.3981309 0.3945287 0.3935348 0.3937190 0.3932473 0.3989039 0.4002957 0.4011918 0.4018914 0.4021333 0.4030432 0.4017132 0.3997710 0.3950244 0.3939525 0.3910506 0.3840229 0.3747675 0.3651756 0.3607729 0.3585972 0.3550728 0.3496878 0.3467085 0.3412996 0.3406771 0.3415030 0.3416793 0.3405507 0.3382684 0.3346530 0.3301281 0.3323916 0.3328798 0.3315664 0.3289354 0.3258593 0.3218020 0.3176122 0.3127860 0.3070398 0.3021315 0.2929650 0.2800289 3.4028235E+38
0.4283201 0.4274715 0.4250787 0.4221674 0.4203664 0.4191879 0.4170382 0.4146758 0.4116911 0.4073551 0.4009805 0.3989050 0.3996736 0.4003022 0.4003270 0.4008336 0.4001118 0.4007327 0.4020730 0.4029769 0.4024355 0.4011087 0.4011956 0.3990294 0.3979208 0.3946285 0.3846997 0.3704006 0.3614511 0.3574232 0.3568864 0.3549692 0.3529112 0.3528180 0.3481272 0.3485765 0.3479909 0.3469643 0.3446823 0.3412763 0.3365536 0.3323082 0.3348189 0.3355092 0.3342707 0.3317820 0.3288559 0.3251319 0.3206702 0.3155847 0.3103350 0.3049277 0.2985303 0.2891113 3.4028235E+38
0.4348827 0.4347803 0.4328991 0.4308099 0.4294738 0.4277101 0.4244520 0.4210434 0.4182242 0.4136874 0.4063758 0.4054332 0.4052670 0.4048542 0.4031562 0.4021440 0.4010687 0.4007396 0.4008672 0.4012169 0.4005854 0.3996336 0.3979617 0.4013363 0.4036747 0.4041540 0.3881507 0.3593086 0.3591725 0.3594365 0.3645099 0.3643471 0.3627275 0.3606247 0.3582149 0.3568916 0.3549030 0.3524693 0.3491094 0.3440928 0.3371884 0.3345440 0.3374852 0.3382060 0.3367680 0.3341836 0.3311994 0.3273974 0.3229633 0.3180208 0.3130278 0.3081538 0.3005656 0.2933673 0.2943891
0.4406881 0.4406394 0.4398523 0.4383733 0.4384677 0.4371456 0.4328972 0.4286372 0.4248386 0.4211810 0.4164126 0.4122146 0.4105266 0.4077497 0.4050742 0.4034716 0.4008770 0.3997544 0.3986198 0.3975724 0.3958589 0.3938747 0.3936840 0.3942026 0.3965529 0.4076311 0.4048932 0.3615593 0.3707256 0.3700611 0.3727968 0.3739013 0.3720730 0.3696332 0.3669406 0.3644972 0.3616199 0.3578303 0.3538885 0.3481300 0.3401874 0.3409676 0.3418888 0.3413847 0.3394555 0.3364037 0.3331321 0.3291562 0.3247013 0.3197592 0.3145288 0.3090139 0.3002119 0.2975780 0.2983131
0.4464637 0.4463260 0.4460276 0.4458714 0.4443851 0.4431481 0.4407052 0.4376976 0.4317575 0.4280259 0.4240138 0.4192624 0.4152515 0.4103609 0.4071287 0.4040650 0.4013782 0.3980452 0.3953847 0.3934608 0.3907413 0.3894780 0.3885535 0.3868844 0.3766180 0.3731656 0.4080923 0.3948169 0.3868322 0.3829157 0.3847242 0.3840971 0.3817497 0.3787732 0.3755628 0.3719104 0.3678510 0.3634194 0.3587913 0.3527858 0.3448300 0.3462653 0.3459284 0.3441310 0.3418173 0.3385892 0.3343869 0.3302411 0.3257036 0.3208402 0.3160610 0.3110295 0.3014632 0.3023929 0.3020705
0.4521743 0.4522524 0.4511264 0.4505608 0.4496031 0.4482464 0.4477232 0.4454440 0.4383997 0.4344518 0.4300218 0.4258134 0.4200408 0.4117430 0.4087187 0.4052396 0.4021967 0.3974708 0.3915603 0.3900217 0.3883078 0.3873260 0.3853747 0.3767503 0.3798365 0.3952739 0.4082214 0.4072458 0.4006861 0.3980235 0.3956664 0.3933762 0.3908133 0.3878550 0.3841063 0.3796619 0.3745531 0.3688547 0.3641128 0.3590381 0.3540838 0.3517935 0.3493841 0.3465406 0.3432509 0.3406047 0.3347937 0.3303865 0.3261197 0.3213058 0.3168608 0.3128059 0.3024241 0.3060169 0.3063779
0.4571538 0.4567871 0.4558629 0.4551875 0.4539637 0.4532633 0.4528124 0.4517918 0.4477561 0.4433075 0.4370998 0.4320739 0.4264114 0.4191176 0.4110183 0.4062361 0.4018722 0.3984234 0.3931112 0.3911912 0.3887445 0.3868213 0.3833372 0.3814948 0.3904155 0.3976810 0.4049917 0.4097201 0.4113711 0.4064034 0.4042068 0.4020733 0.3994125 0.3962485 0.3915098 0.3862279 0.3805968 0.3756663 0.3688780 0.3628138 0.3594556 0.3560210 0.3521458 0.3477076 0.3426712 0.3376724 0.3330565 0.3291157 0.3252148 0.3210546 0.3161022 0.3101522 0.3021425 0.3068444 0.3101951
0.4588189 0.4605857 0.4594804 0.4592575 0.4596135 0.4601978 0.4584943 0.4572074 0.4542894 0.4511308 0.4451238 0.4395322 0.4336921 0.4273366 0.4212122 0.4148858 0.4065896 0.4015056 0.3961393 0.3911105 0.3891895 0.3871132 0.3860566 0.3907605 0.3954211 0.4034937 0.4108461 0.4108014 0.4125225 0.4125630 0.4116361 0.4094865 0.4069617 0.4038674 0.3993385 0.3927823 0.3863899 0.3803301 0.3725427 0.3650584 0.3627575 0.3592693 0.3541759 0.3480109 0.3407130 0.3334262 0.3298604 0.3268394 0.3234327 0.3194162 0.3147970 0.3094612 0.3027681 0.3089371 0.3137372
0.4622855 0.4636004 0.4636931 0.4645219 0.4653600 0.4639408 0.4623991 0.4623681 0.4599764 0.4579953 0.4534661 0.4480922 0.4424068 0.4366610 0.4310007 0.4243340 0.4173846 0.4113905 0.4036638 0.3953822 0.3907326 0.3904962 0.3942412 0.3943999 0.4008844 0.4077823 0.4078162 0.4110707 0.4153897 0.4198028 0.4194962 0.4180813 0.4150855 0.4125479 0.4072537 0.3988435 0.3877496 0.3838640 0.3743540 0.3699605 0.3674780 0.3621765 0.3559946 0.3480572 0.3380075 0.3245622 0.3247210 0.3241695 0.3220040 0.3184015 0.3134226 0.3085868 0.3040653 0.3114353 0.3175943
0.4602565 0.4649074 0.4689340 0.4694349 0.4677725 0.4678890 0.4670340 0.4657734 0.4641600 0.4609434 0.4565595 0.4534346 0.4490733 0.4434424 0.4388517 0.4319416 0.4259180 0.4190271 0.4101595 0.3994158 0.3947090 0.3983356 0.4010850 0.4033277 0.4090044 0.4109213 0.4135558 0.4166289 0.4199597 0.4256632 0.4297283 0.4268669 0.4242328 0.4190315 0.4129285 0.4072655 0.3964440 0.3867991 0.3760350 0.3744226 0.3709646 0.3650711 0.3580475 0.3491582 0.3382877 0.3249375 0.3189577 0.3213160 0.3204789 0.3175672 0.3127638 0.3049617 0.3051023 0.3150747 0.3218061
0.4659214 0.4645208 0.4671988 0.4702352 0.4718227 0.4728063 0.4713508 0.4695052 0.4679021 0.4648749 0.4627562 0.4594244 0.4549180 0.4507256 0.4456563 0.4400022 0.4332395 0.4259585 0.4164587 0.4050109 0.4027517 0.4043819 0.4065114 0.4096201 0.4117916 0.4169711 0.4219597 0.4269754 0.4276028 0.4325079 0.4372411 0.4372155 0.4329323 0.4284096 0.4209485 0.4150086 0.4033682 0.3915006 0.3803192 0.3774435 0.3737876 0.3681800 0.3607496 0.3513778 0.3402617 0.3271102 0.3200843 0.3195790 0.3192769 0.3169293 0.3123574 0.3063326 0.3125065 0.3190961 0.3262178
0.4662081 0.4667433 0.4711464 0.4690357 0.4734411 0.4744630 0.4739937 0.4726962 0.4715482 0.4684277 0.4665499 0.4635025 0.4605190 0.4561407 0.4515935 0.4461157 0.4395739 0.4324410 0.4231858 0.4165388 0.4099487 0.4107526 0.4109507 0.4110976 0.4154955 0.4202191 0.4224935 0.4242551 0.4325434 0.4369867 0.4400937 0.4424393 0.4377819 0.4332689 0.4257327 0.4197361 0.4063470 0.3975178 0.3863536 0.3816572 0.3773686 0.3716490 0.3641484 0.3545270 0.3429802 0.3296896 0.3218700 0.3160861 0.3176286 0.3162334 0.3130182 0.3076696 0.3159311 0.3232045 0.3295564
0.4655877 0.4723855 0.4742052 0.4766599 0.4764553 0.4770561 0.4756403 0.4743626 0.4738104 0.4717059 0.4709353 0.4681327 0.4645278 0.4609926 0.4558896 0.4505681 0.4449589 0.4383975 0.4332377 0.4263721 0.4175557 0.4162070 0.4146451 0.4158140 0.4195241 0.4232917 0.4222374 0.4245224 0.4339107 0.4427592 0.4442982 0.4480184 0.4474934 0.4383728 0.4322309 0.4243698 0.4133437 0.4061077 0.3939636 0.3878865 0.3820937 0.3759717 0.3680283 0.3583118 0.3464245 0.3325010 0.3242699 0.3174343 3.4028235E+38 3.4028235E+38 0.3133104 0.3093945 0.3188440 0.3257326 0.3312336
0.4668524 0.4752582 0.4762841 0.4782030 0.4784193 0.4785083 0.4793468 0.4767956 0.4758731 0.4751797 0.4722560 0.4709365 0.4672982 0.4639708 0.4595987 0.4543489 0.4509238 0.4461577 0.4400565 0.4343455 0.4278581 0.4204473 0.4197060 0.4221427 0.4247239 0.4270860 0.4307632 0.4362346 0.4416524 0.4448656 0.4483854 0.4479118 0.4503434 0.4448213 0.4381220 0.4323835 0.4223633 0.4108996 0.4015839 0.3946716 0.3876550 0.3810210 0.3728371 0.3627010 0.3504917 0.3358724 0.3268881 0.3190837 0.3125365 3.4028235E+38 3.4028235E+38 3.4028235E+38 0.3206299 0.3271376 0.3338964
0.4724043 0.4776528 0.4787124 0.4794279 0.4813667 0.4818045 0.4820865 0.4794540 0.4793499 0.4774653 0.4746337 0.4737717 0.4692201 0.4668981 0.4636337 0.4597081 0.4552963 0.4513669 0.4454943 0.4417360 0.4371171 0.4318042 0.4265176 0.4291297 0.4292387 0.4323368 0.4345943 0.4420763 0.4474450 0.4480752 0.4469120 0.4516556 0.4519345 0.4552174 0.4490753 0.4443395 0.4337313 0.4228775 0.4081082 0.4013964 0.3935833 0.3869918 0.3790027 0.3686678 3.4028235E+38 3.4028235E+38 0.3302004 0.3214861 0.3135334 0.3076022 3.4028235E+38 3.4028235E+38 0.3236488 0.3312587 0.3395551
0.4744478 0.4770255 0.4797907 0.4811845 0.4828556 0.4839538 0.4837044 0.4822197 0.4808807 0.4783790 0.4753755 0.4729421 0.4714555 0.4684334 0.4649759 0.4628544 0.4599417 0.4553732 0.4501231 0.4454727 0.4425381 0.4385813 0.4351390 0.4329094 0.4328833 0.4335441 0.4338060 0.4401053 0.4442764 0.4446352 0.4499030 0.4543561 0.4564348 0.4602867 0.4597193 0.4528114 0.4433778 0.4318193 0.4148770 0.4081863 0.3998412 0.3933106 0.3852460 0.3738365 3.4028235E+38 3.4028235E+38 0.3343616 0.3250849 0.3173141 3.4028235E+38 3.4028235E+38 3.4028235E+38 3.4028235E+38 0.3370887 0.3429960
0.4754257 0.4787393 0.4810452 0.4840521 0.4853486 0.4857752 0.4846797 0.4838739 0.4805204 0.4777873 0.4748237 0.4729183 0.4702653 0.4687555 0.4660628 0.4643629 0.4604620 0.4576812 0.4529727 0.4483225 0.4450769 0.4439917 0.4393498 0.4353274 0.4339394 0.4335253 0.4334795 0.4416202 0.4434594 0.4466066 0.4497597 0.4556938 0.4602155 0.4641622 0.4652096 0.4648219 0.4505602 0.4356347 0.4206535 0.4140065 0.4068695 0.4000270 0.3923309 0.3807091 3.4028235E+38 3.4028235E+38 3.4028235E+38 3.4028235E+38 3.4028235E+38 3.4028235E+38 3.4028235E+38 3.4028235E+38 3.4028235E+38 3.4028235E+38 0.3476211
0.4749500 0.4794855 0.4825115 0.4855367 0.4873686 0.4876513 0.4870023 0.4842642 0.4799245 0.4769596 0.4726285 0.4722655 0.4695838 0.4673125 0.4642248 0.4625611 0.4590546 0.4554209 0.4540175 0.4515924 0.4480918 0.4450622 0.4399582 0.4329186 0.4331603 0.4308545 0.4352393 0.4408879 0.4443703 0.4468108 0.4501212 0.4530267 0.4611155 0.4626568 0.4665607 0.4650736 0.4565452 0.4432339 0.4285762 0.4173102 0.4109645 0.4070221 0.4000748 0.3907901 0.3862127 3.4028235E+38 3.4028235E+38 3.4028235E+38 3.4028235E+38 3.4028235E+38 3.4028235E+38 3.4028235E+38 3.4028235E+38 3.4028235E+38 3.4028235E+38
0.4744856 0.4794345 0.4832226 0.4860519 0.4874249 0.4878972 0.4868165 0.4860419 0.4808065 0.4761759 0.4718660 0.4697078 0.4676496 0.4654359 0.4618611 0.4596476 0.4567304 0.4552093 0.4546135 0.4540879 0.4504425 0.4476457 0.4446804 0.4407550 0.4336142 0.4347751 0.4419180 0.4479931 0.4508768 0.4556789 0.4568643 0.4573074 0.4594843 0.4624519 0.4641017 0.4620264 0.4579740 0.4444268 0.4328214 0.4211560 0.4157192 0.4139049 0.4081692 0.4006277 0.3897152 0.3829117 3.4028235E+38 3.4028235E+38 3.4028235E+38 3.4028235E+38 3.4028235E+38 3.4028235E+38 3.4028235E+38 3.4028235E+38 3.4028235E+38
0.4734148 0.4791282 0.4838008 0.4870238 0.4877530 0.4881232 0.4875269 0.4856648 0.4810378 0.4758585 0.4692802 0.4654234 0.4634366 0.4598901 0.4570178 0.4551422 0.4548497 0.4530797 0.4523820 0.4518622 0.4515670 0.4493106 0.4489878 0.4477019 0.4460152 0.4468983 0.4504430 0.4547477 0.4577890 0.4601009 0.4612871 0.4650866 0.4674098 0.4684972 0.4679299 0.4635120 0.4658572 0.4608436 0.4445319 0.4283740 0.4251409 0.4216801 0.4158023 0.4083487 0.3990725 0.3834985 3.4028235E+38 3.4028235E+38 3.4028235E+38 3.4028235E+38 3.4028235E+38 3.4028235E+38 3.4028235E+38 3.4028235E+38 3.4028235E+38
0.4719411 0.4779503 0.4834502 0.4873701 0.4890750 0.4890911 0.4876922 0.4839202 0.4764015 0.4698409 0.4638108 0.4601971 0.4568762 0.4549879 0.4530188 0.4532515 0.4501666 0.4490958 0.4492676 0.4498600 0.4497746 0.4511668 0.4516312 0.4532464 0.4529429 0.4545662 0.4577920 0.4615948 0.4640907 0.4672980 0.4675772 0.4702371 0.4695871 0.4692302 0.4688868 0.4661400 0.4713090 0.4659156 0.4539034 0.4380462 0.4339539 0.4294575 0.4232336 0.4164621 0.4062456 0.3927465 3.4028235E+38 3.4028235E+38 3.4028235E+38 3.4028235E+38 3.4028235E+38 3.4028235E+38 3.4028235E+38 3.4028235E+38 3.4028235E+38
0.4694140 0.4770800 0.4824826 0.4866667 0.4898770 0.4879767 0.4855910 0.4758081 0.4684052 0.4621972 0.4566965 0.4524272 0.4498625 0.4477263 0.4456956 0.4449204 0.4447957 0.4446430 0.4448918 0.4471819 0.4481724 0.4489532 0.4518897 0.4547498 0.4556971 0.4583338 0.4626634 0.4658186 0.4684374 0.4720210 0.4733305 0.4752924 0.4742460 0.4722606 0.4699982 0.4670430 0.4755711 0.4719133 0.4667230 0.4458474 0.4369485 0.4362160 0.4301164 0.4231232 0.4141390 0.4046955 3.4028235E+38 3.4028235E+38 3.4028235E+38 3.4028235E+38 3.4028235E+38 3.4028235E+38 3.4028235E+38 3.4028235E+38 3.4028235E+38
0.4643800 0.4727040 0.4790291 0.4860521 0.4862944 0.4790963 0.4717023 0.4652090 0.4580262 0.4536273 0.4480117 0.4443592 0.4402693 0.4391298 0.4378856 0.4374076 0.4382142 0.4377993 0.4394216 0.4419961 0.4451921 0.4469678 0.4512244 0.4561286 0.4590290 0.4629032 0.4673301 0.4713264 0.4752617 0.4785890 0.4808246 0.4806457 0.4767027 0.4773899 0.4661550 0.4696735 0.4822538 0.4815016 0.4747262 0.4663147 0.4448024 0.4443569 0.4372819 0.4295086 0.4201919 0.4105335 3.4028235E+38 3.4028235E+38 3.4028235E+38 3.4028235E+38 3.4028235E+38 3.4028235E+38 3.4028235E+38 3.4028235E+38 3.4028235E+38
0.4532891 0.4675031 0.4740979 0.4784077 0.4699821 0.4650100 0.4593931 0.4526180 0.4472475 0.4418858 0.4381165 0.4344674 0.4306589 0.4298317 0.4284257 0.4278399 0.4289144 0.4281110 0.4310390 0.4344777 0.4400084 0.4435439 0.4484707 0.4543847 0.4599113 0.4642748 0.4706712 0.4772805 0.4795612 0.4824620 0.4858488 0.4774733 0.4797718 0.4745575 0.4586607 0.4699528 0.4790084 0.4822312 0.4848705 0.4738237 0.4584849 0.4512112 0.4443963 0.4356206 0.4264624 0.4155439 0.4023189 3.4028235E+38 3.4028235E+38 3.4028235E+38 3.4028235E+38 3.4028235E+38 3.4028235E+38 3.4028235E+38 3.4028235E+38
