LUCAS_GEMMES_COP27/includes/subsidence/Scenario_M1/TOT_SUBSIDENCE_2050_SINCE_2018_MKD_ONLY.ASC
NCOLS                318
NROWS                364
XLLCORNER      400000.00
YLLCORNER      907000.00
CELLSIZE         1000.00
NODATA_VALUE    0.3402823E+39
[rows 264 to 287 of 364, columns 110 to 164 of 318]
0.4077049 0.4253749 0.4419553 0.4508336 0.4527892 0.4572379 0.4590304 0.4583050 0.4579348 0.4557873 0.4568557 0.4589324 0.4570858 0.4551759 0.4538260 0.4536567 0.4518276 0.4492801 0.4480547 0.4445897 0.4425859 0.4382971 0.4352864 0.4337978 0.4296356 0.4261790 0.4226158 0.4184049 0.4130570 0.4117639 0.4081974 0.4038425 0.3986652 0.3929508 0.3865662 0.3832124 0.3784916 0.3706830 0.3609549 0.3555000 0.3485241 0.3397997 0.3312630 0.3230926 0.3110413 0.2979335 0.3021791 3.4028235E+38 3.4028235E+38 3.4028235E+38 3.4028235E+38 3.4028235E+38 3.4028235E+38 3.4028235E+38 3.4028235E+38
0.4051083 0.4194843 0.4360564 0.4409437 0.4436645 0.4461475 0.4467928 0.4475257 0.4480476 0.4475548 0.4475292 0.4475082 0.4450041 0.4456747 0.4451407 0.4444477 0.4426631 0.4408416 0.4379766 0.4325388 0.4327214 0.4309509 0.4263459 0.4242532 0.4203619 0.4170277 0.4134194 0.4092816 0.4037219 0.4015848 0.3974224 0.3928840 0.3878173 0.3827446 0.3766652 0.3704316 0.3630453 0.3553610 0.3461215 0.3408632 0.3335379 0.3250590 0.3169053 0.3051202 0.2942153 3.4028235E+38 3.4028235E+38 3.4028235E+38 3.4028235E+38 3.4028235E+38 3.4028235E+38 3.4028235E+38 3.4028235E+38 3.4028235E+38 3.4028235E+38
0.3994382 0.4132570 0.4258611 0.4298364 0.4326383 0.4346367 0.4360027 0.4365331 0.4361627 0.4377700 0.4378008 0.4387999 0.4359532 0.4358545 0.4341028 0.4334968 0.4315563 0.4292682 0.4258249 0.4234011 0.4240163 0.4215772 0.4167825 0.4125044 0.4102437 0.4080497 0.4046054 0.4009919 0.3946611 0.3901815 0.3871977 0.3831542 0.3785101 0.3713417 0.3628871 0.3571102 0.3492756 0.3400109 0.3326682 0.3267168 0.3191192 0.3112932 0.3020711 3.4028235E+38 3.4028235E+38 3.4028235E+38 3.4028235E+38 3.4028235E+38 3.4028235E+38 3.4028235E+38 3.4028235E+38 3.4028235E+38 3.4028235E+38 3.4028235E+38 3.4028235E+38
0.3948244 0.4105082 0.4184653 0.4201317 0.4237469 0.4252213 0.4256502 0.4259340 0.4269073 0.4273706 0.4266131 0.4270647 0.4263195 0.4241494 0.4225204 0.4212727 0.4201779 0.4189374 0.4181623 0.4148986 0.4133516 0.4106250 0.4073716 0.4020393 0.4003463 0.3992459 0.3956624 0.3921034 0.3871295 0.3810649 0.3772847 0.3711778 0.3646990 0.3579015 0.3493908 0.3436325 0.3344908 0.3265666 0.3203171 0.3129736 0.3025746 0.2986235 3.4028235E+38 3.4028235E+38 3.4028235E+38 3.4028235E+38 3.4028235E+38 3.4028235E+38 3.4028235E+38 3.4028235E+38 3.4028235E+38 3.4028235E+38 3.4028235E+38 3.4028235E+38 3.4028235E+38
0.3885959 0.4030869 0.4066564 0.4088429 0.4103772 0.4128865 0.4154346 0.4169844 0.4170950 0.4162191 0.4170393 0.4168682 0.4159497 0.4143594 0.4134022 0.4123514 0.4111782 0.4099500 0.4086853 0.4059579 0.4045290 0.4018732 0.3983161 0.3954725 0.3918467 0.3888086 0.3867849 0.3832515 0.3776580 0.3690552 0.3641150 0.3580291 0.3513392 0.3433487 0.3361068 0.3302981 0.3207515 0.3141766 0.3078944 0.2990044 0.2960133 3.4028235E+38 3.4028235E+38 3.4028235E+38 3.4028235E+38 3.4028235E+38 3.4028235E+38 3.4028235E+38 3.4028235E+38 3.4028235E+38 3.4028235E+38 3.4028235E+38 3.4028235E+38 3.4028235E+38 3.4028235E+38
0.3816828 0.3927238 0.3978247 0.3993715 0.4004579 0.4010368 0.4027841 0.4047220 0.4059157 0.4057291 0.4073354 0.4069154 0.4049697 0.4038236 0.4034305 0.4016279 0.4000970 0.3992033 0.3974940 0.3947488 0.3929008 0.3906721 0.3871784 0.3857891 0.3818057 0.3780345 0.3749915 0.3703387 0.3635661 0.3565475 0.3502248 0.3447425 0.3368110 0.3300927 0.3230866 0.3185538 0.3077560 0.2955201 0.2959781 0.2931895 3.4028235E+38 3.4028235E+38 3.4028235E+38 3.4028235E+38 3.4028235E+38 3.4028235E+38 3.4028235E+38 3.4028235E+38 3.4028235E+38 3.4028235E+38 3.4028235E+38 3.4028235E+38 3.4028235E+38 3.4028235E+38 3.4028235E+38
0.3774369 0.3846148 0.3866886 0.3889207 0.3906636 0.3916792 0.3923876 0.3940181 0.3959106 0.3953030 0.3958171 0.3957928 0.3946864 0.3935818 0.3922399 0.3904589 0.3887776 0.3876958 0.3856395 0.3835004 0.3816591 0.3792861 0.3767608 0.3746625 0.3690420 0.3657613 0.3618207 0.3581202 0.3520393 0.3450645 0.3373017 0.3304811 0.3238496 0.3186572 0.3101138 0.3040856 0.2937205 0.2894357 0.2901808 3.4028235E+38 3.4028235E+38 3.4028235E+38 3.4028235E+38 3.4028235E+38 3.4028235E+38 3.4028235E+38 3.4028235E+38 3.4028235E+38 3.4028235E+38 3.4028235E+38 3.4028235E+38 3.4028235E+38 3.4028235E+38 3.4028235E+38 3.4028235E+38
0.3677387 0.3725417 0.3766844 0.3776454 0.3798795 0.3807782 0.3823763 0.3834827 0.3843644 0.3836962 0.3834934 0.3844925 0.3846347 0.3828338 0.3813853 0.3797314 0.3779394 0.3762056 0.3742549 0.3723525 0.3705645 0.3684602 0.3648978 0.3609433 0.3564119 0.3529725 0.3490175 0.3433670 0.3376774 0.3315108 0.3255889 0.3189399 0.3108986 0.3056353 0.2966562 0.2912754 0.2853168 0.2838511 3.4028235E+38 3.4028235E+38 3.4028235E+38 3.4028235E+38 3.4028235E+38 3.4028235E+38 3.4028235E+38 3.4028235E+38 3.4028235E+38 3.4028235E+38 3.4028235E+38 3.4028235E+38 3.4028235E+38 3.4028235E+38 3.4028235E+38 3.4028235E+38 3.4028235E+38
0.3586127 0.3628464 0.3654967 0.3668073 0.3671041 0.3687243 0.3710877 0.3728119 0.3731836 0.3718417 0.3723747 0.3727418 0.3724051 0.3711191 0.3701169 0.3693360 0.3671042 0.3651726 0.3621544 0.3594838 0.3580547 0.3560340 0.3511508 0.3469898 0.3430738 0.3389642 0.3354093 0.3295438 0.3239180 0.3184675 0.3137747 0.3065158 0.2990851 0.2919583 0.2891996 0.2866044 0.2807028 0.2793303 3.4028235E+38 3.4028235E+38 3.4028235E+38 3.4028235E+38 3.4028235E+38 3.4028235E+38 3.4028235E+38 3.4028235E+38 3.4028235E+38 3.4028235E+38 3.4028235E+38 3.4028235E+38 3.4028235E+38 3.4028235E+38 3.4028235E+38 3.4028235E+38 3.4028235E+38
0.3502682 0.3511367 0.3538103 0.3559702 0.3561891 0.3579988 0.3594884 0.3613563 0.3624307 0.3613091 0.3607115 0.3615658 0.3612596 0.3600609 0.3587643 0.3571856 0.3547809 0.3541358 0.3505649 0.3463705 0.3440637 0.3413109 0.3372676 0.3334829 0.3293832 0.3254032 0.3206399 0.3155341 0.3102269 0.3048233 0.3001096 0.2944024 0.2859973 0.2855420 0.2832430 3.4028235E+38 0.2774684 3.4028235E+38 3.4028235E+38 3.4028235E+38 3.4028235E+38 3.4028235E+38 3.4028235E+38 3.4028235E+38 3.4028235E+38 3.4028235E+38 3.4028235E+38 3.4028235E+38 3.4028235E+38 3.4028235E+38 3.4028235E+38 3.4028235E+38 3.4028235E+38 3.4028235E+38 3.4028235E+38
0.3364805 0.3400920 0.3422101 0.3434656 0.3445520 0.3464516 0.3478196 0.3496982 0.3514136 0.3499207 0.3498706 0.3510043 0.3501245 0.3485427 0.3468829 0.3443673 0.3409458 0.3384227 0.3355854 0.3321332 0.3290070 0.3258125 0.3224903 0.3198774 0.3146365 0.3101005 0.3057482 0.3008573 0.2957677 0.2913135 0.2850524 0.2829792 0.2792543 0.2805399 0.2786544 3.4028235E+38 3.4028235E+38 3.4028235E+38 3.4028235E+38 3.4028235E+38 3.4028235E+38 3.4028235E+38 3.4028235E+38 3.4028235E+38 3.4028235E+38 3.4028235E+38 3.4028235E+38 3.4028235E+38 3.4028235E+38 3.4028235E+38 3.4028235E+38 3.4028235E+38 3.4028235E+38 3.4028235E+38 3.4028235E+38
0.3265449 0.3294741 0.3314804 0.3330913 0.3339294 0.3348776 0.3361167 0.3376465 0.3381166 0.3389613 0.3391929 0.3401871 0.3412082 0.3387404 0.3371492 0.3325767 0.3289463 0.3255281 0.3223652 0.3194113 0.3158148 0.3125824 0.3097605 0.3067131 0.3016273 0.2972180 0.2939557 0.2888321 0.2833782 0.2774087 0.2778498 0.2774351 0.2747684 0.2736470 3.4028235E+38 3.4028235E+38 3.4028235E+38 3.4028235E+38 3.4028235E+38 3.4028235E+38 3.4028235E+38 3.4028235E+38 3.4028235E+38 3.4028235E+38 3.4028235E+38 3.4028235E+38 3.4028235E+38 3.4028235E+38 3.4028235E+38 3.4028235E+38 3.4028235E+38 3.4028235E+38 3.4028235E+38 3.4028235E+38 3.4028235E+38
0.3157933 0.3184230 0.3205005 0.3219601 0.3228934 0.3233171 0.3244912 0.3258532 0.3260162 0.3278934 0.3289279 0.3302333 0.3272557 0.3248678 0.3214967 0.3178461 0.3146944 0.3104971 0.3078793 0.3061780 0.3018363 0.2981790 0.2947215 0.2913304 0.2878213 0.2835984 0.2802926 0.2726597 0.2723542 0.2705165 0.2687419 0.2683512 0.2681933 0.2678130 3.4028235E+38 3.4028235E+38 3.4028235E+38 3.4028235E+38 3.4028235E+38 3.4028235E+38 3.4028235E+38 3.4028235E+38 3.4028235E+38 3.4028235E+38 3.4028235E+38 3.4028235E+38 3.4028235E+38 3.4028235E+38 3.4028235E+38 3.4028235E+38 3.4028235E+38 3.4028235E+38 3.4028235E+38 3.4028235E+38 3.4028235E+38
0.3049024 0.3071550 0.3081578 0.3094756 0.3099942 0.3108472 0.3127634 0.3142788 0.3132888 0.3148865 0.3153612 0.3153295 0.3117282 0.3097865 0.3063464 0.3030600 0.2995661 0.2963453 0.2939606 0.2910847 0.2871540 0.2840345 0.2809387 0.2777128 0.2748708 0.2718366 0.2668843 0.2662746 0.2683596 0.2678126 0.2644464 0.2641762 0.2611266 3.4028235E+38 3.4028235E+38 3.4028235E+38 3.4028235E+38 3.4028235E+38 3.4028235E+38 3.4028235E+38 3.4028235E+38 3.4028235E+38 3.4028235E+38 3.4028235E+38 3.4028235E+38 3.4028235E+38 3.4028235E+38 3.4028235E+38 3.4028235E+38 3.4028235E+38 3.4028235E+38 3.4028235E+38 3.4028235E+38 3.4028235E+38 3.4028235E+38
0.2930478 0.2963136 0.2972435 0.2986980 0.2989980 0.2989573 0.3000342 0.3007611 0.3008018 0.3020372 0.3016882 0.2990777 0.2958128 0.2936158 0.2904946 0.2884157 0.2855272 0.2822697 0.2786499 0.2754750 0.2724554 0.2698519 0.2667926 0.2646526 0.2609137 0.2614108 0.2608126 0.2632623 0.2650417 0.2648440 0.2637674 0.2628340 0.2577760 3.4028235E+38 3.4028235E+38 3.4028235E+38 3.4028235E+38 3.4028235E+38 3.4028235E+38 3.4028235E+38 3.4028235E+38 3.4028235E+38 3.4028235E+38 3.4028235E+38 3.4028235E+38 3.4028235E+38 3.4028235E+38 3.4028235E+38 3.4028235E+38 3.4028235E+38 3.4028235E+38 3.4028235E+38 3.4028235E+38 3.4028235E+38 3.4028235E+38
0.2815823 0.2853397 0.2872912 0.2874341 0.2873084 0.2872232 0.2883816 0.2891279 0.2889000 0.2881889 0.2859843 0.2833167 0.2811270 0.2787706 0.2764006 0.2730002 0.2700794 0.2672485 0.2649675 0.2612160 0.2584047 0.2571652 0.2548407 0.2518817 0.2540300 0.2572927 0.2601659 0.2605903 0.2617702 0.2602902 0.2589269 0.2571942 0.2546223 3.4028235E+38 3.4028235E+38 3.4028235E+38 3.4028235E+38 3.4028235E+38 3.4028235E+38 3.4028235E+38 3.4028235E+38 3.4028235E+38 3.4028235E+38 3.4028235E+38 3.4028235E+38 3.4028235E+38 3.4028235E+38 3.4028235E+38 3.4028235E+38 3.4028235E+38 3.4028235E+38 3.4028235E+38 3.4028235E+38 3.4028235E+38 3.4028235E+38
0.2700283 0.2725722 0.2759112 0.2748657 0.2748556 0.2754657 0.2772463 0.2787152 0.2773133 0.2748857 0.2725275 0.2699715 0.2675062 0.2639795 0.2620422 0.2595674 0.2562729 0.2530803 0.2505870 0.2481394 0.2463860 0.2428435 0.2435187 0.2444782 0.2493417 0.2526780 0.2555020 0.2560153 0.2555324 0.2545791 0.2537166 0.2529266 0.2492033 3.4028235E+38 3.4028235E+38 3.4028235E+38 3.4028235E+38 3.4028235E+38 3.4028235E+38 3.4028235E+38 3.4028235E+38 3.4028235E+38 3.4028235E+38 3.4028235E+38 3.4028235E+38 3.4028235E+38 3.4028235E+38 3.4028235E+38 3.4028235E+38 3.4028235E+38 3.4028235E+38 3.4028235E+38 3.4028235E+38 3.4028235E+38 3.4028235E+38
0.2581133 0.2597985 0.2625482 0.2632796 0.2637216 0.2643206 0.2650915 0.2653848 0.2634673 0.2611074 0.2587435 0.2562394 0.2538704 0.2500976 0.2473963 0.2458800 0.2424988 0.2394392 0.2382076 0.2360500 0.2328160 0.2351993 0.2385856 0.2414901 0.2443449 0.2471402 0.2489123 0.2505094 0.2491715 0.2480352 0.2471775 0.2454619 3.4028235E+38 3.4028235E+38 3.4028235E+38 3.4028235E+38 3.4028235E+38 3.4028235E+38 3.4028235E+38 3.4028235E+38 3.4028235E+38 3.4028235E+38 3.4028235E+38 3.4028235E+38 3.4028235E+38 3.4028235E+38 3.4028235E+38 3.4028235E+38 3.4028235E+38 3.4028235E+38 3.4028235E+38 3.4028235E+38 3.4028235E+38 3.4028235E+38 3.4028235E+38
0.2474091 0.2478904 0.2500443 0.2512324 0.2518013 0.2523922 0.2527428 0.2514868 0.2513082 0.2479805 0.2453938 0.2424186 0.2394487 0.2355163 0.2329026 0.2314630 0.2292778 0.2273846 0.2234515 0.2249416 0.2263848 0.2308351 0.2340753 0.2373762 0.2403046 0.2416577 0.2427946 0.2454060 0.2433781 0.2419193 0.2406500 0.2387853 3.4028235E+38 3.4028235E+38 3.4028235E+38 3.4028235E+38 3.4028235E+38 3.4028235E+38 3.4028235E+38 3.4028235E+38 3.4028235E+38 3.4028235E+38 3.4028235E+38 3.4028235E+38 3.4028235E+38 3.4028235E+38 3.4028235E+38 3.4028235E+38 3.4028235E+38 3.4028235E+38 3.4028235E+38 3.4028235E+38 3.4028235E+38 3.4028235E+38 3.4028235E+38
0.2371137 0.2370669 0.2388020 0.2396348 0.2401833 0.2406240 0.2388295 0.2374352 0.2360625 0.2337712 0.2321579 0.2284941 0.2254946 0.2219382 0.2191344 0.2179659 0.2165789 0.2138400 0.2163727 0.2206512 0.2247157 0.2265802 0.2293613 0.2321046 0.2344359 0.2357669 0.2365119 0.2378809 0.2368008 0.2357799 0.2342194 3.4028235E+38 3.4028235E+38 3.4028235E+38 3.4028235E+38 3.4028235E+38 3.4028235E+38 3.4028235E+38 3.4028235E+38 3.4028235E+38 3.4028235E+38 3.4028235E+38 3.4028235E+38 3.4028235E+38 3.4028235E+38 3.4028235E+38 3.4028235E+38 3.4028235E+38 3.4028235E+38 3.4028235E+38 3.4028235E+38 3.4028235E+38 3.4028235E+38 3.4028235E+38 3.4028235E+38
0.2268824 0.2269465 0.2277321 0.2282303 0.2285754 0.2268046 0.2246039 0.2229465 0.2215359 0.2184912 0.2164869 0.2142431 0.2115151 0.2091270 0.2071639 0.2035720 0.2056142 0.2076346 0.2126862 0.2161963 0.2197032 0.2224154 0.2249209 0.2268023 0.2276436 0.2291648 0.2303270 0.2311775 0.2288190 0.2301170 0.2278672 3.4028235E+38 3.4028235E+38 3.4028235E+38 3.4028235E+38 3.4028235E+38 3.4028235E+38 3.4028235E+38 3.4028235E+38 3.4028235E+38 3.4028235E+38 3.4028235E+38 3.4028235E+38 3.4028235E+38 3.4028235E+38 3.4028235E+38 3.4028235E+38 3.4028235E+38 3.4028235E+38 3.4028235E+38 3.4028235E+38 3.4028235E+38 3.4028235E+38 3.4028235E+38 3.4028235E+38
0.2166134 0.2171193 0.2182929 0.2185579 0.2169310 0.2144643 0.2120500 0.2093160 0.2072056 0.2051398 0.2039576 0.2018440 0.2002312 0.1982211 0.1949494 0.1974484 0.2017963 0.2056990 0.2090326 0.2122442 0.2153510 0.2181728 0.2208622 0.2224295 0.2220935 0.2236736 0.2234505 0.2238353 0.2228806 0.2231335 3.4028235E+38 3.4028235E+38 3.4028235E+38 3.4028235E+38 3.4028235E+38 3.4028235E+38 3.4028235E+38 3.4028235E+38 3.4028235E+38 3.4028235E+38 3.4028235E+38 3.4028235E+38 3.4028235E+38 3.4028235E+38 3.4028235E+38 3.4028235E+38 3.4028235E+38 3.4028235E+38 3.4028235E+38 3.4028235E+38 3.4028235E+38 3.4028235E+38 3.4028235E+38 3.4028235E+38 3.4028235E+38
0.2072385 0.2081517 0.2086314 0.2072834 0.2043785 0.2018190 0.1993760 0.1971362 0.1951183 0.1936255 0.1914383 0.1896420 0.1863216 0.1895411 0.1891814 0.1938082 0.1977814 0.2033418 0.2056918 0.2084792 0.2112505 0.2141228 0.2181965 0.2182185 0.2176590 0.2169414 0.2180951 0.2193957 0.2175160 0.2158596 3.4028235E+38 3.4028235E+38 3.4028235E+38 3.4028235E+38 3.4028235E+38 3.4028235E+38 3.4028235E+38 3.4028235E+38 3.4028235E+38 3.4028235E+38 3.4028235E+38 3.4028235E+38 3.4028235E+38 3.4028235E+38 3.4028235E+38 3.4028235E+38 3.4028235E+38 3.4028235E+38 3.4028235E+38 3.4028235E+38 3.4028235E+38 3.4028235E+38 3.4028235E+38 3.4028235E+38 3.4028235E+38
0.1982032 0.1992391 0.1979915 0.1951639 0.1926519 0.1901865 0.1876434 0.1852485 0.1829021 0.1817457 0.1804019 0.1773160 0.1799419 0.1843539 0.1875931 0.1910066 0.1941919 0.1986825 0.2017955 0.2048366 0.2071795 0.2094343 0.2126642 0.2136884 0.2129099 0.2112172 0.2127037 0.2118529 0.2105548 0.2092585 3.4028235E+38 3.4028235E+38 3.4028235E+38 3.4028235E+38 3.4028235E+38 3.4028235E+38 3.4028235E+38 3.4028235E+38 3.4028235E+38 3.4028235E+38 3.4028235E+38 3.4028235E+38 3.4028235E+38 3.4028235E+38 3.4028235E+38 3.4028235E+38 3.4028235E+38 3.4028235E+38 3.4028235E+38 3.4028235E+38 3.4028235E+38 3.4028235E+38 3.4028235E+38 3.4028235E+38 3.4028235E+38
