LUCAS_GEMMES_COP27/includes/subsidence/Scenario_M1/TOT_SUBSIDENCE_2050_SINCE_2018_MKD_ONLY.ASC
NCOLS                318
NROWS                364
XLLCORNER      400000.00
YLLCORNER      907000.00
CELLSIZE         1000.00
NODATA_VALUE    0.3402823E+39
[rows 216 to 239 of 364, columns 165 to 219 of 318]
0.2273966 0.2274876 0.2273118 0.2204618 0.2200290 0.2202805 0.2272817 0.2283756 0.2289446 0.2289385 0.2295676 0.2297166 0.2304762 0.2318641 0.2253146 0.2262072 0.2270674 0.2284830 0.2296496 0.2379355 0.2394005 0.2407169 0.2423638 0.2452917 0.2411325 0.2501041 0.2535117 0.2507941 0.2539037 0.2566001 0.2652731 0.2675949 0.2702861 0.2736971 0.2747770 0.2618988 0.2670539 0.2717134 0.2720738 0.2675156 0.2616998 0.2544323 0.2447982 0.2402406 0.2392525 0.2365029 0.2274222 0.2259678 0.2257838 0.2286214 0.2296206 0.2289483 0.2274559 0.2255274 0.2277393
0.2322943 0.2320732 0.2315889 0.2307521 0.2296905 0.2233496 0.2236461 0.2305929 0.2309171 0.2305539 0.2311086 0.2255414 0.2259485 0.2265029 0.2267791 0.2339013 0.2346138 0.2352483 0.2365023 0.2372620 0.2378165 0.2388805 0.2409197 0.2441575 0.2405370 0.2435104 0.2465324 0.2491480 0.2572722 0.2603076 0.2625188 0.2646011 0.2678540 0.2704085 0.2669568 0.2670351 0.2667936 0.2673609 0.2636469 0.2581370 0.2503401 0.2403165 0.2264701 0.2227590 0.2210021 0.2242523 0.2221673 0.2206303 0.2176591 0.2170066 0.2181287 0.2194595 0.2180574 0.2190007 0.2221340
0.2373296 0.2364402 0.2357601 0.2347353 0.2334851 0.2325726 0.2261204 0.2261800 0.2262347 0.2261360 0.2264730 0.2268706 0.2338524 0.2341214 0.2340374 0.2345393 0.2359710 0.2355381 0.2367651 0.2373608 0.2312908 0.2323557 0.2353198 0.2374298 0.2399701 0.2425341 0.2447709 0.2529287 0.2555934 0.2580861 0.2608261 0.2631466 0.2610175 0.2623652 0.2642881 0.2658299 0.2637601 0.2602132 0.2563407 0.2497839 0.2415422 0.2293049 0.2188517 0.2180849 0.2123965 0.2148958 0.2153451 0.2147276 0.2134738 0.2124668 0.2102392 0.2110658 0.2122668 0.2154876 0.2172585
0.2415949 0.2402147 0.2393528 0.2380469 0.2358604 0.2350075 0.2347092 0.2286072 0.2283504 0.2280315 0.2279497 0.2340509 0.2342573 0.2346276 0.2345915 0.2347430 0.2352915 0.2360450 0.2305232 0.2318689 0.2318987 0.2394428 0.2419673 0.2374086 0.2391891 0.2412480 0.2433898 0.2460570 0.2540411 0.2566458 0.2540258 0.2566640 0.2582330 0.2647791 0.2629511 0.2609166 0.2578877 0.2541848 0.2500820 0.2425001 0.2322238 0.2202937 0.2197891 0.2151759 0.2073063 0.2056674 0.2089515 0.2087466 0.2084520 0.2068616 0.2052684 0.2045126 0.2064905 0.2083175 0.2109211
0.2457887 0.2440995 0.2421367 0.2406875 0.2391591 0.2385305 0.2323436 0.2316083 0.2371774 0.2359951 0.2299794 0.2296700 0.2356073 0.2356844 0.2359857 0.2359022 0.2294793 0.2298244 0.2308776 0.2388798 0.2394620 0.2399628 0.2419796 0.2372971 0.2389071 0.2462444 0.2490990 0.2458408 0.2478745 0.2508887 0.2528009 0.2582925 0.2602021 0.2621257 0.2605760 0.2581810 0.2554377 0.2509315 0.2463769 0.2388644 0.2302382 0.2228678 0.2201297 0.2150004 0.2086890 0.2021016 0.2007467 0.2028440 0.2033882 0.2010731 0.1985418 0.1997947 0.2033478 0.2037450 0.2070342
0.2504643 0.2489760 0.2464395 0.2446286 0.2432221 0.2366122 0.2355679 0.2400237 0.2395919 0.2388936 0.2383310 0.2318139 0.2314666 0.2313392 0.2314004 0.2313357 0.2311131 0.2381726 0.2387718 0.2396943 0.2402883 0.2349237 0.2362878 0.2377556 0.2446323 0.2463197 0.2490087 0.2451082 0.2472552 0.2496870 0.2561346 0.2567881 0.2586120 0.2569828 0.2587255 0.2566168 0.2530885 0.2484868 0.2400936 0.2340679 0.2286394 0.2256082 0.2203019 0.2148921 0.2093410 0.2036337 0.1977969 0.1960700 0.1969038 0.1943170 0.1946107 0.1972900 0.1988224 0.1996783 0.2029348
0.2504324 0.2536740 0.2511649 0.2489152 0.2417321 0.2402360 0.2441456 0.2428180 0.2425429 0.2418202 0.2410209 0.2404792 0.2342667 0.2337375 0.2397797 0.2397796 0.2397461 0.2400219 0.2404766 0.2403552 0.2350908 0.2359359 0.2433535 0.2445799 0.2454223 0.2468841 0.2436206 0.2459022 0.2530788 0.2489431 0.2549878 0.2522799 0.2517689 0.2515427 0.2548125 0.2529132 0.2500985 0.2424511 0.2382273 0.2321121 0.2292923 0.2246929 0.2198218 0.2149833 0.2099399 0.2040570 0.1995904 0.1939909 0.1923819 0.1915101 0.1931492 0.1942209 0.1943509 0.1968793 0.2018982
0.2560833 0.2531705 0.2556976 0.2479620 0.2455747 0.2493122 0.2476588 0.2465262 0.2458573 0.2449234 0.2441286 0.2436771 0.2371071 0.2367836 0.2423657 0.2423089 0.2421731 0.2416137 0.2360178 0.2362893 0.2367952 0.2435733 0.2444711 0.2461902 0.2472522 0.2434881 0.2445703 0.2507567 0.2517189 0.2481482 0.2491126 0.2495034 0.2529704 0.2484862 0.2473418 0.2457100 0.2430649 0.2394443 0.2381911 0.2328615 0.2280272 0.2231466 0.2188884 0.2144860 0.2103259 0.2054509 0.2008302 0.1970911 0.1946388 0.1912545 0.1907007 0.1909976 0.1921397 0.1960792 0.2006088
0.2669629 0.2585474 0.2554653 0.2526197 0.2554493 0.2539662 0.2522097 0.2507018 0.2493522 0.2483692 0.2475074 0.2466878 0.2460722 0.2398695 0.2453466 0.2451740 0.2453018 0.2382195 0.2383828 0.2442614 0.2449409 0.2457708 0.2461786 0.2474175 0.2431947 0.2451244 0.2511169 0.2515908 0.2476515 0.2478867 0.2531220 0.2508441 0.2510223 0.2496461 0.2486158 0.2461603 0.2439048 0.2398668 0.2362643 0.2313938 0.2272147 0.2224306 0.2181828 0.2139310 0.2103555 0.2064653 0.2023778 0.1990824 0.1963376 0.1941616 0.1929349 0.1916907 0.1910220 0.1932401 0.1990107
0.2730196 0.2644263 0.2608283 0.2576481 0.2605528 0.2586393 0.2567475 0.2552062 0.2532099 0.2519707 0.2509592 0.2501243 0.2496063 0.2435476 0.2432250 0.2428320 0.2424661 0.2413092 0.2472547 0.2461446 0.2474950 0.2481149 0.2480738 0.2442815 0.2455614 0.2518359 0.2520722 0.2477347 0.2478406 0.2523743 0.2505914 0.2490942 0.2483333 0.2467551 0.2456269 0.2433191 0.2411255 0.2373588 0.2335932 0.2293314 0.2253810 0.2215185 0.2182167 0.2140018 0.2102482 0.2064788 0.2036748 0.2006247 0.1978185 0.1960056 0.1936892 0.1904009 0.1905585 0.1919640 0.1958822
0.2795740 0.2708175 0.2718146 0.2630095 0.2599555 0.2627431 0.2608889 0.2593326 0.2571110 0.2559258 0.2549215 0.2538803 0.2528900 0.2526322 0.2466416 0.2463199 0.2520758 0.2507388 0.2512365 0.2509709 0.2427089 0.2481469 0.2468450 0.2472600 0.2531290 0.2530344 0.2484796 0.2495908 0.2525586 0.2504285 0.2496447 0.2466553 0.2451050 0.2435762 0.2421569 0.2403146 0.2404194 0.2350852 0.2312288 0.2270727 0.2240995 0.2203571 0.2171060 0.2138159 0.2113263 0.2071434 0.2049118 0.2019722 0.1996915 0.1978448 0.1952351 0.1915807 0.1936475 0.1930006 0.1971293
0.2812542 0.2774060 0.2786652 0.2750827 0.2662374 0.2686735 0.2662564 0.2639391 0.2618768 0.2603260 0.2591253 0.2520099 0.2508096 0.2502878 0.2500578 0.2501513 0.2558347 0.2548140 0.2553089 0.2500521 0.2495466 0.2496064 0.2558713 0.2546725 0.2544642 0.2529345 0.2496731 0.2537072 0.2521752 0.2480597 0.2473124 0.2444934 0.2429735 0.2406491 0.2391164 0.2365170 0.2344932 0.2314200 0.2277209 0.2241698 0.2211931 0.2188369 0.2160424 0.2133357 0.2113108 0.2077471 0.2063503 0.2031457 0.2010714 0.1997420 0.1983507 0.1965959 0.1964519 0.1969215 0.1979708
0.2883736 0.2894721 0.2857295 0.2822179 0.2733814 0.2698402 0.2721577 0.2695788 0.2673034 0.2598569 0.2582063 0.2566156 0.2606356 0.2597409 0.2596807 0.2544385 0.2538654 0.2534112 0.2531056 0.2525622 0.2579783 0.2583660 0.2581056 0.2566799 0.2566705 0.2506641 0.2512601 0.2549919 0.2511098 0.2480406 0.2456709 0.2424484 0.2403508 0.2373282 0.2349731 0.2324483 0.2298934 0.2264507 0.2241439 0.2211032 0.2179585 0.2148605 0.2113736 0.2106184 0.2099512 0.2076675 0.2061707 0.2046129 0.2033260 0.2017199 0.2000255 0.1984873 0.1979868 0.1982623 0.1983445
0.2962607 0.2970483 0.2928180 0.2893965 0.2860219 0.2767325 0.2732588 0.2761438 0.2681662 0.2657374 0.2689759 0.2671881 0.2660002 0.2653552 0.2650104 0.2651486 0.2645626 0.2585949 0.2580714 0.2579613 0.2569465 0.2612053 0.2609666 0.2608391 0.2589140 0.2533738 0.2566433 0.2546731 0.2510770 0.2474669 0.2439718 0.2401564 0.2368360 0.2336708 0.2313784 0.2295440 0.2240945 0.2204016 0.2186845 0.2159081 0.2136544 0.2093730 0.2069337 0.2080503 0.2079360 0.2069415 0.2062772 0.2060336 0.2040399 0.2019170 0.2005989 0.1986251 0.1978593 0.1995616 0.1992214
0.3045960 0.3052705 0.3012351 0.2980147 0.2938623 0.2894913 0.2806178 0.2775577 0.2742693 0.2772974 0.2748526 0.2727560 0.2717232 0.2712142 0.2714273 0.2711979 0.2708962 0.2703305 0.2695971 0.2686348 0.2622386 0.2612272 0.2602251 0.2590840 0.2574012 0.2552731 0.2585009 0.2537759 0.2512384 0.2467286 0.2425459 0.2388420 0.2338676 0.2295627 0.2256410 0.2217280 0.2174818 0.2125061 0.2113062 0.2098393 0.2087431 0.2083718 0.2053225 0.2066344 0.2069560 0.2067445 0.2062666 0.2050178 0.2035918 0.2019134 0.2012419 0.1994816 0.1970695 0.1993891 0.1993384
0.3126694 0.3137865 0.3098395 0.3053041 0.3011503 0.2968918 0.2931856 0.2842310 0.2807976 0.2834418 0.2811521 0.2795239 0.2783836 0.2779886 0.2779886 0.2767409 0.2767193 0.2770461 0.2760502 0.2749221 0.2730290 0.2710898 0.2693529 0.2675568 0.2657123 0.2631946 0.2544999 0.2528387 0.2517090 0.2461978 0.2418272 0.2389847 0.2314282 0.2256587 0.2204280 0.2151475 0.2092409 0.2002151 0.2000220 0.2031735 0.2026785 0.1969482 0.1970263 0.2024195 0.2041814 0.2049168 0.2033333 0.2024543 0.2016042 0.2004974 0.2000804 0.1991111 0.1992561 0.2002347 0.1994798
0.3205128 0.3224041 0.3188584 0.3134054 0.3091684 0.3045967 0.3007844 0.2972004 0.2885660 0.2855949 0.2890600 0.2876188 0.2868982 0.2861702 0.2849799 0.2831154 0.2842113 0.2854655 0.2833012 0.2821372 0.2788526 0.2765235 0.2745680 0.2717085 0.2671364 0.2595689 0.2586256 0.2582053 0.2516530 0.2467807 0.2409605 0.2351659 0.2283303 0.2218711 0.2154227 0.2091097 0.2027797 0.1946932 0.1974569 0.1990147 0.1976896 0.1924119 0.1966064 0.1988605 0.2009305 0.2007567 0.2003613 0.2007281 0.2002799 0.1990387 0.1991661 0.1983595 0.1990690 0.1990744 0.1985311
0.3292931 0.3243299 0.3272029 0.3212954 0.3158123 0.3140289 0.3097079 0.3060492 0.3024230 0.2933716 0.2977200 0.2964940 0.2954504 0.2943360 0.2925082 0.2904154 0.2906408 0.2908940 0.2909631 0.2889387 0.2850332 0.2818676 0.2792900 0.2763397 0.2716272 0.2628238 0.2641016 0.2635408 0.2535133 0.2447519 0.2410353 0.2337617 0.2251448 0.2174760 0.2104648 0.2035173 0.1979266 0.1914942 0.1942997 0.1945684 0.1930056 0.1882814 0.1922159 0.1946325 0.1967004 0.1976982 0.1969408 0.1966608 0.1965982 0.1964180 0.1967514 0.1963485 0.1971623 0.1983152 0.1968104
0.3433070 0.3322023 0.3285745 0.3318433 0.3266615 0.3235969 0.3178746 0.3155572 0.3128828 0.3032615 0.3020166 0.3063236 0.3044407 0.3034301 0.3001975 0.3002765 0.2990552 0.2976161 0.2990581 0.2941283 0.2885108 0.2827424 0.2795098 0.2801983 0.2711655 0.2703950 0.2714788 0.2657965 0.2559763 0.2471779 0.2420559 0.2331011 0.2216647 0.2132768 0.2058380 0.1965899 0.1928476 0.1906510 0.1933968 0.1924351 0.1899678 0.1851251 0.1890349 0.1916705 0.1940591 0.1974923 0.1944628 0.1934969 0.1934465 0.1940650 0.1944430 0.1947286 0.1946586 0.1945871 0.1938566
0.3493591 0.3448234 0.3360679 0.3323991 0.3339121 0.3297167 0.3246062 0.3228154 0.3214102 0.3169809 0.3106073 0.3085506 0.3134101 0.3107539 0.3075021 0.3076566 0.3069793 0.3055872 0.3053407 0.2954418 0.2933858 0.2947582 0.2859120 0.2811219 0.2784764 0.2754211 0.2758432 0.2701637 0.2625476 0.2497895 0.2446441 0.2380270 0.2154681 0.2078076 0.2025974 0.1981333 0.1989727 0.1961579 0.1944288 0.1915657 0.1881307 0.1832639 0.1870022 0.1895542 0.1913370 0.1924471 0.1918567 0.1912995 0.1911152 0.1921936 0.1923477 0.1911801 0.1908417 0.1918482 0.1914009
0.3563939 0.3521929 0.3486601 0.3390304 0.3357002 0.3382376 0.3347954 0.3320503 0.3306497 0.3266345 0.3233414 0.3155307 0.3144006 0.3183363 0.3179477 0.3150060 0.3074928 0.3040389 0.3046315 0.3015474 0.2986719 0.3001895 0.2980720 0.2909185 0.2897087 0.2841406 0.2824564 0.2778695 0.2621331 0.2525107 0.2437874 0.2345756 0.2193323 0.2182354 0.2142133 0.2082698 0.2052615 0.2002270 0.1957458 0.1918525 0.1875844 0.1824300 0.1858400 0.1881575 0.1895979 0.1900288 0.1900920 0.1897852 0.1894260 0.1892298 0.1882626 0.1874963 0.1898636 0.1898348 0.1891453
0.3580498 0.3592040 0.3565365 0.3513815 0.3423959 0.3394037 0.3419851 0.3391452 0.3370300 0.3336158 0.3303287 0.3274583 0.3212403 0.3198442 0.3188390 0.3160132 0.3139710 0.3113436 0.3090841 0.3052290 0.3057318 0.3034317 0.2983065 0.2979559 0.2963361 0.2896474 0.2819006 0.2752958 0.2658275 0.2594634 0.2475978 0.2389091 0.2324018 0.2327586 0.2217373 0.2137587 0.2089205 0.2037392 0.1978674 0.1929356 0.1881522 0.1825135 0.1854813 0.1872434 0.1888434 0.1890578 0.1885163 0.1887237 0.1879617 0.1876324 0.1878487 0.1882195 0.1882984 0.1880340 0.1871745
0.3654065 0.3605704 0.3620768 0.3579377 0.3542981 0.3455419 0.3438812 0.3457433 0.3443155 0.3404669 0.3356202 0.3332933 0.3297481 0.3274303 0.3249087 0.3222226 0.3209939 0.3219731 0.3194995 0.3162091 0.3120988 0.3064680 0.3057902 0.3031307 0.2955935 0.2907963 0.2850984 0.2808920 0.2723466 0.2626946 0.2543990 0.2466977 0.2393017 0.2325308 0.2242630 0.2162980 0.2095374 0.2039385 0.1991328 0.1936432 0.1890163 0.1837192 0.1861446 0.1874997 0.1885807 0.1887560 0.1875070 0.1868303 0.1863690 0.1862083 0.1856682 0.1856421 0.1849311 0.1845177 0.1842481
0.3752419 0.3658868 0.3674968 0.3639493 0.3606803 0.3571751 0.3486202 0.3454947 0.3489560 0.3461186 0.3442979 0.3358824 0.3349655 0.3382750 0.3353565 0.3318909 0.3294770 0.3263230 0.3253864 0.3204946 0.3161397 0.3080117 0.3059225 0.3038843 0.2985435 0.2963961 0.2917172 0.2837120 0.2751982 0.2667719 0.2589754 0.2496550 0.2410112 0.2346397 0.2274202 0.2181257 0.2097140 0.2035477 0.1970293 0.1925001 0.1895800 0.1861551 0.1879238 0.1881176 0.1888499 0.1901008 0.1860727 0.1842543 0.1845924 0.1840926 0.2174787 0.1841845 0.2222630 3.4028235E+38 3.4028235E+38
