LUCAS_GEMMES_COP27/includes/subsidence/Scenario_M1/TOT_SUBSIDENCE_2080_SINCE_2018_MKD_ONLY.ASC
NCOLS                318
NROWS                364
XLLCORNER      400000.00
YLLCORNER      907000.00
CELLSIZE         1000.00
NODATA_VALUE    0.3402823E+39
[rows 72 to 95 of 364, columns 165 to 219 of 318]
0.1589624 0.1584980 0.1590076 0.1606702 0.1638493 0.1651120 0.1659279 0.1679161 0.1694288 0.1709039 0.1721752 0.1735953 0.1747760 0.1759596 0.1775320 0.1806059 0.1835602 0.1861265 0.1895456 0.1927907 0.1956073 0.1988689 0.2022372 0.2050221 0.2102572 0.2150377 0.2186439 0.2223149 0.2253131 0.2295615 0.2306195 0.2322323 0.2346844 0.2369330 0.2384536 0.2412736 3.4028235E+38 0.2466338 0.2496638 0.2517036 0.2540676 0.2561857 0.2599494 0.2588232 0.2563558 0.2528421 0.2480834 0.2444872 3.4028235E+38 3.4028235E+38 3.4028235E+38 3.4028235E+38 3.4028235E+38 3.4028235E+38 3.4028235E+38
0.1595256 0.1599526 0.1610531 0.1627668 0.1641452 0.1659651 0.1671584 0.1684439 0.1697868 0.1731569 0.1741220 0.1752210 0.1773204 0.1792792 0.1810111 0.1821102 0.1853901 0.1883379 0.1913102 0.1942485 0.1976996 0.2004654 0.2041115 0.2084717 0.2122822 0.2166924 0.2212410 0.2246742 0.2271820 0.2317052 0.2346596 0.2362357 0.2388628 0.2412812 0.2438595 0.2460048 0.2483580 0.2507438 0.2531671 0.2570793 0.2585363 0.2623352 0.2636055 0.2586797 0.2579448 0.2561080 0.2503661 0.2459381 0.2430736 3.4028235E+38 3.4028235E+38 3.4028235E+38 3.4028235E+38 3.4028235E+38 3.4028235E+38
0.1600977 0.1625965 0.1633420 0.1644433 0.1661395 0.1678889 0.1692084 0.1705283 0.1719721 0.1739772 0.1760370 0.1774803 0.1792707 0.1809629 0.1831896 0.1856939 0.1880198 0.1904625 0.1924079 0.1960102 0.1990512 0.2020096 0.2058976 0.2092251 0.2137531 0.2178852 0.2226451 0.2267589 0.2291771 0.2337294 0.2385158 0.2415479 0.2444460 0.2454367 0.2481356 0.2517112 0.2559348 0.2549243 0.2572867 0.2602023 0.2654258 0.2658333 0.2634282 0.2611221 0.2592510 0.2557686 0.2513785 0.2477320 0.2435670 0.2397129 0.2347818 3.4028235E+38 3.4028235E+38 3.4028235E+38 3.4028235E+38
0.1615674 0.1632423 0.1651597 0.1669877 0.1682322 0.1703924 0.1720816 0.1738371 0.1746341 0.1758290 0.1773131 0.1790002 0.1808894 0.1829810 0.1854446 0.1879376 0.1902608 0.1921171 0.1946946 0.1978866 0.2005760 0.2038518 0.2074803 0.2111548 0.2150249 0.2197024 0.2239501 0.2290908 0.2309413 0.2356977 0.2389325 0.2430179 0.2460675 0.2493056 0.2528384 0.2539656 0.2579526 0.2583904 0.2612925 0.2632714 0.2657776 0.2638968 0.2623007 0.2603655 0.2587426 0.2552330 0.2515958 0.2477001 0.2436498 0.2400666 0.2364580 0.2329469 3.4028235E+38 3.4028235E+38 3.4028235E+38
0.1634405 0.1651858 0.1681525 0.1695774 0.1716733 0.1731732 0.1737726 0.1747580 0.1767170 0.1775555 0.1790560 0.1806656 0.1825478 0.1850165 0.1872737 0.1897481 0.1919121 0.1944592 0.1968564 0.1997705 0.2028438 0.2060951 0.2094375 0.2134750 0.2171196 0.2210517 0.2250509 0.2294864 0.2327366 0.2376279 0.2408932 0.2456804 0.2486002 0.2516603 0.2561719 0.2565437 0.2606993 0.2613909 0.2646743 0.2669939 0.2672001 0.2642801 0.2626722 0.2604815 0.2578480 0.2544255 0.2506638 0.2470853 0.2436033 0.2400433 0.2364856 0.2331778 0.2298629 0.2263059 0.2226168
0.1655569 0.1682267 0.1702781 0.1704843 0.1732256 0.1746243 0.1758759 0.1765631 0.1779617 0.1793241 0.1811605 0.1828055 0.1842366 0.1861802 0.1890346 0.1916641 0.1942836 0.1968329 0.1990557 0.2019333 0.2049676 0.2072994 0.2105257 0.2147299 0.2186179 0.2220999 0.2275431 0.2299030 0.2345630 0.2388497 0.2421409 0.2456993 0.2494575 0.2524061 0.2564716 0.2602373 0.2627875 0.2639582 0.2675827 0.2690869 0.2674173 0.2656302 0.2622184 0.2596329 0.2573989 0.2533662 0.2501052 0.2468092 0.2431355 0.2399403 0.2366313 0.2338375 0.2307112 0.2278403 0.2239999
0.1676615 0.1705771 0.1724983 0.1738378 0.1748505 0.1759399 0.1770698 0.1782173 0.1794429 0.1807812 0.1827125 0.1845259 0.1858233 0.1883457 0.1907176 0.1937799 0.1966975 0.1989810 0.2011135 0.2045165 0.2075127 0.2091918 0.2116122 0.2150769 0.2187437 0.2231591 0.2274890 0.2300116 0.2341868 0.2386022 0.2430751 0.2462382 0.2495230 0.2530043 0.2578379 0.2616653 0.2630208 0.2644558 0.2675578 0.2681730 0.2664710 0.2642633 0.2618327 0.2596159 0.2564999 0.2525609 0.2496340 0.2462654 0.2427564 0.2395568 0.2366601 0.2338121 0.2312568 0.2284101 0.2254971
0.1706891 0.1715929 0.1743984 0.1753611 0.1765071 0.1775583 0.1786593 0.1801517 0.1813227 0.1822105 0.1841071 0.1866722 0.1886741 0.1908495 0.1926817 0.1951604 0.1982843 0.2008217 0.2030056 0.2064302 0.2094182 0.2119643 0.2146143 0.2173230 0.2216664 0.2259566 0.2284430 0.2325102 0.2362631 0.2402702 0.2445153 0.2475835 0.2502859 0.2531614 0.2569437 0.2616034 0.2632686 0.2641229 0.2674847 0.2669941 0.2650650 0.2632255 0.2612242 0.2574461 0.2541766 0.2514653 0.2487199 0.2458633 0.2422757 0.2392185 0.2365866 0.2342003 0.2317799 0.2285043 0.2255269
0.1737395 0.1748267 0.1762601 0.1774122 0.1782833 0.1791606 0.1802099 0.1812391 0.1825680 0.1847220 0.1861259 0.1880685 0.1906182 0.1928083 0.1950927 0.1969407 0.1994687 0.2020691 0.2047881 0.2082122 0.2111752 0.2137201 0.2170852 0.2196310 0.2238849 0.2274922 0.2311147 0.2348095 0.2385893 0.2422094 0.2456461 0.2481783 0.2501565 0.2521807 0.2560920 0.2596064 0.2619126 0.2674837 0.2685097 0.2659767 0.2641618 0.2623985 0.2601393 0.2560529 0.2538836 0.2508769 0.2490183 0.2448252 0.2419274 0.2389949 0.2366094 0.2336795 0.2306246 0.2281502 0.2260467
0.1738573 0.1752717 0.1771413 0.1788953 0.1794840 0.1805427 0.1817490 0.1834605 0.1846693 0.1862776 0.1884959 0.1898859 0.1918758 0.1945635 0.1968162 0.1991859 0.2011569 0.2037607 0.2070483 0.2098734 0.2125521 0.2153526 0.2189289 0.2224185 0.2261148 0.2295690 0.2330350 0.2359604 0.2397395 0.2426036 0.2459151 0.2482917 0.2504448 0.2526772 0.2551419 0.2584752 0.2600622 0.2633362 0.2675088 0.2655443 0.2635724 0.2610261 0.2581412 0.2554412 0.2531650 0.2492611 0.2468391 0.2437214 0.2412160 0.2385057 0.2363712 0.2332284 0.2300895 0.2278801 0.2253766
0.1751982 0.1763460 0.1784250 0.1797182 0.1806668 0.1821562 0.1833780 0.1854224 0.1867500 0.1878850 0.1894985 0.1920565 0.1935627 0.1956722 0.1984478 0.2007377 0.2027915 0.2053962 0.2081485 0.2113777 0.2142144 0.2170162 0.2207637 0.2240309 0.2273906 0.2307684 0.2341788 0.2375688 0.2409665 0.2431393 0.2460109 0.2484787 0.2524549 0.2530718 0.2545863 0.2554354 0.2575913 0.2605858 0.2663645 0.2660573 0.2624612 0.2591745 0.2555041 0.2539341 0.2518808 0.2491552 0.2460699 0.2429965 0.2402498 0.2378391 0.2349271 0.2324190 0.2302010 0.2282332 0.2259552
0.1765101 0.1773641 0.1788295 0.1809915 0.1819959 0.1841840 0.1851200 0.1866563 0.1887751 0.1896560 0.1907462 0.1926882 0.1956204 0.1972377 0.1995711 0.2018533 0.2043419 0.2075161 0.2097586 0.2125625 0.2157732 0.2185385 0.2219818 0.2252498 0.2282471 0.2316300 0.2353167 0.2387904 0.2404889 0.2445606 0.2463342 0.2491829 0.2509302 0.2514104 0.2522663 0.2533011 0.2543760 0.2573772 0.2599473 0.2624582 0.2620056 0.2577567 0.2535321 0.2513241 0.2505555 0.2477329 0.2442385 0.2415422 0.2387286 0.2363218 0.2337185 0.2320737 0.2295384 0.2279272 0.2251299
0.1777011 0.1789616 0.1805528 0.1823583 0.1836361 0.1848991 0.1865991 0.1879535 0.1897163 0.1912608 0.1924477 0.1943503 0.1961854 0.1990885 0.2008758 0.2032493 0.2061215 0.2084735 0.2113792 0.2141197 0.2171762 0.2191310 0.2221967 0.2253458 0.2299628 0.2316995 0.2354767 0.2391065 0.2416230 0.2455479 0.2472317 0.2489205 0.2489354 0.2493995 0.2499414 0.2508926 0.2514700 0.2532578 0.2557237 0.2574821 0.2585673 0.2564753 0.2535790 0.2500333 0.2487821 0.2458352 0.2423422 0.2398142 0.2373362 0.2348412 0.2326294 0.2312970 0.2288547 0.2265612 0.2245377
0.1790196 0.1804614 0.1819665 0.1837509 0.1857104 0.1865295 0.1879521 0.1896242 0.1910205 0.1926087 0.1937749 0.1957919 0.1974350 0.1998725 0.2021268 0.2045436 0.2071240 0.2098475 0.2129540 0.2158437 0.2191060 0.2209901 0.2241683 0.2266423 0.2298006 0.2335244 0.2380460 0.2400226 0.2426398 0.2462368 0.2471343 0.2469078 0.2478873 0.2487313 0.2485222 0.2486311 0.2490341 0.2496828 0.2512054 0.2530978 0.2560711 0.2553983 0.2527775 0.2485682 0.2457699 0.2434793 0.2400893 0.2380473 0.2362123 0.2337095 0.2317066 0.2302321 0.2280475 0.2253260 0.2234474
0.1806963 0.1823667 0.1842201 0.1853015 0.1873722 0.1879853 0.1893749 0.1909636 0.1931061 0.1937858 0.1950440 0.1970471 0.1992676 0.2010024 0.2032826 0.2060484 0.2083599 0.2114347 0.2142454 0.2171977 0.2207712 0.2234339 0.2269751 0.2282329 0.2322714 0.2359669 0.2383212 0.2420997 0.2437307 0.2453338 0.2449135 0.2451328 0.2452688 0.2459636 0.2458026 0.2461997 0.2467325 0.2473298 0.2480672 0.2492326 0.2502943 0.2514470 0.2506917 0.2463426 0.2433847 0.2411974 0.2382406 0.2362586 0.2344325 0.2328742 0.2309625 0.2290748 0.2264576 0.2243905 0.2224844
0.1818103 0.1836832 0.1851861 0.1866506 0.1879365 0.1892734 0.1908015 0.1921545 0.1936208 0.1946971 0.1961580 0.1978667 0.1994801 0.2022872 0.2043238 0.2068070 0.2095338 0.2123813 0.2155899 0.2186715 0.2222474 0.2249878 0.2277674 0.2302082 0.2348838 0.2376796 0.2397629 0.2413152 0.2419771 0.2425618 0.2428346 0.2428446 0.2436065 0.2431880 0.2437978 0.2440516 0.2443608 0.2452928 0.2456758 0.2454593 0.2459470 0.2459241 0.2457940 0.2438214 0.2413522 0.2394061 0.2370392 0.2347242 0.2326396 0.2309139 0.2286774 0.2263308 0.2249103 0.2234066 0.2240586
0.1842259 0.1850803 0.1866153 0.1878242 0.1892863 0.1911404 0.1925840 0.1937942 0.1947138 0.1956894 0.1977271 0.1989765 0.2004653 0.2029133 0.2056025 0.2076954 0.2103388 0.2125413 0.2165545 0.2200214 0.2224522 0.2263011 0.2302472 0.2330288 0.2355725 0.2394278 0.2411519 0.2408543 0.2404245 0.2406673 0.2408661 0.2409889 0.2412491 0.2413017 0.2413306 0.2418410 0.2419698 0.2423035 0.2422986 0.2424510 0.2428919 0.2431735 0.2433878 0.2420087 0.2388672 0.2374508 0.2351992 0.2328081 0.2304106 0.2284319 0.2269096 0.2248623 0.2231223 0.2214518 0.2193091
0.1853572 0.1867601 0.1875539 0.1888654 0.1905963 0.1920814 0.1934140 0.1946611 0.1954416 0.1967278 0.1986539 0.2002603 0.2019628 0.2035919 0.2058594 0.2087028 0.2113028 0.2143457 0.2178296 0.2214354 0.2246225 0.2283338 0.2321244 0.2354344 0.2373778 0.2385972 0.2387227 0.2386135 0.2382886 0.2386910 0.2387718 0.2396833 0.2392413 0.2394526 0.2392353 0.2397289 0.2402818 0.2400937 0.2398872 0.2399331 0.2399831 0.2404432 0.2388310 0.2376996 0.2370123 0.2352777 0.2331794 0.2311621 0.2293003 0.2270543 0.2252620 0.2232821 0.2216475 0.2199038 0.2179083
0.1865367 0.1876645 0.1888104 0.1897077 0.1910779 0.1923672 0.1942604 0.1953938 0.1967132 0.1974278 0.1988119 0.2006734 0.2025276 0.2043547 0.2063455 0.2089212 0.2117827 0.2145618 0.2179446 0.2222165 0.2269114 0.2308800 0.2356035 0.2367954 0.2383507 0.2368778 0.2367197 0.2366491 0.2366052 0.2366652 0.2370497 0.2372196 0.2367361 0.2370815 0.2376344 0.2374781 0.2379432 0.2379961 0.2376330 0.2373641 0.2367298 0.2366029 0.2359270 0.2350764 0.2344942 0.2327412 0.2309686 0.2297017 0.2281695 0.2263808 0.2243409 0.2226777 0.2208245 0.2188412 0.2174639
0.1870751 0.1883156 0.1895701 0.1908613 0.1918105 0.1929102 0.1942582 0.1954361 0.1966901 0.1978986 0.1989365 0.2003942 0.2022022 0.2046303 0.2068412 0.2091885 0.2119130 0.2144742 0.2185066 0.2237531 0.2282602 0.2336607 0.2360022 0.2348847 0.2353412 0.2353200 0.2345652 0.2349915 0.2344561 0.2345360 0.2348408 0.2339058 0.2339625 0.2350560 0.2355444 0.2353806 0.2354366 0.2353454 0.2361424 0.2355192 0.2343929 0.2346852 0.2343364 0.2335080 0.2314816 0.2304185 0.2287142 0.2278858 0.2263256 0.2247335 0.2226874 0.2205268 0.2189346 0.2172816 0.2160018
0.1883404 0.1895092 0.1909764 0.1922682 0.1929396 0.1935015 0.1953292 0.1963406 0.1971554 0.1981965 0.1994034 0.2004136 0.2021079 0.2042025 0.2065597 0.2090994 0.2118136 0.2147369 0.2194488 0.2243719 0.2300434 0.2326709 0.2321952 0.2322555 0.2325892 0.2324488 0.2314155 0.2323257 0.2326961 0.2335510 0.2329167 0.2321304 0.2329583 0.2339381 0.2332383 0.2332899 0.2332568 0.2335969 0.2342436 0.2334204 0.2323209 0.2329419 0.2321027 0.2311991 0.2301241 0.2279168 0.2265306 0.2249121 0.2240470 0.2225392 0.2209508 0.2186144 0.2172812 0.2149252 0.2136586
0.1892454 0.1902833 0.1919857 0.1929644 0.1934181 0.1943737 0.1958181 0.1967806 0.1973137 0.1986398 0.1999156 0.2006863 0.2022618 0.2044944 0.2064424 0.2090277 0.2116762 0.2147078 0.2188099 0.2238461 0.2285879 0.2289555 0.2296934 0.2299463 0.2302922 0.2305762 0.2302131 0.2304843 0.2306879 0.2309286 0.2313778 0.2319230 0.2312808 0.2317144 0.2321258 0.2319560 0.2319527 0.2318885 0.2313034 0.2305671 0.2301117 0.2303404 0.2303853 0.2293999 0.2277441 0.2261176 0.2243526 0.2227239 0.2214475 0.2200636 0.2185013 0.2168556 0.2148581 0.2125243 0.2119579
0.1902016 0.1917219 0.1927271 0.1936837 0.1945533 0.1948739 0.1960048 0.1970766 0.1975192 0.1985767 0.1993202 0.2004545 0.2018873 0.2038803 0.2057773 0.2081998 0.2112564 0.2144678 0.2177703 0.2239822 0.2265981 0.2255342 0.2268869 0.2279125 0.2283098 0.2276979 0.2286105 0.2284356 0.2286090 0.2292697 0.2299528 0.2300947 0.2295141 0.2305740 0.2306969 0.2309644 0.2309557 0.2296104 0.2292636 0.2288265 0.2289383 0.2284464 0.2275510 0.2264827 0.2251883 0.2235718 0.2216485 0.2217086 0.2196006 0.2182281 0.2166720 0.2152451 0.2130058 0.2120555 0.2109114
0.1915769 0.1925523 0.1934620 0.1942693 0.1950453 0.1949389 0.1959123 0.1971681 0.1972812 0.1983263 0.1990297 0.2002794 0.2010957 0.2023809 0.2048732 0.2071603 0.2093590 0.2132580 0.2169910 0.2214325 0.2222429 0.2228148 0.2239839 0.2252369 0.2258837 0.2253672 0.2259627 0.2266414 0.2267758 0.2278720 0.2283836 0.2280025 0.2278581 0.2280784 0.2285612 0.2283616 0.2287506 0.2278897 0.2275124 0.2285118 0.2276575 0.2271816 0.2260373 0.2253630 0.2243974 0.2228358 0.2206579 0.2183975 0.2181557 0.2165085 0.2147703 0.2139737 0.2121175 0.2093623 0.2092759
