LUCAS_GEMMES_COP27/includes/subsidence/Scenario_M1/TOT_SUBSIDENCE_2050_SINCE_2018_MKD_ONLY.ASC
NCOLS                318
NROWS                364
XLLCORNER      400000.00
YLLCORNER      907000.00
CELLSIZE         1000.00
NODATA_VALUE    0.3402823E+39
[rows 168 to 191 of 364, columns 165 to 219 of 318]
0.2224306 0.2220852 0.2220426 0.2224319 0.2233150 0.2235670 0.2253795 0.2276527 0.2299184 0.2333781 0.2372793 0.2417386 0.2471399 0.2536048 0.2612329 0.2710690 0.2817283 0.2880490 0.2880262 0.2881489 0.2887238 0.2880146 0.2875234 0.2874150 0.2868813 0.2866077 0.2862659 0.2864855 0.2863149 0.2856117 0.2827929 0.2841691 0.2849978 0.2846700 0.2841170 0.2836347 0.2833560 0.2822079 0.2818025 0.2827865 0.2855025 0.2862941 0.2871205 0.2871341 0.2874744 0.2873647 0.2844666 0.2845429 0.2846147 0.2840787 0.2826576 0.2805842 0.2811361 0.2810534 0.2792230
0.2231534 0.2232392 0.2236538 0.2244909 0.2251155 0.2253824 0.2274479 0.2297509 0.2325447 0.2360408 0.2402889 0.2451566 0.2508918 0.2575650 0.2660118 0.2762497 0.2880310 0.2904058 0.2894399 0.2898296 0.2892908 0.2887682 0.2886285 0.2887874 0.2888139 0.2886105 0.2887246 0.2888816 0.2884525 0.2874724 0.2865219 0.2844737 0.2830577 0.2849632 0.2842201 0.2827114 0.2823572 0.2829822 0.2826956 0.2830321 0.2852480 0.2878759 0.2876969 0.2877879 0.2896570 0.2895088 0.2882004 0.2899188 0.2903546 0.2894088 0.2889261 0.2879779 0.2875151 0.2867696 0.2862511
0.2245125 0.2246830 0.2250993 0.2252374 0.2256851 0.2272897 0.2292741 0.2315059 0.2347386 0.2384401 0.2427203 0.2479005 0.2540408 0.2615609 0.2712535 0.2840169 0.2901957 0.2901870 0.2900288 0.2903080 0.2899799 0.2895886 0.2893113 0.2894480 0.2899390 0.2901438 0.2902839 0.2912649 0.2902311 0.2891834 0.2882627 0.2875386 0.2863141 0.2838822 0.2828620 0.2822455 0.2827155 0.2822209 0.2829702 0.2832321 0.2856669 0.2894290 0.2896633 0.2895832 0.2911156 0.2911327 0.2922916 0.2937536 0.2942384 0.2934365 0.2931411 0.2926007 0.2926270 0.2916522 0.2914195
0.2256677 0.2261835 0.2269893 0.2261493 0.2270586 0.2291799 0.2308436 0.2330775 0.2366712 0.2406282 0.2449885 0.2502134 0.2569746 0.2648515 0.2742658 0.2876369 0.2911654 0.2899097 0.2895678 0.2904682 0.2908613 0.2903210 0.2901913 0.2902494 0.2902141 0.2909108 0.2913374 0.2913422 0.2908735 0.2904637 0.2894577 0.2880006 0.2856257 0.2839571 0.2834632 0.2840282 0.2817515 0.2813814 0.2824661 0.2829611 0.2848896 0.2887892 0.2909159 0.2916940 0.2919341 0.2932341 0.2951230 0.2962595 0.2962923 0.2961110 0.2965856 0.2962817 0.2962604 0.2960210 0.2963897
0.2258749 0.2265147 0.2277522 0.2280321 0.2286830 0.2299769 0.2319001 0.2346745 0.2381810 0.2423391 0.2470475 0.2524196 0.2587872 0.2674868 0.2764504 0.2857729 0.2879458 0.2899853 0.2903443 0.2904409 0.2910356 0.2913259 0.2915335 0.2916421 0.2912674 0.2915205 0.2916024 0.2905184 0.2902049 0.2904986 0.2894870 0.2886140 0.2864411 0.2839479 0.2857973 0.2859719 0.2824953 0.2819443 0.2811586 0.2824130 0.2834268 0.2860201 0.2885770 0.2904547 0.2919772 0.2943134 0.2958609 0.2980264 0.2984546 0.2987484 0.2994384 0.2990812 0.2998128 0.3006428 0.3011188
0.2261378 0.2269979 0.2274844 0.2283668 0.2296125 0.2310279 0.2331860 0.2359639 0.2395831 0.2436659 0.2485457 0.2549484 0.2609807 0.2695743 0.2803403 0.2861081 0.2886090 0.2896996 0.2908171 0.2908772 0.2917470 0.2920106 0.2925832 0.2927804 0.2924110 0.2920066 0.2912742 0.2904953 0.2904518 0.2900763 0.2888795 0.2883428 0.2871393 0.2862208 0.2859400 0.2856816 0.2819562 0.2817949 0.2807380 0.2808868 0.2822781 0.2843921 0.2877349 0.2894524 0.2924558 0.2947769 0.2964883 0.2985526 0.3004239 0.3009945 0.3006824 0.3016401 0.3030913 0.3036779 0.3045090
0.2265753 0.2269789 0.2275482 0.2283405 0.2298062 0.2314724 0.2339059 0.2370350 0.2406639 0.2448390 0.2504100 0.2561959 0.2629324 0.2710551 0.2781947 0.2905977 0.2896280 0.2898090 0.2911274 0.2915743 0.2922752 0.2922004 0.2921730 0.2921989 0.2914375 0.2917291 0.2911011 0.2902406 0.2898073 0.2891016 0.2887685 0.2872683 0.2862765 0.2860599 0.2854646 0.2842270 0.2827454 0.2819860 0.2806513 0.2800112 0.2809473 0.2834118 0.2869469 0.2881227 0.2904056 0.2946257 0.2970803 0.2992897 0.3012907 0.3017838 0.3035629 0.3048572 0.3055322 0.3054204 0.3057161
0.2262397 0.2264423 0.2270954 0.2282149 0.2297439 0.2312644 0.2340834 0.2373375 0.2408437 0.2448729 0.2503356 0.2569024 0.2639186 0.2727693 0.2778255 0.2842762 0.2899524 0.2901419 0.2916665 0.2915270 0.2913659 0.2923085 0.2922368 0.2917568 0.2915882 0.2910323 0.2902665 0.2894580 0.2885295 0.2882940 0.2875129 0.2863257 0.2852606 0.2852621 0.2847372 0.2842465 0.2832320 0.2828000 0.2808173 0.2793617 0.2797372 0.2809253 0.2849499 0.2881745 0.2891949 0.2941025 0.2969021 0.2988927 0.3016429 0.3024133 0.3031042 0.3052343 0.3073149 0.3085648 0.3057170
0.2253770 0.2252022 0.2259618 0.2272981 0.2288852 0.2304986 0.2334345 0.2363566 0.2400924 0.2447586 0.2505845 0.2569783 0.2649148 0.2703313 0.2758098 0.2811937 0.2857443 0.2903052 0.2906239 0.2906898 0.2901963 0.2919347 0.2912371 0.2905298 0.2891173 0.2887958 0.2892208 0.2880068 0.2878096 0.2874880 0.2867768 0.2844772 0.2839346 0.2841586 0.2838642 0.2835474 0.2830678 0.2820151 0.2817078 0.2785100 0.2794164 0.2794588 0.2814427 0.2869037 0.2880591 0.2907219 0.2955205 0.2949165 0.2999153 0.3019326 0.3011751 0.3066222 0.3083024 0.3065962 0.3098294
0.2233721 0.2236364 0.2247458 0.2258857 0.2274585 0.2296112 0.2322111 0.2355103 0.2394339 0.2442604 0.2499451 0.2561431 0.2625782 0.2675716 0.2723057 0.2772852 0.2830380 0.2856056 0.2885513 0.2882342 0.2887085 0.2890967 0.2893242 0.2877186 0.2868067 0.2871971 0.2869113 0.2856544 0.2855963 0.2850730 0.2841446 0.2826720 0.2831479 0.2832823 0.2835108 0.2829043 0.2821756 0.2816402 0.2806602 0.2773655 0.2779736 0.2790337 0.2818064 0.2850258 0.2864531 0.2885961 0.2908289 0.2966624 0.3016897 0.3030328 0.3056003 0.3085082 0.3100661 0.3088412 0.3087533
0.2209086 0.2213060 0.2219533 0.2236220 0.2254177 0.2276725 0.2302957 0.2336190 0.2373251 0.2415548 0.2476646 0.2548598 0.2607037 0.2644554 0.2689134 0.2740839 0.2792977 0.2813789 0.2841054 0.2871958 0.2864800 0.2864801 0.2858604 0.2846146 0.2850226 0.2849984 0.2845317 0.2831599 0.2836184 0.2830678 0.2815340 0.2813415 0.2816938 0.2825366 0.2824918 0.2820803 0.2813664 0.2806878 0.2801635 0.2765299 0.2762877 0.2770065 0.2788886 0.2805142 0.2819032 0.2859929 0.2897327 0.2948377 0.3004013 0.3028521 0.3058802 0.3079050 0.3100268 0.3117856 0.3153272
0.2186177 0.2185414 0.2192226 0.2206737 0.2221027 0.2242718 0.2269742 0.2302499 0.2345037 0.2385171 0.2441910 0.2498631 0.2554699 0.2603627 0.2647225 0.2699166 0.2740385 0.2763540 0.2799409 0.2853530 0.2821492 0.2819502 0.2813700 0.2817951 0.2820016 0.2820773 0.2816131 0.2803635 0.2812515 0.2797801 0.2795627 0.2792491 0.2797515 0.2794818 0.2800030 0.2800522 0.2795437 0.2791566 0.2769276 0.2761767 0.2759921 0.2771107 0.2761196 0.2784303 0.2799893 0.2840113 0.2876347 0.2933460 0.2976287 0.3021644 0.3049712 0.3060567 0.3076200 0.3095542 0.3148456
0.2149109 0.2150200 0.2159109 0.2172211 0.2183149 0.2197398 0.2222128 0.2259371 0.2301249 0.2344240 0.2408153 0.2464633 0.2504374 0.2549508 0.2600907 0.2656402 0.2686572 0.2717438 0.2742873 0.2764891 0.2787704 0.2783455 0.2776421 0.2778245 0.2789176 0.2790922 0.2776374 0.2777374 0.2781773 0.2760102 0.2765236 0.2777368 0.2775701 0.2770471 0.2770856 0.2771663 0.2774015 0.2769528 0.2771495 0.2758476 0.2766705 0.2741217 0.2742906 0.2763072 0.2777565 0.2812932 0.2860124 0.2904461 0.2946485 0.3013152 0.3024643 0.3081036 0.3113854 0.3095506 0.3155507
0.2108358 0.2106679 0.2114319 0.2123820 0.2137415 0.2145430 0.2171030 0.2202957 0.2240973 0.2285202 0.2343003 0.2402011 0.2461765 0.2499424 0.2554581 0.2597209 0.2629635 0.2664309 0.2683598 0.2711179 0.2732825 0.2757906 0.2753415 0.2745734 0.2762270 0.2762227 0.2751776 0.2760004 0.2741333 0.2736217 0.2738142 0.2753824 0.2751587 0.2749206 0.2738445 0.2738322 0.2750541 0.2756442 0.2759715 0.2759403 0.2751561 0.2735285 0.2737553 0.2737795 0.2762271 0.2810851 0.2857446 0.2899578 0.2952686 0.2990216 0.3010711 0.3083268 0.3107674 0.3100227 0.3155670
0.2068576 0.2059980 0.2055906 0.2066271 0.2074742 0.2090116 0.2107147 0.2137930 0.2176106 0.2217363 0.2283153 0.2340837 0.2405842 0.2440760 0.2504646 0.2545178 0.2572526 0.2604561 0.2627741 0.2663567 0.2681380 0.2702549 0.2723019 0.2723826 0.2722341 0.2738982 0.2722674 0.2719849 0.2714248 0.2724048 0.2711550 0.2735950 0.2710183 0.2708253 0.2710807 0.2723948 0.2738513 0.2734420 0.2739452 0.2743357 0.2746794 0.2746103 0.2749214 0.2735968 0.2772906 0.2802038 0.2838373 0.2884777 0.2930017 0.2973051 0.2995003 0.3063732 0.3106562 0.3134250 0.3153312
0.2022665 0.2016914 0.2003319 0.1999122 0.2004134 0.2021268 0.2027472 0.2060626 0.2101787 0.2168516 0.2230239 0.2275768 0.2338212 0.2393400 0.2441922 0.2480643 0.2508890 0.2565506 0.2593133 0.2619250 0.2648394 0.2661568 0.2704870 0.2708500 0.2701499 0.2698112 0.2691270 0.2694826 0.2699336 0.2694934 0.2678019 0.2677113 0.2672086 0.2686706 0.2689511 0.2688764 0.2699312 0.2706246 0.2713709 0.2715178 0.2726340 0.2743130 0.2751521 0.2761847 0.2767772 0.2755286 0.2810824 0.2850027 0.2896274 0.2932459 0.2969215 0.3028952 0.3098580 0.3143282 0.3172406
0.1971451 0.1962626 0.1949976 0.1934080 0.1933334 0.1945308 0.1947409 0.1951562 0.2010061 0.2088206 0.2156599 0.2220801 0.2281755 0.2344482 0.2394105 0.2437925 0.2478347 0.2523286 0.2558849 0.2583540 0.2611296 0.2638347 0.2651782 0.2688224 0.2699990 0.2674472 0.2671004 0.2659062 0.2668555 0.2646491 0.2641145 0.2651776 0.2647563 0.2648211 0.2655306 0.2658553 0.2660937 0.2663339 0.2674088 0.2688149 0.2719082 0.2735916 0.2750800 0.2763514 0.2769690 0.2762232 0.2797225 0.2823479 0.2862850 0.2928087 0.2964488 0.3001102 0.3085531 0.3140910 0.3187943
0.1903486 0.1882952 0.1866073 0.1856169 0.1856168 0.1853575 0.1864334 0.1901272 0.1978263 0.2049827 0.2123843 0.2187046 0.2230173 0.2284820 0.2337790 0.2383171 0.2426096 0.2468558 0.2509410 0.2534201 0.2565356 0.2597594 0.2635911 0.2642983 0.2664099 0.2660911 0.2643295 0.2650285 0.2642240 0.2615019 0.2620925 0.2611431 0.2604774 0.2588750 0.2594132 0.2600550 0.2613046 0.2643129 0.2652640 0.2670524 0.2696131 0.2718884 0.2739609 0.2762681 0.2777184 0.2781647 0.2776336 0.2789607 0.2848343 0.2900458 0.2956165 0.2995132 0.3077132 0.3129272 0.3163063
0.1837426 0.1826428 0.1794759 0.1778520 0.1780111 0.1763353 0.1769042 0.1840564 0.1931644 0.2004414 0.2084835 0.2136655 0.2193040 0.2248701 0.2317187 0.2360505 0.2407132 0.2451871 0.2492729 0.2524034 0.2553261 0.2567043 0.2591749 0.2607291 0.2611228 0.2620232 0.2633370 0.2635651 0.2616603 0.2579927 0.2586206 0.2557203 0.2547642 0.2536978 0.2554736 0.2564996 0.2575902 0.2594131 0.2618123 0.2644015 0.2674711 0.2700718 0.2731383 0.2757931 0.2776969 0.2781569 0.2751917 0.2781661 0.2837838 0.2874598 0.2932016 0.2995068 0.3056147 0.3107716 0.3152226
0.1787225 0.1747862 0.1723616 0.1718248 0.1698391 0.1659384 0.1694086 0.1796113 0.1892967 0.1947890 0.2011828 0.2091548 0.2174577 0.2213976 0.2266461 0.2330855 0.2376037 0.2421788 0.2462146 0.2496779 0.2523824 0.2554085 0.2565980 0.2574944 0.2580823 0.2595609 0.2598682 0.2590740 0.2575042 0.2565456 0.2560370 0.2545355 0.2550737 0.2541734 0.2535428 0.2526711 0.2510597 0.2528387 0.2564945 0.2602088 0.2640797 0.2676501 0.2717391 0.2750987 0.2781013 0.2798413 0.2787871 0.2795153 0.2829967 0.2860780 0.2903070 0.2966982 0.3029605 0.3087872 0.3129955
0.1730914 0.1676785 0.1666844 0.1637699 0.1619291 0.1601262 0.1675379 0.1757942 0.1846704 0.1920225 0.2005927 0.2079576 0.2143627 0.2199396 0.2232323 0.2283527 0.2348984 0.2393191 0.2428586 0.2440566 0.2475823 0.2506461 0.2532639 0.2570893 0.2564812 0.2576515 0.2579037 0.2592118 0.2587056 0.2553065 0.2532727 0.2523203 0.2519784 0.2514035 0.2523133 0.2510186 0.2496891 0.2492229 0.2509812 0.2549865 0.2596675 0.2650580 0.2701289 0.2747197 0.2789474 0.2818327 0.2835022 0.2840841 0.2836037 0.2858216 0.2897287 0.2938923 0.2993920 0.3054373 0.3110873
0.1638338 0.1596411 0.1588704 0.1558918 0.1492786 0.1540523 0.1651020 0.1732237 0.1817268 0.1896964 0.1991771 0.2057045 0.2123406 0.2177729 0.2222361 0.2255836 0.2322519 0.2345845 0.2382763 0.2416292 0.2474694 0.2480607 0.2525442 0.2548460 0.2547333 0.2583721 0.2564654 0.2559677 0.2562207 0.2563009 0.2571104 0.2555525 0.2548462 0.2499935 0.2491833 0.2483835 0.2475741 0.2466331 0.2487303 0.2481285 0.2553018 0.2618068 0.2682781 0.2741841 0.2790234 0.2813453 0.2853339 0.2880235 0.2877432 0.2865749 0.2893972 0.2929202 0.2954396 0.3015301 0.3079409
0.1566232 0.1546249 0.1511319 0.1459789 0.1440544 0.1563683 0.1629495 0.1715419 0.1817410 0.1874365 0.1948064 0.2033643 0.2096556 0.2162446 0.2185694 0.2235850 0.2279425 0.2321997 0.2387628 0.2424714 0.2434429 0.2464073 0.2507733 0.2508011 0.2530860 0.2571924 0.2579752 0.2556483 0.2593440 0.2573768 0.2596092 0.2580839 0.2573705 0.2561431 0.2525554 0.2509655 0.2524187 0.2496305 0.2498171 0.2463359 0.2489465 0.2552308 0.2642638 0.2742035 0.2798088 0.2835813 0.2882241 0.2919643 0.2922311 0.2915263 0.2900561 0.2925643 0.2943933 0.2969430 0.3033020
0.1523388 0.1476730 0.1407117 0.1364201 0.1433357 0.1555180 0.1618523 0.1730005 0.1808473 0.1886026 0.1934259 0.1997851 0.2055299 0.2118533 0.2172994 0.2247466 0.2264349 0.2333331 0.2369149 0.2409963 0.2419205 0.2478278 0.2494442 0.2496067 0.2547174 0.2563308 0.2575662 0.2557899 0.2570702 0.2580510 0.2610423 0.2606894 0.2605616 0.2603427 0.2573180 0.2595479 0.2595626 0.2604049 0.2593768 0.2600341 0.2626481 0.2641540 0.2654595 0.2715874 0.2815732 0.2891254 0.2934434 0.2967020 0.2970587 0.2966858 0.2921229 0.2922879 0.2940613 0.2959921 0.2976907
