LUCAS_GEMMES_COP27/includes/subsidence/Scenario_M1/TOT_SUBSIDENCE_2080_SINCE_2018_MKD_ONLY.ASC
NCOLS                318
NROWS                364
XLLCORNER      400000.00
YLLCORNER      907000.00
CELLSIZE         1000.00
NODATA_VALUE    0.3402823E+39
[rows 120 to 143 of 364, columns 55 to 109 of 318]
3.0606855E-02 3.0831672E-02 3.1220412E-02 3.0767089E-02 3.1038495E-02 3.2147020E-02 3.2366678E-02 3.2927498E-02 3.3372130E-02 3.4039527E-02 3.4854304E-02 3.5156265E-02 3.7158228E-02 3.7437774E-02 3.9437056E-02 4.0608913E-02 4.2437647E-02 4.3204755E-02 4.4344943E-02 4.5691937E-02 4.7071062E-02 4.8453093E-02 4.9836561E-02 5.1232535E-02 5.2563857E-02 5.4005012E-02 5.5619113E-02 5.7156656E-02 5.8707256E-02 6.0139969E-02 6.1873350E-02 6.4434916E-02 6.6375695E-02 6.8743333E-02 6.9652967E-02 7.0993915E-02 7.3261067E-02 7.4556224E-02 7.6991998E-02 3.4028235E+38 3.4028235E+38 3.4028235E+38 3.4028235E+38 3.4028235E+38 3.4028235E+38 0.1248893 0.1240644 0.1181585 0.1127259 0.1089534 0.1052939 0.1035957 0.1024679 0.1019951 0.1018029
3.1237729E-02 3.1390063E-02 3.0947942E-02 3.1148158E-02 3.1946391E-02 3.2363668E-02 3.2723233E-02 3.3442371E-02 3.3726938E-02 3.4357086E-02 3.5211354E-02 3.6195442E-02 3.6676973E-02 3.7925817E-02 3.9543737E-02 4.1333746E-02 4.2871535E-02 4.3891024E-02 4.5137964E-02 4.6498325E-02 4.7920052E-02 4.9366366E-02 5.0797433E-02 5.2227616E-02 5.3668208E-02 5.5419605E-02 5.6834880E-02 5.8411062E-02 6.0018029E-02 6.1469976E-02 6.3236952E-02 6.5851346E-02 6.8055436E-02 6.9756269E-02 7.0809856E-02 7.2860859E-02 7.5001404E-02 7.6058380E-02 7.6906309E-02 3.4028235E+38 3.4028235E+38 3.4028235E+38 3.4028235E+38 3.4028235E+38 3.4028235E+38 0.1294034 0.1329158 0.1240857 0.1166423 0.1118130 0.1083498 0.1062964 0.1050087 0.1042183 0.1040398
3.1797774E-02 3.1901926E-02 3.1395093E-02 3.2170426E-02 3.2295145E-02 3.2508869E-02 3.2736152E-02 3.3411331E-02 3.3971108E-02 3.4656376E-02 3.5445042E-02 3.6468469E-02 3.7118740E-02 3.9106999E-02 4.0184550E-02 4.1897140E-02 4.3379221E-02 4.4773582E-02 4.5989145E-02 4.7274072E-02 4.8788890E-02 5.0294533E-02 5.1754221E-02 5.3023014E-02 5.4646004E-02 5.6483652E-02 5.8122687E-02 5.9780590E-02 6.1264738E-02 6.2911443E-02 6.5205559E-02 6.7611024E-02 6.9119290E-02 7.0893481E-02 7.2455920E-02 7.4561074E-02 7.6280713E-02 7.7994242E-02 7.9111837E-02 8.2135290E-02 3.4028235E+38 3.4028235E+38 3.4028235E+38 3.4028235E+38 3.4028235E+38 3.4028235E+38 0.1443377 0.1278726 0.1190033 0.1138943 0.1104311 0.1092329 0.1075579 0.1070869 0.1066000
3.2424703E-02 3.1876236E-02 3.1900559E-02 3.1978473E-02 3.2035425E-02 3.2073598E-02 3.2264449E-02 3.3494998E-02 3.4269422E-02 3.4970775E-02 3.5583980E-02 3.6379524E-02 3.7708219E-02 3.9358981E-02 4.0849201E-02 4.2570662E-02 4.4119254E-02 4.5563914E-02 4.6746347E-02 4.8132367E-02 4.9707159E-02 5.1256415E-02 5.2789669E-02 5.4177903E-02 5.6145176E-02 5.7755999E-02 5.9401222E-02 6.1070174E-02 6.2568694E-02 6.4780727E-02 6.7143023E-02 6.8772309E-02 7.0646062E-02 7.2606549E-02 7.4325830E-02 7.6610267E-02 7.8396529E-02 8.0358177E-02 8.1648663E-02 3.4028235E+38 3.4028235E+38 3.4028235E+38 3.4028235E+38 3.4028235E+38 3.4028235E+38 3.4028235E+38 3.4028235E+38 0.1208530 0.1178502 0.1146944 0.1127580 0.1116914 0.1099237 0.1092818 0.1093496
3.2503109E-02 3.2661837E-02 3.3143699E-02 3.2959424E-02 3.2724500E-02 3.2708142E-02 3.2459438E-02 3.3092760E-02 3.3926547E-02 3.4572050E-02 3.5424963E-02 3.6687907E-02 3.8111605E-02 3.9564177E-02 4.1363385E-02 4.2625122E-02 4.4710182E-02 4.6100389E-02 4.7511488E-02 4.9035475E-02 5.0679557E-02 5.2305177E-02 5.3692896E-02 5.5529170E-02 5.7258088E-02 5.9214059E-02 6.0749605E-02 6.2342890E-02 6.4204790E-02 6.6514254E-02 6.8504989E-02 7.2076514E-02 7.2590768E-02 7.4558087E-02 7.6638684E-02 7.8929566E-02 8.0920137E-02 8.3554618E-02 8.5389137E-02 3.4028235E+38 3.4028235E+38 3.4028235E+38 3.4028235E+38 3.4028235E+38 3.4028235E+38 3.4028235E+38 3.4028235E+38 0.1184230 0.1178060 0.1158708 0.1140690 0.1137024 0.1124604 0.1120209 0.1118391
3.3131517E-02 3.3721462E-02 3.3579729E-02 3.3198230E-02 3.2128327E-02 3.2783628E-02 3.3246387E-02 3.3822637E-02 3.4599602E-02 3.4922846E-02 3.5601497E-02 3.6921080E-02 3.8888540E-02 4.0457286E-02 4.2060141E-02 4.3111335E-02 4.4751219E-02 4.6452742E-02 4.8066467E-02 4.9741309E-02 5.1476993E-02 5.3288199E-02 5.4760247E-02 5.7428773E-02 5.9172325E-02 6.0420420E-02 6.2086187E-02 6.4221859E-02 6.6715345E-02 6.8633005E-02 7.0328936E-02 7.2233528E-02 7.4836135E-02 7.6749638E-02 7.8922153E-02 8.1162289E-02 8.3711624E-02 8.6428344E-02 9.0413325E-02 9.4829850E-02 0.1005675 0.1047909 3.4028235E+38 3.4028235E+38 3.4028235E+38 3.4028235E+38 3.4028235E+38 0.1181223 0.1178193 0.1169117 0.1160675 0.1154892 0.1150495 0.1148380 0.1151675
3.4732550E-02 3.4276947E-02 3.3815887E-02 3.3310439E-02 3.2286316E-02 3.2663375E-02 3.3250354E-02 3.3955835E-02 3.4845736E-02 3.5659790E-02 3.5776459E-02 3.7711091E-02 3.9195701E-02 4.0815387E-02 4.2458516E-02 4.4130549E-02 4.5906764E-02 4.7623619E-02 4.9499195E-02 5.1101036E-02 5.2831732E-02 5.4352231E-02 5.6331046E-02 5.8472905E-02 6.0183696E-02 6.1816253E-02 6.3696727E-02 6.6305317E-02 6.8097308E-02 6.9477573E-02 7.1980685E-02 7.4239984E-02 7.6677218E-02 7.8939468E-02 8.1146814E-02 8.3723754E-02 8.6654834E-02 8.9764670E-02 9.3326561E-02 9.7884968E-02 0.1024001 0.1087213 0.1159927 0.1286264 0.1425476 3.4028235E+38 3.4028235E+38 0.1181469 0.1191605 0.1185427 0.1184086 0.1180826 0.1177171 0.1179977 0.1216350
3.5863526E-02 3.4835458E-02 3.4006529E-02 3.3296064E-02 3.2312572E-02 3.2534476E-02 3.2883823E-02 3.3770259E-02 3.4620494E-02 3.4929287E-02 3.5738409E-02 3.7714176E-02 3.9314874E-02 4.0786978E-02 4.2841300E-02 4.4575851E-02 4.6440203E-02 4.8333660E-02 5.0375503E-02 5.2243233E-02 5.3756226E-02 5.5702593E-02 5.7982504E-02 5.9603613E-02 6.2037326E-02 6.3666016E-02 6.5474913E-02 6.8302304E-02 7.0354700E-02 7.1921378E-02 7.3929980E-02 7.6420151E-02 7.8742400E-02 8.1017651E-02 8.3403304E-02 8.6192735E-02 8.9118682E-02 9.2468724E-02 9.6061602E-02 0.1001436 0.1048984 0.1093990 0.1142244 3.4028235E+38 0.1312076 0.1254632 0.1227644 0.1221392 0.1210342 0.1206081 0.1206342 0.1205809 0.1207391 0.1213718 0.1209281
3.6354687E-02 3.5199732E-02 3.4155928E-02 3.3418179E-02 3.2635264E-02 3.2550387E-02 3.2284379E-02 3.3316527E-02 3.4358919E-02 3.4652650E-02 3.6194805E-02 3.7772648E-02 3.9333720E-02 4.1149884E-02 4.3006811E-02 4.5088597E-02 4.7028687E-02 4.9015671E-02 5.1138729E-02 5.3195961E-02 5.4832216E-02 5.7506893E-02 5.9377726E-02 6.1399959E-02 6.3684419E-02 6.5342471E-02 6.7501828E-02 7.0282027E-02 7.1892753E-02 7.3913001E-02 7.6118909E-02 7.8324050E-02 8.0988958E-02 8.3363734E-02 8.6057864E-02 8.8990167E-02 9.1734245E-02 9.4903499E-02 9.8333061E-02 0.1022527 0.1064177 0.1110397 0.1154414 0.1191477 0.1248031 0.1239084 0.1235402 0.1237755 0.1230617 0.1234248 0.1235854 0.1241336 0.1234045 0.1229702 0.1235746
3.5997227E-02 3.5038337E-02 3.4345433E-02 3.2902274E-02 3.2321215E-02 3.2161579E-02 3.2178581E-02 3.2906488E-02 3.3350512E-02 3.4297466E-02 3.6102723E-02 3.7677586E-02 3.9477330E-02 4.1429218E-02 4.3468565E-02 4.5459732E-02 4.7605656E-02 4.9728710E-02 5.1882517E-02 5.3610768E-02 5.6014623E-02 5.8306862E-02 6.0709793E-02 6.2929958E-02 6.4746618E-02 6.6970184E-02 6.9672018E-02 7.1944118E-02 7.3971920E-02 7.6389387E-02 7.8510225E-02 8.0858961E-02 8.3102904E-02 8.5831806E-02 8.9161225E-02 9.1740847E-02 9.4435297E-02 9.7608708E-02 0.1011436 0.1048983 0.1085782 0.1125009 0.1164722 0.1198948 0.1235223 0.1249018 0.1255457 0.1257015 0.1256568 0.1261992 0.1269477 0.1260599 0.1261256 0.1262136 0.1264917
3.5378110E-02 3.4688286E-02 3.2336693E-02 3.1138282E-02 3.0077515E-02 3.1356975E-02 3.1481512E-02 3.2187011E-02 3.2857191E-02 3.4483198E-02 3.5824697E-02 3.7448045E-02 3.9491035E-02 4.1324206E-02 4.3628495E-02 4.5817662E-02 4.8105057E-02 5.0518785E-02 5.2813411E-02 5.4745268E-02 5.7493616E-02 6.0082424E-02 6.2710613E-02 6.4738557E-02 6.6764764E-02 6.9810644E-02 7.2183967E-02 7.4451596E-02 7.6736674E-02 7.8746855E-02 8.1163108E-02 8.3652377E-02 8.6010054E-02 8.8977978E-02 9.1673091E-02 9.4402142E-02 9.7333856E-02 0.1008123 0.1037007 0.1073869 0.1111557 0.1147885 0.1182023 0.1215635 0.1247037 0.1263127 0.1271595 0.1279369 0.1290332 0.1285362 0.1283113 0.1289001 0.1294577 0.1296955 0.1299920
3.4028235E+38 3.4028235E+38 3.4028235E+38 3.4028235E+38 2.9252317E-02 2.9092219E-02 3.0832628E-02 3.1060351E-02 3.2200143E-02 3.4332514E-02 3.5852879E-02 3.7456535E-02 3.9288603E-02 4.1514907E-02 4.3810166E-02 4.6188254E-02 4.8603829E-02 5.1143080E-02 5.3202279E-02 5.5839218E-02 5.8897242E-02 6.1683659E-02 6.4282201E-02 6.6445060E-02 6.9003411E-02 7.2043851E-02 7.4783564E-02 7.6633900E-02 7.9140365E-02 8.1448637E-02 8.4118247E-02 8.6435720E-02 8.9036301E-02 9.1970839E-02 9.4394818E-02 9.7513147E-02 0.1007750 0.1038675 0.1068138 0.1101999 0.1136066 0.1170433 0.1205764 0.1240679 0.1266190 0.1286167 0.1305151 0.1305758 0.1307905 0.1313782 0.1314975 0.1320361 0.1327286 0.1332459 0.1335747
3.4028235E+38 3.4028235E+38 3.4028235E+38 3.4028235E+38 2.6824716E-02 2.8280109E-02 2.8425815E-02 3.0153792E-02 3.2486510E-02 3.4004208E-02 3.5769019E-02 3.7366547E-02 3.9182000E-02 4.1657988E-02 4.4216886E-02 4.6713736E-02 4.9346786E-02 5.1835205E-02 5.4054756E-02 5.7512231E-02 6.0360864E-02 6.3168362E-02 6.5398738E-02 6.8239257E-02 7.1678363E-02 7.4667610E-02 7.6981053E-02 7.9545453E-02 8.1945539E-02 8.4686458E-02 8.7206475E-02 8.9587033E-02 9.1929644E-02 9.4603166E-02 9.7688012E-02 0.1011275 0.1041847 0.1073874 0.1105760 0.1137537 0.1168420 0.1201729 0.1237718 0.1268099 0.1304560 0.1311088 0.1317496 0.1330064 0.1336761 0.1343035 0.1350255 0.1355131 0.1361963 0.1370976 0.1375376
3.4028235E+38 3.4028235E+38 3.4028235E+38 3.4028235E+38 2.7667986E-02 2.5594907E-02 2.7274698E-02 2.9324962E-02 3.1037100E-02 3.3331342E-02 3.5032373E-02 3.6950517E-02 3.8938913E-02 4.1609876E-02 4.4321161E-02 4.7092211E-02 4.9964942E-02 5.2141506E-02 5.5105872E-02 5.8716740E-02 6.1642423E-02 6.4643294E-02 6.7143679E-02 7.0822135E-02 7.4008584E-02 7.7087283E-02 7.9733789E-02 8.2628742E-02 8.5194677E-02 8.7685302E-02 9.0478018E-02 9.3090892E-02 9.5795684E-02 9.8111488E-02 0.1015078 0.1050656 0.1075048 0.1111609 0.1143878 0.1174755 0.1205371 0.1237477 0.1269283 0.1302362 0.1312908 0.1330533 0.1346600 0.1357433 0.1367598 0.1376587 0.1386670 0.1394670 0.1404015 0.1410761 0.1415508
3.4028235E+38 3.4028235E+38 3.4028235E+38 3.4028235E+38 2.7023487E-02 2.5786500E-02 2.6012743E-02 2.8065573E-02 3.0652910E-02 3.1412192E-02 3.3946473E-02 3.6115535E-02 3.8279645E-02 4.1199781E-02 4.4044387E-02 4.6932150E-02 5.0272487E-02 5.3295579E-02 5.6274273E-02 5.9511364E-02 6.2543005E-02 6.5684408E-02 6.9132090E-02 7.2706603E-02 7.5942867E-02 7.9209335E-02 8.2333550E-02 8.5337654E-02 8.8391930E-02 9.1006167E-02 9.3937725E-02 9.6593075E-02 9.9272251E-02 0.1021096 0.1051811 0.1082985 0.1119832 0.1153461 0.1186500 0.1214460 0.1244627 0.1285571 0.1304156 0.1303703 0.1331854 0.1356709 0.1376749 0.1390442 0.1400909 0.1411228 0.1422777 0.1434595 0.1440779 0.1447831 0.1458557
3.4028235E+38 3.4028235E+38 3.4028235E+38 3.4028235E+38 2.7885772E-02 2.6517682E-02 2.7085224E-02 2.8708808E-02 3.0962903E-02 3.2734111E-02 3.4640245E-02 3.6607642E-02 3.8213339E-02 4.1352402E-02 4.5153167E-02 4.8290804E-02 5.1116273E-02 5.4660968E-02 5.7663225E-02 6.1487496E-02 6.4529933E-02 6.7537144E-02 7.1187437E-02 7.4564964E-02 7.8182444E-02 8.1900105E-02 8.5674584E-02 8.8812754E-02 9.2492729E-02 9.5064595E-02 9.8342575E-02 0.1008534 0.1033362 0.1061153 0.1094200 0.1128857 0.1165119 0.1199072 0.1228558 0.1264938 0.1287384 0.1307979 0.1330205 0.1335982 0.1370529 0.1392486 0.1411348 0.1428043 0.1444629 0.1453701 0.1465957 0.1478019 0.1484983 0.1496549 0.1511740
3.2819044E-02 3.0863727E-02 3.0903718E-02 3.0297833E-02 2.8412383E-02 2.9016307E-02 2.8904330E-02 3.0529307E-02 3.2178648E-02 3.3406705E-02 3.6077864E-02 3.8263798E-02 3.9952226E-02 4.3339051E-02 4.5652296E-02 4.8602577E-02 5.2019730E-02 5.5851545E-02 5.9916567E-02 6.3422307E-02 6.6339366E-02 7.0055470E-02 7.4199408E-02 7.8002118E-02 8.1314489E-02 8.4842481E-02 8.8875338E-02 9.2426598E-02 9.5465541E-02 9.9026293E-02 0.1025517 0.1053240 0.1079124 0.1107082 0.1139819 0.1173860 0.1210332 0.1256458 0.1274092 0.1298429 0.1317401 0.1342455 0.1365452 0.1386781 0.1409582 0.1431154 0.1450096 0.1466719 0.1480976 0.1500841 0.1511663 0.1525782 0.1535146 0.1554478 0.1568560
3.3616871E-02 3.1997718E-02 3.1408660E-02 3.0436950E-02 3.0463701E-02 2.9698193E-02 2.9539580E-02 3.0270912E-02 3.2511733E-02 3.3977184E-02 3.6784448E-02 3.9276175E-02 4.1338604E-02 4.5054551E-02 4.8086692E-02 5.0868262E-02 5.4744877E-02 5.8698915E-02 6.1377637E-02 6.4675346E-02 6.8884850E-02 7.2927244E-02 7.6947205E-02 8.1032887E-02 8.4411949E-02 8.8166982E-02 9.1879733E-02 9.5574416E-02 9.9228442E-02 0.1033241 0.1071094 0.1100377 0.1127657 0.1164127 0.1188645 0.1219354 0.1259733 0.1282398 0.1304088 0.1329199 0.1356706 0.1383037 0.1401247 0.1429467 0.1449042 0.1468357 0.1489092 0.1509166 0.1528360 0.1543482 0.1561043 0.1572936 0.1590229 0.1613787 0.1632394
3.3914939E-02 3.3223815E-02 3.2761820E-02 3.2323372E-02 3.1354457E-02 3.0987207E-02 3.0821454E-02 3.1372063E-02 3.3128195E-02 3.4456752E-02 3.7347943E-02 4.0056273E-02 4.2296700E-02 4.6363655E-02 4.9972292E-02 5.2706774E-02 5.6902859E-02 6.0418595E-02 6.3933246E-02 6.7034826E-02 7.1815327E-02 7.6543070E-02 7.9065934E-02 8.4191859E-02 8.8099346E-02 9.2155710E-02 9.5919386E-02 9.9188089E-02 0.1033014 0.1069259 0.1113424 0.1146738 0.1177887 0.1212490 0.1242431 0.1265153 0.1287078 0.1310987 0.1343280 0.1365296 0.1392398 0.1416188 0.1446158 0.1475038 0.1494066 0.1511072 0.1535099 0.1555444 0.1573877 0.1595085 0.1608167 0.1628350 0.1653532 0.1674687 0.1696819
3.4028235E+38 3.4028235E+38 3.4028235E+38 3.4028235E+38 3.4028235E+38 3.2934926E-02 3.2081541E-02 3.1683736E-02 3.3080049E-02 3.4942191E-02 3.7422419E-02 4.0818326E-02 4.3345939E-02 4.7557950E-02 5.0699614E-02 5.4217376E-02 5.8905538E-02 6.2647484E-02 6.5621883E-02 6.9473132E-02 7.4364826E-02 7.7879474E-02 8.2555488E-02 8.6371228E-02 9.0784147E-02 9.5840022E-02 9.9341936E-02 0.1034909 0.1075523 0.1110066 0.1152982 0.1192278 0.1233814 0.1256618 0.1277209 0.1298805 0.1320831 0.1348039 0.1379499 0.1409776 0.1428849 0.1455840 0.1491465 0.1513582 0.1534421 0.1559652 0.1582284 0.1604639 0.1627097 0.1641717 0.1661382 0.1686754 0.1709193 0.1734923 0.1758354
3.4028235E+38 3.4028235E+38 3.4028235E+38 3.4028235E+38 3.4028235E+38 3.4761153E-02 3.4271210E-02 3.3583123E-02 3.4069549E-02 3.6223356E-02 3.8148113E-02 4.1616842E-02 4.4413067E-02 4.8553374E-02 5.1676448E-02 3.4028235E+38 3.4028235E+38 6.4247251E-02 6.7898124E-02 7.2604552E-02 7.6876730E-02 8.0224484E-02 8.4183320E-02 8.9083716E-02 9.4089016E-02 9.8509863E-02 0.1028835 0.1066049 0.1106237 0.1156115 0.1198088 0.1234283 0.1263279 0.1279833 0.1299812 0.1326176 0.1355743 0.1385059 0.1414493 0.1444705 0.1468867 0.1502958 0.1533680 0.1557502 0.1585948 0.1605560 0.1628348 0.1651389 0.1666711 0.1687929 0.1715591 0.1737564 0.1758492 0.1783955 0.1808102
3.4028235E+38 3.4028235E+38 3.4028235E+38 3.4028235E+38 3.4028235E+38 3.7578680E-02 3.6178179E-02 3.5272785E-02 3.4845278E-02 3.6226053E-02 3.8943425E-02 4.2477794E-02 4.5345608E-02 3.4028235E+38 3.4028235E+38 3.4028235E+38 3.4028235E+38 3.4028235E+38 3.4028235E+38 3.4028235E+38 7.8822419E-02 8.2657412E-02 8.7055445E-02 9.2352778E-02 9.7038694E-02 0.1013709 0.1053936 0.1097918 0.1137455 0.1181095 0.1225884 0.1255506 0.1277354 0.1299581 0.1330323 0.1361697 0.1394061 0.1423622 0.1455582 0.1480729 0.1509258 0.1541003 0.1572984 0.1596889 0.1622268 0.1646081 0.1672428 0.1693195 0.1709096 0.1738391 0.1759688 0.1782728 0.1805988 0.1831734 0.1859140
3.4028235E+38 3.4028235E+38 3.4028235E+38 3.4028235E+38 3.4028235E+38 3.7784748E-02 3.7620462E-02 3.7299339E-02 3.6842261E-02 3.7110098E-02 3.9791685E-02 4.2774707E-02 3.4028235E+38 3.4028235E+38 3.4028235E+38 3.4028235E+38 3.4028235E+38 3.4028235E+38 3.4028235E+38 3.4028235E+38 3.4028235E+38 3.4028235E+38 8.9375876E-02 9.3820095E-02 9.9183097E-02 0.1035712 0.1075826 0.1120321 0.1163662 0.1197681 0.1239128 0.1271338 0.1299521 0.1326875 0.1360815 0.1391742 0.1425036 0.1457191 0.1485975 0.1516041 0.1550578 0.1579585 0.1606370 0.1632321 0.1660062 0.1691765 0.1714384 0.1724342 0.1748360 0.1779550 0.1803243 0.1825942 0.1849964 0.1875939 0.1904254
3.4028235E+38 3.4028235E+38 3.4028235E+38 3.4028235E+38 3.4028235E+38 3.4028235E+38 4.0380821E-02 3.8883224E-02 3.8990282E-02 3.8850576E-02 3.9370861E-02 3.4028235E+38 3.4028235E+38 3.4028235E+38 3.4028235E+38 3.4028235E+38 3.4028235E+38 3.4028235E+38 3.4028235E+38 3.4028235E+38 3.4028235E+38 3.4028235E+38 3.4028235E+38 9.3980223E-02 0.1000764 0.1045109 0.1093551 0.1138175 0.1185040 0.1220120 0.1262611 0.1292090 0.1319445 0.1362318 0.1389980 0.1423694 0.1453403 0.1487687 0.1524737 0.1563329 0.1592352 0.1613577 0.1641515 0.1668041 0.1694503 0.1721097 0.1739365 0.1761095 0.1793024 0.1817692 0.1842739 0.1864956 0.1891444 0.1917061 0.1935923
