LUCAS_GEMMES_COP27/includes/subsidence/Scenario_M1/TOT_SUBSIDENCE_2070_SINCE_2018_MKD_ONLY.ASC
NCOLS                318
NROWS                364
XLLCORNER      400000.00
YLLCORNER      907000.00
CELLSIZE         1000.00
NODATA_VALUE    0.3402823E+39
[rows 72 to 95 of 364, columns 165 to 219 of 318]
0.1409464 0.1405077 0.1409557 0.1424552 0.1453342 0.1464704 0.1472045 0.1490021 0.1503688 0.1517054 0.1528595 0.1541443 0.1552388 0.1562862 0.1576985 0.1604769 0.1631482 0.1654639 0.1685559 0.1714909 0.1740330 0.1769828 0.1800331 0.1825469 0.1872997 0.1916429 0.1949062 0.1982275 0.2009391 0.2047716 0.2057067 0.2071427 0.2093571 0.2113846 0.2127447 0.2153026 3.4028235E+38 0.2201694 0.2229326 0.2247596 0.2268902 0.2288144 0.2322672 0.2312670 0.2291506 0.2260418 0.2217752 0.2185855 3.4028235E+38 3.4028235E+38 3.4028235E+38 3.4028235E+38 3.4028235E+38 3.4028235E+38 3.4028235E+38
0.1414405 0.1418124 0.1427823 0.1443267 0.1455831 0.1472280 0.1483026 0.1494615 0.1506760 0.1537277 0.1546221 0.1556393 0.1575200 0.1592864 0.1608422 0.1618188 0.1647850 0.1674495 0.1701351 0.1727904 0.1759102 0.1784087 0.1817107 0.1856643 0.1891159 0.1931159 0.1972350 0.2003435 0.2026033 0.2067120 0.2093501 0.2107641 0.2131407 0.2153257 0.2176606 0.2195961 0.2217190 0.2238760 0.2260626 0.2296180 0.2309170 0.2343572 0.2355884 0.2311820 0.2306418 0.2290944 0.2239069 0.2199626 0.2174746 3.4028235E+38 3.4028235E+38 3.4028235E+38 3.4028235E+38 3.4028235E+38 3.4028235E+38
0.1419413 0.1441988 0.1448618 0.1458464 0.1473767 0.1489582 0.1501479 0.1513426 0.1526428 0.1544880 0.1563493 0.1576548 0.1592713 0.1607935 0.1628000 0.1650569 0.1671524 0.1693575 0.1711123 0.1743657 0.1771147 0.1797864 0.1833071 0.1863219 0.1904294 0.1941774 0.1984930 0.2022144 0.2043873 0.2085284 0.2128634 0.2155801 0.2181972 0.2190865 0.2215392 0.2247951 0.2286194 0.2276501 0.2297786 0.2324134 0.2371467 0.2375546 0.2354610 0.2334542 0.2318753 0.2287792 0.2248689 0.2216699 0.2179752 0.2145719 0.2101855 3.4028235E+38 3.4028235E+38 3.4028235E+38 3.4028235E+38
0.1432573 0.1447642 0.1464943 0.1481397 0.1492567 0.1512153 0.1527494 0.1543374 0.1550805 0.1561513 0.1574929 0.1590153 0.1607203 0.1626077 0.1648280 0.1670766 0.1691704 0.1708379 0.1731624 0.1760375 0.1784627 0.1814281 0.1847146 0.1880520 0.1915634 0.1958174 0.1996638 0.2043312 0.2059677 0.2102773 0.2131927 0.2168978 0.2196396 0.2225562 0.2257886 0.2267859 0.2304119 0.2307659 0.2333963 0.2351658 0.2374320 0.2357932 0.2344324 0.2327705 0.2313997 0.2283021 0.2250973 0.2216631 0.2180801 0.2149298 0.2117659 0.2087062 3.4028235E+38 3.4028235E+38 3.4028235E+38
0.1449404 0.1465118 0.1491970 0.1504776 0.1523715 0.1537117 0.1542750 0.1551908 0.1569540 0.1577073 0.1590590 0.1605087 0.1622055 0.1644344 0.1664700 0.1687025 0.1706469 0.1729157 0.1750777 0.1777030 0.1804746 0.1834146 0.1864401 0.1901070 0.1934184 0.1970016 0.2006431 0.2046601 0.2075901 0.2120254 0.2149455 0.2192918 0.2219225 0.2246873 0.2287770 0.2290856 0.2328287 0.2334455 0.2364227 0.2384947 0.2387158 0.2361523 0.2347962 0.2328955 0.2305976 0.2275836 0.2242669 0.2211193 0.2180583 0.2149327 0.2118184 0.2089350 0.2060370 0.2029196 0.1996791
0.1468422 0.1492596 0.1511158 0.1512833 0.1537587 0.1550504 0.1561860 0.1568087 0.1580746 0.1593004 0.1609563 0.1624374 0.1637231 0.1654737 0.1680402 0.1704151 0.1727525 0.1750343 0.1770274 0.1796245 0.1823557 0.1844431 0.1873650 0.1911845 0.1947167 0.1978875 0.2028670 0.2049925 0.2092317 0.2131114 0.2160752 0.2192782 0.2226651 0.2253128 0.2290117 0.2324156 0.2346674 0.2357343 0.2389955 0.2404035 0.2389555 0.2374064 0.2343877 0.2321344 0.2302055 0.2266326 0.2237733 0.2208886 0.2176515 0.2148585 0.2119734 0.2095603 0.2068459 0.2043639 0.2009874
0.1487326 0.1513724 0.1531149 0.1543135 0.1552553 0.1562393 0.1572650 0.1583014 0.1594073 0.1606115 0.1623528 0.1639874 0.1651079 0.1673858 0.1695182 0.1722669 0.1748919 0.1769325 0.1788483 0.1819219 0.1846151 0.1861048 0.1882847 0.1914264 0.1947566 0.1987756 0.2027238 0.2050110 0.2088141 0.2128430 0.2169161 0.2197544 0.2227023 0.2258314 0.2302216 0.2336935 0.2348830 0.2361417 0.2389910 0.2396286 0.2381119 0.2361763 0.2340513 0.2321270 0.2293887 0.2259057 0.2233482 0.2203954 0.2173179 0.2145253 0.2120178 0.2095605 0.2073815 0.2049133 0.2023973
0.1514666 0.1522772 0.1548194 0.1557169 0.1567558 0.1577091 0.1587039 0.1600511 0.1611046 0.1618990 0.1635957 0.1659082 0.1676832 0.1696235 0.1712678 0.1734792 0.1762797 0.1785523 0.1805157 0.1836061 0.1862945 0.1885793 0.1909612 0.1934069 0.1973556 0.2012693 0.2035162 0.2072252 0.2106417 0.2142882 0.2181530 0.2209454 0.2233755 0.2259595 0.2293663 0.2335822 0.2350453 0.2358414 0.2389557 0.2385393 0.2368352 0.2352343 0.2334971 0.2301451 0.2272711 0.2249102 0.2225193 0.2200346 0.2168876 0.2142266 0.2119571 0.2099221 0.2078576 0.2050077 0.2024297
0.1541947 0.1552067 0.1565298 0.1575761 0.1583755 0.1591644 0.1601104 0.1610345 0.1622211 0.1641445 0.1653902 0.1671264 0.1694139 0.1713737 0.1734140 0.1750476 0.1773089 0.1796395 0.1820813 0.1851647 0.1878248 0.1901151 0.1931422 0.1954415 0.1993240 0.2026103 0.2058910 0.2092392 0.2126888 0.2159725 0.2191027 0.2213977 0.2231961 0.2250352 0.2285624 0.2317056 0.2338109 0.2388936 0.2398284 0.2375861 0.2360019 0.2344697 0.2325015 0.2288736 0.2270063 0.2243723 0.2227850 0.2190936 0.2165749 0.2140247 0.2119859 0.2094532 0.2068038 0.2046881 0.2029105
0.1543128 0.1556137 0.1573225 0.1589231 0.1594585 0.1604167 0.1615099 0.1630347 0.1641002 0.1655301 0.1675093 0.1687345 0.1705104 0.1729226 0.1749217 0.1770331 0.1787892 0.1811266 0.1840759 0.1866052 0.1890051 0.1915267 0.1947516 0.1979080 0.2012725 0.2044175 0.2075529 0.2102031 0.2136434 0.2162435 0.2192597 0.2214060 0.2233694 0.2254082 0.2276380 0.2306831 0.2321306 0.2351096 0.2388903 0.2371572 0.2354339 0.2331966 0.2306667 0.2283099 0.2263447 0.2228950 0.2208078 0.2180873 0.2159238 0.2135804 0.2117704 0.2090423 0.2063065 0.2044175 0.2022611
0.1555306 0.1565850 0.1584867 0.1596679 0.1605289 0.1618777 0.1629604 0.1647882 0.1659521 0.1669262 0.1683551 0.1706634 0.1719959 0.1738796 0.1763557 0.1783945 0.1802232 0.1825597 0.1850221 0.1879101 0.1904531 0.1929817 0.1963581 0.1993019 0.2023414 0.2054040 0.2084955 0.2115637 0.2146561 0.2166298 0.2192478 0.2214860 0.2250889 0.2256854 0.2271047 0.2279268 0.2298909 0.2326046 0.2378393 0.2375716 0.2343860 0.2314802 0.2282337 0.2269196 0.2251654 0.2227999 0.2201149 0.2174232 0.2150405 0.2129710 0.2104500 0.2082985 0.2063979 0.2047305 0.2027801
0.1567264 0.1575085 0.1588500 0.1608271 0.1617316 0.1636962 0.1645122 0.1658767 0.1677718 0.1685037 0.1694417 0.1711927 0.1738296 0.1752556 0.1773356 0.1793652 0.1815837 0.1844298 0.1864295 0.1889283 0.1918049 0.1942843 0.1973795 0.2003223 0.2030209 0.2060780 0.2094226 0.2125819 0.2141120 0.2178146 0.2194345 0.2220075 0.2236575 0.2241496 0.2249805 0.2259720 0.2269810 0.2297027 0.2320322 0.2342928 0.2339074 0.2301655 0.2264085 0.2245174 0.2239473 0.2214944 0.2184310 0.2160936 0.2136468 0.2115785 0.2093306 0.2079560 0.2057599 0.2044354 0.2020052
0.1578110 0.1589424 0.1603667 0.1620358 0.1631874 0.1642861 0.1657896 0.1669781 0.1685631 0.1699752 0.1709543 0.1726478 0.1742832 0.1768955 0.1784776 0.1805880 0.1831488 0.1852430 0.1878396 0.1902816 0.1930196 0.1947400 0.1974872 0.2003166 0.2044936 0.2060416 0.2094641 0.2127572 0.2150408 0.2186179 0.2201362 0.2217356 0.2218222 0.2223048 0.2228549 0.2237715 0.2243423 0.2259812 0.2282184 0.2298105 0.2307940 0.2289831 0.2264488 0.2233301 0.2223186 0.2197524 0.2166895 0.2145049 0.2123691 0.2102062 0.2083098 0.2072230 0.2051077 0.2031332 0.2014251
0.1589856 0.1602962 0.1616465 0.1632667 0.1650430 0.1657161 0.1669740 0.1684660 0.1697339 0.1711622 0.1721299 0.1739263 0.1753875 0.1775733 0.1795723 0.1817193 0.1840141 0.1864387 0.1892080 0.1917824 0.1947013 0.1963586 0.1992044 0.2014088 0.2042436 0.2076037 0.2116966 0.2134830 0.2158690 0.2191407 0.2200176 0.2198920 0.2208533 0.2216866 0.2215520 0.2217059 0.2221191 0.2227494 0.2241440 0.2258604 0.2285420 0.2279717 0.2257155 0.2219821 0.2195565 0.2175930 0.2146214 0.2128846 0.2113240 0.2091527 0.2074468 0.2062219 0.2043419 0.2019732 0.2003815
0.1604728 0.1620251 0.1637035 0.1646210 0.1665244 0.1670290 0.1682404 0.1697008 0.1716151 0.1721496 0.1732715 0.1750733 0.1770296 0.1785674 0.1805831 0.1830413 0.1850903 0.1878268 0.1903232 0.1929477 0.1961471 0.1985127 0.2016806 0.2027645 0.2064047 0.2097298 0.2118444 0.2152347 0.2167751 0.2182904 0.2179983 0.2182720 0.2184666 0.2191622 0.2190734 0.2194904 0.2200201 0.2206074 0.2213171 0.2223875 0.2233593 0.2244087 0.2237703 0.2199493 0.2173783 0.2155056 0.2129295 0.2112319 0.2096783 0.2083715 0.2067423 0.2051413 0.2028613 0.2010848 0.1994492
0.1614910 0.1631473 0.1645468 0.1658117 0.1669867 0.1681724 0.1695081 0.1707555 0.1720511 0.1729481 0.1742565 0.1757468 0.1771654 0.1796912 0.1814935 0.1836955 0.1861147 0.1886353 0.1914898 0.1942245 0.1974143 0.1998424 0.2023046 0.2044685 0.2086846 0.2111914 0.2130249 0.2144907 0.2151863 0.2157938 0.2161156 0.2161985 0.2169607 0.2166411 0.2172542 0.2175377 0.2178666 0.2187577 0.2191477 0.2189874 0.2194565 0.2194406 0.2193140 0.2176546 0.2155228 0.2138685 0.2118173 0.2098138 0.2080218 0.2065673 0.2046334 0.2026017 0.2014139 0.2001442 0.2008374
0.1636800 0.1644212 0.1658266 0.1668491 0.1681828 0.1698641 0.1711522 0.1722185 0.1730257 0.1738485 0.1756655 0.1767492 0.1780484 0.1802337 0.1826205 0.1844641 0.1868021 0.1887175 0.1923077 0.1953860 0.1975105 0.2009447 0.2044730 0.2069456 0.2092159 0.2126677 0.2142830 0.2141049 0.2137927 0.2140866 0.2143389 0.2145188 0.2148201 0.2149280 0.2150134 0.2155306 0.2156960 0.2160459 0.2160833 0.2162618 0.2167037 0.2170010 0.2171993 0.2159947 0.2132583 0.2120710 0.2101261 0.2080513 0.2059714 0.2042757 0.2029915 0.2012313 0.1997511 0.1983340 0.1964710
0.1646643 0.1659282 0.1666077 0.1677667 0.1693563 0.1706897 0.1718770 0.1729768 0.1736585 0.1747843 0.1764870 0.1779004 0.1793956 0.1808246 0.1828264 0.1853462 0.1876455 0.1903352 0.1934238 0.1966153 0.1994098 0.2026990 0.2060798 0.2090491 0.2107533 0.2118965 0.2121146 0.2120949 0.2118735 0.2123118 0.2124531 0.2133479 0.2130057 0.2132594 0.2131155 0.2136135 0.2141657 0.2140398 0.2138956 0.2139792 0.2140693 0.2145290 0.2131020 0.2121150 0.2115334 0.2100789 0.2082702 0.2065358 0.2049440 0.2030001 0.2014713 0.1997702 0.1983858 0.1969008 0.1951615
0.1657035 0.1667063 0.1676878 0.1685328 0.1697638 0.1708840 0.1726170 0.1736160 0.1747852 0.1753952 0.1766105 0.1782530 0.1798900 0.1814933 0.1832458 0.1855207 0.1880441 0.1904787 0.1934661 0.1972571 0.2014269 0.2049407 0.2091030 0.2102039 0.2116440 0.2104050 0.2103354 0.2103463 0.2103743 0.2104960 0.2109096 0.2111250 0.2107397 0.2111152 0.2116683 0.2115755 0.2120472 0.2121407 0.2118541 0.2116524 0.2111177 0.2110453 0.2104743 0.2097455 0.2092676 0.2077594 0.2062394 0.2051862 0.2038949 0.2023680 0.2006095 0.1991968 0.1976175 0.1958988 0.1947276
0.1661262 0.1672307 0.1683631 0.1695641 0.1703717 0.1713495 0.1725905 0.1736303 0.1747407 0.1758028 0.1766970 0.1779641 0.1795639 0.1817288 0.1836786 0.1857472 0.1881443 0.1903708 0.1939411 0.1986092 0.2025876 0.2073500 0.2094759 0.2085290 0.2089992 0.2090421 0.2084269 0.2088824 0.2084585 0.2085925 0.2089287 0.2081257 0.2082286 0.2092881 0.2097800 0.2096783 0.2097768 0.2097387 0.2105099 0.2099890 0.2090051 0.2093151 0.2090446 0.2083398 0.2065447 0.2056196 0.2041755 0.2035161 0.2021999 0.2008531 0.1990846 0.1972177 0.1958631 0.1944432 0.1933664
0.1672053 0.1682762 0.1696398 0.1708059 0.1713573 0.1718696 0.1735327 0.1744252 0.1751435 0.1760543 0.1771130 0.1779789 0.1794666 0.1813316 0.1834169 0.1856580 0.1880349 0.1906000 0.1947868 0.1991574 0.2041263 0.2064843 0.2061114 0.2062119 0.2065703 0.2064977 0.2056093 0.2064995 0.2068954 0.2077297 0.2072053 0.2065358 0.2073473 0.2082915 0.2076998 0.2077931 0.2078081 0.2081588 0.2087933 0.2080897 0.2071277 0.2077417 0.2070238 0.2062515 0.2053257 0.2033728 0.2021557 0.2007970 0.2001083 0.1988429 0.1974855 0.1954532 0.1943275 0.1922694 0.1912107
0.1680012 0.1689727 0.1705297 0.1714115 0.1717729 0.1726576 0.1739542 0.1748053 0.1752667 0.1764383 0.1775690 0.1782408 0.1796258 0.1815975 0.1833101 0.1855958 0.1879191 0.1905789 0.1942015 0.1986683 0.2028639 0.2032205 0.2039268 0.2042005 0.2045755 0.2048686 0.2045818 0.2048760 0.2051113 0.2053796 0.2058369 0.2063819 0.2058449 0.2062837 0.2067031 0.2065923 0.2066361 0.2066205 0.2061293 0.2055004 0.2051297 0.2053862 0.2054729 0.2046263 0.2031691 0.2017428 0.2001928 0.1987937 0.1977232 0.1965589 0.1952370 0.1938334 0.1921012 0.1900613 0.1896396
0.1688675 0.1702533 0.1711595 0.1720220 0.1728034 0.1730930 0.1740943 0.1750552 0.1754405 0.1763681 0.1770177 0.1780224 0.1792854 0.1810461 0.1827175 0.1848594 0.1875675 0.1903957 0.1932847 0.1987868 0.2011174 0.2002036 0.2014652 0.2024533 0.2028519 0.2023088 0.2031900 0.2030651 0.2032658 0.2039114 0.2045771 0.2047492 0.2042630 0.2052683 0.2054215 0.2057068 0.2057398 0.2045545 0.2042829 0.2039267 0.2040679 0.2036697 0.2029006 0.2019768 0.2008516 0.1994354 0.1977526 0.1978449 0.1960253 0.1948679 0.1935511 0.1923534 0.1903954 0.1896117 0.1886556
0.1700882 0.1709719 0.1717890 0.1725176 0.1732177 0.1731027 0.1739476 0.1751179 0.1752013 0.1761308 0.1767502 0.1778562 0.1785660 0.1796941 0.1819191 0.1839451 0.1858689 0.1893423 0.1926410 0.1965839 0.1973035 0.1978309 0.1989206 0.2000989 0.2007057 0.2002530 0.2008273 0.2014801 0.2016393 0.2026759 0.2031803 0.2028712 0.2027819 0.2030208 0.2034996 0.2033562 0.2037491 0.2030022 0.2026992 0.2036475 0.2029101 0.2025193 0.2015224 0.2009571 0.2001314 0.1987651 0.1968431 0.1948516 0.1946712 0.1932848 0.1917975 0.1911619 0.1895570 0.1871461 0.1871326
