LUCAS_GEMMES_COP27/includes/subsidence/Scenario_M1/TOT_SUBSIDENCE_2080_SINCE_2018_MKD_ONLY.ASC
NCOLS                318
NROWS                364
XLLCORNER      400000.00
YLLCORNER      907000.00
CELLSIZE         1000.00
NODATA_VALUE    0.3402823E+39
[rows 120 to 143 of 364, columns 220 to 274 of 318]
0.2613733 0.2635492 0.2647517 0.2673868 0.2692608 0.2712842 0.2726827 0.2754775 0.2772721 0.2800589 0.2821189 0.2837512 0.2847335 0.2841664 0.2887897 0.2912431 0.2931679 0.2960933 0.3048068 0.3113583 0.3174640 0.3232963 0.3298502 0.3360054 0.3422044 0.3494409 0.3566087 0.3644436 0.3735695 0.3822241 0.3906814 0.3932230 0.3966975 0.3995548 0.4019158 0.4062907 0.4122751 0.4166570 0.4184289 0.4206263 0.4222849 0.4223759 0.4229486 0.4221440 0.4154622 0.4103086 0.4075451 0.4034840 0.4001113 0.3934137 0.3865521 0.3782987 0.3695211 0.3602438 0.3502373
0.2612262 0.2630548 0.2653076 0.2680753 0.2695360 0.2721826 0.2737265 0.2767645 0.2777261 0.2787273 0.2807401 0.2845243 0.2864614 0.2859034 0.2908914 0.2938241 0.2960471 0.2958917 0.3053143 0.3123159 0.3191285 0.3248100 0.3314151 0.3376822 0.3441544 0.3514224 0.3588812 0.3674354 0.3766556 0.3881961 0.3926475 0.3935865 0.3966460 0.4020250 0.4049075 0.4094088 0.4144700 0.4195018 0.4213238 0.4227776 0.4250406 0.4254875 0.4257857 0.4245244 0.4216259 0.4176856 0.4112115 0.4077649 0.4029380 0.3943864 0.3869870 0.3801416 0.3719504 0.3629245 0.3529796
0.2616386 0.2634478 0.2663612 0.2684383 0.2706447 0.2727220 0.2739782 0.2770691 0.2784877 0.2801383 0.2818494 0.2863177 0.2883734 0.2900244 0.2934296 0.2964597 0.2993611 0.3022371 0.3061745 0.3135243 0.3203182 0.3265651 0.3327643 0.3393497 0.3462537 0.3536845 0.3612053 0.3699085 0.3789260 0.3886596 0.3923341 0.3946286 0.3997784 0.4039153 0.4076633 0.4108359 0.4154667 0.4218330 0.4244265 0.4235445 0.4244088 0.4274555 0.4241589 0.4239725 0.4240725 0.4202070 0.4156244 0.4108698 0.4061131 0.3940080 0.3872042 0.3806408 0.3733377 0.3643014 0.3547750
0.2624910 0.2650811 0.2669389 0.2689848 0.2712078 0.2734188 0.2748929 0.2779716 0.2799528 0.2818146 0.2847104 0.2877645 0.2896234 0.2921014 0.2951302 0.2985693 0.3019655 0.3055290 0.3094366 0.3150691 0.3215486 0.3278790 0.3339282 0.3407461 0.3479941 0.3554850 0.3630466 0.3716264 0.3803333 0.3885234 0.3925564 0.3969654 0.4016939 0.4064007 0.4092780 0.4127197 0.4164671 0.4244394 0.4262795 0.4277675 0.4300491 0.4304060 0.4280504 0.4241101 0.4237218 0.4213606 0.4174383 0.4094986 0.4041649 0.3978717 0.3898453 0.3829937 0.3742989 0.3648992 0.3550657
0.2639418 0.2656526 0.2674515 0.2696368 0.2719566 0.2735848 0.2758240 0.2786925 0.2808946 0.2836812 0.2862090 0.2889066 0.2914433 0.2944841 0.2970875 0.3005206 0.3045668 0.3085156 0.3129037 0.3167650 0.3234903 0.3296649 0.3352996 0.3422968 0.3496389 0.3571928 0.3646635 0.3729679 0.3827649 0.3869047 0.3916967 0.3967579 0.4015945 0.4071337 0.4109500 0.4145467 0.4206036 0.4261643 0.4262859 0.4270790 0.4297031 0.4271086 0.4264922 0.4268886 0.4246847 0.4215853 0.4168688 0.4092374 0.4016490 0.3973762 0.3915067 0.3830616 0.3737922 0.3643657 0.3544567
0.2644876 0.2660912 0.2680987 0.2703207 0.2725495 0.2742376 0.2769037 0.2793707 0.2817546 0.2845773 0.2874225 0.2901042 0.2928621 0.2959875 0.2990017 0.3022712 0.3063947 0.3109142 0.3154476 0.3203768 0.3241880 0.3306180 0.3368974 0.3439285 0.3511179 0.3578525 0.3646862 0.3721710 0.3792584 0.3822567 0.3886238 0.3943135 0.4004313 0.4067904 0.4103127 0.4146649 0.4204893 0.4234469 0.4237060 0.4265665 0.4258146 0.4278300 0.4280167 0.4261551 0.4232908 0.4162803 0.4112766 0.4074956 0.4011820 0.3947811 0.3900270 0.3814944 0.3724390 0.3627854 0.3525226
0.2646969 0.2660991 0.2686576 0.2708571 0.2729912 0.2748497 0.2776282 0.2799550 0.2825912 0.2852557 0.2880235 0.2909022 0.2938654 0.2968995 0.3003922 0.3042719 0.3083436 0.3131601 0.3179299 0.3224327 0.3273191 0.3311704 0.3386775 0.3448927 0.3513045 0.3570493 0.3622628 0.3686154 0.3726461 0.3702838 0.3823557 0.3878903 0.3937203 0.4014704 0.4073383 0.4130284 0.4173893 0.4208726 0.4235890 0.4253627 0.4264982 0.4278344 0.4224474 0.4213803 0.4199484 0.4162580 0.4098839 0.4064359 0.3990045 0.3931840 0.3873402 0.3793907 0.3703473 0.3604106 0.3500454
0.2641226 0.2654059 0.2684446 0.2711834 0.2720322 0.2741252 0.2781531 0.2810897 0.2834655 0.2858511 0.2887791 0.2920359 0.2950988 0.2986111 0.3022624 0.3061832 0.3103815 0.3152691 0.3202346 0.3253566 0.3306977 0.3364087 0.3401941 0.3444154 0.3502640 0.3542176 0.3570762 0.3625891 0.3681702 0.3728678 0.3755902 0.3767144 0.3787151 0.3912752 0.4006726 0.4074402 0.4116128 0.4162591 0.4193358 0.4214826 0.4241107 0.4242636 0.4212314 0.4182453 0.4162554 0.4127648 0.4075855 0.4021916 0.3958474 0.3893860 0.3824583 0.3752071 0.3663335 0.3567100 0.3467072
0.2643126 0.2655366 0.2684859 0.2714573 0.2737920 0.2756174 0.2786884 0.2812650 0.2840901 0.2869671 0.2900282 0.2933127 0.2966164 0.2999769 0.3042226 0.3081855 0.3125135 0.3174918 0.3227092 0.3280998 0.3340183 0.3392689 0.3381582 0.3407087 0.3464800 0.3518620 0.3607879 0.3673015 0.3739643 0.3800148 0.3814372 0.3821801 0.3822708 0.3838133 0.3842152 0.3977535 0.4044378 0.4111284 0.4150968 0.4189347 0.4197269 0.4186934 0.4166411 0.4136000 0.4098786 0.4061645 0.4011134 0.3957935 0.3906500 0.3836654 0.3762915 0.3691014 0.3606113 0.3521651 0.3432737
0.2645035 0.2665192 0.2692186 0.2718612 0.2743741 0.2770023 0.2795994 0.2824489 0.2854809 0.2884783 0.2919371 0.2950802 0.2974848 0.3021432 0.3058234 0.3102868 0.3147516 0.3202234 0.3255008 0.3308755 0.3378950 0.3412572 0.3382347 0.3446556 0.3516490 0.3567134 0.3654525 0.3882093 0.4063159 0.4273221 0.4132332 0.4085190 0.4057729 0.4007450 0.3871634 0.3855486 0.3842394 0.3994654 0.4083461 0.4112670 0.4110841 0.4090591 0.4067889 0.4032289 0.3989433 0.3953324 0.3917893 0.3870629 0.3819633 0.3756670 0.3684894 0.3614399 0.3536436 0.3452775 0.3366706
0.2643343 0.2666221 0.2693480 0.2721031 0.2749587 0.2779047 0.2804883 0.2839441 0.2866649 0.2897289 0.2929971 0.2963951 0.2985832 0.3021522 0.3075948 0.3124493 0.3173409 0.3229401 0.3283354 0.3328105 0.3399733 0.3474971 0.3519112 0.3586351 0.3664671 0.3759428 0.3907721 0.4105434 0.4324535 0.4377766 0.4315658 0.4269298 0.4234945 0.4165057 0.4082460 0.4005808 0.3858852 0.3836721 0.3958009 0.3975062 0.3958821 0.3932341 0.3895142 0.3853500 0.3808673 0.3773697 0.3764386 0.3731707 0.3695135 0.3646058 0.3588842 0.3522708 0.3451404 0.3371886 0.3294132
0.2634407 0.2656422 0.2689100 0.2720581 0.2755548 0.2788253 0.2814862 0.2852308 0.2884020 0.2915546 0.2946318 0.2982211 0.3017104 0.3057105 0.3101649 0.3148831 0.3200697 0.3260598 0.3308395 0.3358863 0.3428254 0.3518609 0.3618973 0.3709848 0.3814493 0.3925536 0.4084666 0.4289068 0.4548650 0.4569603 0.4458268 0.4388306 0.4379438 0.4276515 0.4198771 0.4123046 0.4012426 0.3853396 0.3816264 0.3774774 0.3731184 0.3683994 0.3628734 0.3572720 0.3518586 0.3470304 0.3567479 0.3556644 0.3517131 0.3478347 0.3456821 0.3401785 0.3334480 0.3256696 0.3181905
0.2641892 0.2663762 0.2687229 0.2713090 0.2761534 0.2799971 0.2831150 0.2866551 0.2896805 0.2921441 0.2963536 0.3003070 0.3041097 0.3082020 0.3126507 0.3174123 0.3229150 0.3280570 0.3330749 0.3400297 0.3485992 0.3583533 0.3694015 0.3809661 0.3899906 0.4049939 0.4205478 0.4418182 0.4691179 0.4635393 0.4534755 0.4431280 0.4323904 0.4300998 0.4251536 0.4196349 0.4120374 0.4017221 0.3922600 0.3783883 0.3726717 0.3669626 0.3608471 0.3550110 0.3493509 0.3433719 0.3370083 0.3308581 0.3249553 0.3193787 0.3268710 0.3233523 0.3167738 0.3091593 0.3020371
0.2650882 0.2674401 0.2697749 0.2738039 0.2777887 0.2814401 0.2846669 0.2880037 0.2913278 0.2931628 0.2971796 0.3023599 0.3064142 0.3106117 0.3152062 0.3204034 0.3255753 0.3296059 0.3370749 0.3455207 0.3549714 0.3644131 0.3741135 0.3851977 0.3973805 0.4133134 0.4253340 0.4479255 0.4711644 0.4666414 0.4574510 0.4432282 0.4148826 0.4262322 0.4233546 0.4227796 0.4171366 0.4075219 0.3965513 0.3884082 0.3750051 0.3683149 0.3613735 0.3544791 0.3480733 0.3415237 0.3346817 0.3279397 0.3213774 0.3145478 0.3078113 0.3005499 0.2932225 0.2854746 0.2780672
0.2665313 0.2695198 0.2712104 0.2756400 0.2797105 0.2832995 0.2865909 0.2899477 0.2934379 0.2965333 0.3005303 0.3051122 0.3093890 0.3135373 0.3184040 0.3235191 0.3288563 0.3336607 0.3394405 0.3469295 0.3582972 0.3681339 0.3776388 0.3908251 0.4030937 0.4175876 0.4338656 0.4518636 0.4661594 0.4690205 0.4640371 0.4528354 0.4392602 0.4313451 0.4119471 0.4217907 0.4177506 0.4054383 0.3893328 0.3936744 0.3890590 0.3799528 0.3637146 0.3558879 0.3484989 0.3418965 0.3348322 0.3274259 0.3202799 0.3129885 0.3052788 0.2974101 0.2898660 0.2819839 0.2744783
0.2699257 0.2728495 0.2753224 0.2782821 0.2821265 0.2855387 0.2888535 0.2922442 0.2958501 0.2992392 0.3033770 0.3076873 0.3123567 0.3168569 0.3217699 0.3274841 0.3321360 0.3348812 0.3395659 0.3461908 0.3568984 0.3649265 0.3802400 0.3957762 0.4060553 0.4203140 0.4360341 0.4542024 0.4725392 0.4731170 0.4727783 0.4612050 0.4512209 0.4432433 0.4336237 0.4283445 0.4194297 0.3994758 0.3974561 0.3989105 0.3969519 0.3905370 0.3795982 0.3685930 0.3519020 0.3447186 0.3370743 0.3289753 0.3210493 0.3133136 0.3050876 0.2970497 0.2891316 0.2812710 0.2735111
0.2724284 0.2756982 0.2779266 0.2809761 0.2846324 0.2879384 0.2913473 0.2949770 0.2981748 0.3013440 0.3048211 0.3099609 0.3161258 0.3206214 0.3258054 0.3310209 0.3354989 0.3389503 0.3401472 0.3461481 0.3526438 0.3617030 0.3775288 0.3916571 0.4050333 0.4191634 0.4344940 0.4491880 0.4634754 0.4692512 0.4681563 0.4625855 0.4555275 0.4490523 0.4428142 0.4344889 0.4243016 0.4082247 0.3956787 0.3989083 0.4003423 0.3963709 0.3872588 0.3787419 0.3699751 0.3623551 0.3537369 0.3425929 0.3244083 0.3157418 0.3060067 0.2988413 0.2903914 0.2821611 0.2737196
0.2753405 0.2784400 0.2811176 0.2837447 0.2875239 0.2906480 0.2930301 0.2964859 0.3011905 0.3050053 0.3086038 0.3131061 0.3192132 0.3251383 0.3306651 0.3362147 0.3415603 0.3453503 0.3460893 0.3530165 0.3599362 0.3678052 0.3774314 0.3867780 0.4020935 0.4154776 0.4308976 0.4446291 0.4580727 0.4646102 0.4652484 0.4598024 0.4541704 0.4494407 0.4454462 0.4389378 0.4277493 0.4069065 0.4035341 0.3929418 0.4024170 0.3981375 0.3878534 0.3827757 0.3781624 0.3729317 0.3649881 0.3556554 0.3448038 0.3345593 0.3242922 0.3131879 0.2941814 0.2847496 0.2753603
0.2776631 0.2807283 0.2837052 0.2864468 0.2903745 0.2934570 0.2955969 0.2988051 0.3049980 0.3092831 0.3138237 0.3189060 0.3243678 0.3301895 0.3362372 0.3424828 0.3489120 0.3546718 0.3590359 0.3647017 0.3675942 0.3753595 0.3833826 0.3913438 0.3999349 0.4087986 0.4257519 0.4394816 0.4517653 0.4628925 0.4591836 0.4526328 0.4483173 0.4454687 0.4460472 0.4431944 0.4340373 0.4234760 0.4176180 0.4110655 0.4100938 0.4005406 0.3786079 0.3812190 0.3820343 0.3784563 0.3720438 0.3647594 0.3565074 0.3485389 0.3416128 0.3269548 0.3121126 0.2982858 0.2795813
0.2801589 0.2831030 0.2861950 0.2898431 0.2933683 0.2965434 0.2981261 0.3028211 0.3089339 0.3134621 0.3184250 0.3236929 0.3296032 0.3359274 0.3423933 0.3493360 0.3565015 0.3636301 0.3699605 0.3760231 0.3804353 0.3891250 0.3950772 0.3978512 0.4051229 0.4122893 0.4208557 0.4336818 0.4438209 0.4479335 0.4497479 0.4391986 0.4364852 0.4347542 0.4460824 0.4454233 0.4374601 0.4305913 0.4283311 0.4239080 0.4187478 0.4090506 0.3943574 0.3762539 0.3853353 0.3829682 0.3757378 0.3698082 0.3631716 0.3556468 0.3470114 0.3353295 0.3228977 0.3106028 0.2980039
0.2828383 0.2858045 0.2889102 0.2927535 0.2964660 0.2984797 0.3015399 0.3075414 0.3129604 0.3178304 0.3229364 0.3286523 0.3350649 0.3417479 0.3487347 0.3552918 0.3638932 0.3720257 0.3799565 0.3875118 0.3937580 0.4011545 0.4073751 0.4119755 0.4171816 0.4175071 0.4221866 0.4255179 0.4332082 0.4334301 0.4444872 0.4489708 0.4500865 0.4519668 0.4524363 0.4493901 0.4427783 0.4343209 0.4326294 0.4293153 0.4259912 0.4182937 0.4085531 0.3990619 0.3939846 0.3862470 0.3748264 0.3714530 0.3670983 0.3601116 0.3504468 0.3397421 0.3293456 0.3189046 0.3086762
0.2852144 0.2884212 0.2918984 0.2955796 0.2989911 0.3034493 0.3073253 0.3122754 0.3174283 0.3224723 0.3276900 0.3334956 0.3399971 0.3455637 0.3521997 0.3602298 0.3689784 0.3789318 0.3899844 0.3975338 0.4045109 0.4100413 0.4188035 0.4234777 0.4258283 0.4244540 0.4216815 0.4244123 0.4277202 0.4340483 0.4432409 0.4490518 0.4535193 0.4579548 0.4588859 0.4529467 0.4432831 0.4235631 0.4329157 0.4333391 0.4311518 0.4250323 0.4180540 0.4113337 0.4015968 0.3884206 0.3627602 0.3718775 0.3699808 0.3618200 0.3497007 0.3380362 0.3299622 0.3230299 0.3146717
0.2860270 0.2905976 0.2944702 0.2979188 0.3024224 0.3078762 0.3122143 0.3162433 0.3214523 0.3266833 0.3320819 0.3379741 0.3439038 0.3492296 0.3571075 0.3656154 0.3745902 0.3850141 0.3968199 0.4069738 0.4130387 0.4207904 0.4267024 0.4283473 0.4299513 0.4301868 0.4285220 0.4240989 0.4257250 0.4289735 0.4394577 0.4471805 0.4534403 0.4576334 0.4612100 0.4585902 0.4499833 0.4404994 0.4366601 0.4358805 0.4344907 0.4278681 0.4226884 0.4190650 0.4111999 0.3998936 0.3865129 0.3809883 0.3735384 0.3617709 0.3447203 0.3340463 0.3273374 0.3237165 0.3167714
0.2887113 0.2929295 0.2972184 0.3007131 0.3040650 0.3100887 0.3144832 0.3187752 0.3255189 0.3312909 0.3361571 0.3418772 0.3475148 0.3545911 0.3628355 0.3720416 0.3819245 0.3932529 0.4028797 0.4115214 0.4171735 0.4231625 0.4280321 0.4313167 0.4330289 0.4336399 0.4326775 0.4265574 0.4219759 0.4262072 0.4355428 0.4441944 0.4510134 0.4561742 0.4590386 0.4604952 0.4557714 0.4456574 0.4343504 0.4335698 0.4365190 0.4325494 0.4278901 0.4245742 0.4180685 0.4088793 0.3986725 0.3891052 0.3778602 0.3616337 0.3325666 0.3222778 0.3228377 0.3220215 0.3157773
