LUCAS_GEMMES_COP27/includes/subsidence/Scenario_M1/TOT_SUBSIDENCE_2070_SINCE_2018_MKD_ONLY.ASC
NCOLS                318
NROWS                364
XLLCORNER      400000.00
YLLCORNER      907000.00
CELLSIZE         1000.00
NODATA_VALUE    0.3402823E+39
[rows 168 to 191 of 364, columns 165 to 219 of 318]
0.3138959 0.3137739 0.3139426 0.3145955 0.3158053 0.3160248 0.3182876 0.3211158 0.3238672 0.3282368 0.3332247 0.3390518 0.3462425 0.3550692 0.3657256 0.3795272 0.3945381 0.4038732 0.4042661 0.4048719 0.4058467 0.4052446 0.4046440 0.4044605 0.4035808 0.4029039 0.4019446 0.4015405 0.4005253 0.3986953 0.3940802 0.3949637 0.3951075 0.3938254 0.3923338 0.3910202 0.3900301 0.3882945 0.3870346 0.3878078 0.3907223 0.3913145 0.3919271 0.3916405 0.3917167 0.3913154 0.3875344 0.3875481 0.3874471 0.3866509 0.3848327 0.3821225 0.3827277 0.3826490 0.3803735
0.3147699 0.3152602 0.3161137 0.3174077 0.3183132 0.3186069 0.3212870 0.3242045 0.3277382 0.3322135 0.3377382 0.3441753 0.3518953 0.3610462 0.3727645 0.3870119 0.4036768 0.4074478 0.4064038 0.4071925 0.4067605 0.4062366 0.4060582 0.4061255 0.4058693 0.4051456 0.4046982 0.4041594 0.4027940 0.4005824 0.3984286 0.3948792 0.3921847 0.3937975 0.3921049 0.3895266 0.3885109 0.3890530 0.3879460 0.3879521 0.3902902 0.3931465 0.3925607 0.3923526 0.3943697 0.3937720 0.3919944 0.3939777 0.3943241 0.3930605 0.3923592 0.3911616 0.3903999 0.3894780 0.3888456
0.3164504 0.3170760 0.3179658 0.3183793 0.3191163 0.3213332 0.3239688 0.3268651 0.3310640 0.3358943 0.3415653 0.3484991 0.3568187 0.3671442 0.3804604 0.3977299 0.4070645 0.4073684 0.4074686 0.4080302 0.4077176 0.4072284 0.4067487 0.4066714 0.4069406 0.4066294 0.4061228 0.4065287 0.4044495 0.4022102 0.4000867 0.3982629 0.3958637 0.3920231 0.3900212 0.3886331 0.3889011 0.3875852 0.3880706 0.3880162 0.3906387 0.3949100 0.3948635 0.3944605 0.3960595 0.3957264 0.3970512 0.3985746 0.3989801 0.3979192 0.3974681 0.3967481 0.3966966 0.3954262 0.3951271
0.3177494 0.3188801 0.3203557 0.3195136 0.3209747 0.3239855 0.3262771 0.3292595 0.3340660 0.3393575 0.3452011 0.3522698 0.3614929 0.3723497 0.3853679 0.4038954 0.4090723 0.4073795 0.4070393 0.4083273 0.4088104 0.4079934 0.4075810 0.4072497 0.4067134 0.4069973 0.4067988 0.4060020 0.4045755 0.4031817 0.4010293 0.3983074 0.3945257 0.3919383 0.3904307 0.3905492 0.3871865 0.3862590 0.3872176 0.3874845 0.3895127 0.3939762 0.3962740 0.3969498 0.3968796 0.3981985 0.4004128 0.4015788 0.4014787 0.4011461 0.4016128 0.4012283 0.4010264 0.4007122 0.4012600
0.3176326 0.3189833 0.3211188 0.3218673 0.3230504 0.3250224 0.3277783 0.3316335 0.3364359 0.3420937 0.3485267 0.3558702 0.3646268 0.3766620 0.3890909 0.4020656 0.4049883 0.4076944 0.4081326 0.4081611 0.4087907 0.4089137 0.4088049 0.4084399 0.4073526 0.4070003 0.4063476 0.4041471 0.4029466 0.4025221 0.4004210 0.3986044 0.3950770 0.3913042 0.3930103 0.3926664 0.3878316 0.3869787 0.3853562 0.3865955 0.3875533 0.3904439 0.3933243 0.3952769 0.3968892 0.3995740 0.4012504 0.4036844 0.4040907 0.4043433 0.4050705 0.4045025 0.4053281 0.4064196 0.4069493
0.3174990 0.3191730 0.3203387 0.3219833 0.3240481 0.3262917 0.3294967 0.3334713 0.3385478 0.3442111 0.3509697 0.3598450 0.3681896 0.3800987 0.3950803 0.4030165 0.4059946 0.4072576 0.4085364 0.4083380 0.4091388 0.4090884 0.4093748 0.4090309 0.4079183 0.4066944 0.4049623 0.4032432 0.4024554 0.4011944 0.3990003 0.3977126 0.3955246 0.3937887 0.3928309 0.3919986 0.3869264 0.3865777 0.3846303 0.3844973 0.3859590 0.3882966 0.3921584 0.3939815 0.3974738 0.4000731 0.4019462 0.4043205 0.4064447 0.4070710 0.4065347 0.4076402 0.4094467 0.4101317 0.4111232
0.3175068 0.3185740 0.3198572 0.3214045 0.3238555 0.3265311 0.3302004 0.3347940 0.3399990 0.3459027 0.3537342 0.3618323 0.3712418 0.3825317 0.3924089 0.4083280 0.4069557 0.4069611 0.4083481 0.4085211 0.4089771 0.4083250 0.4077343 0.4071499 0.4055453 0.4052566 0.4037765 0.4020003 0.4007798 0.3992614 0.3983013 0.3958370 0.3939861 0.3932338 0.3919942 0.3898889 0.3876258 0.3863108 0.3843233 0.3832375 0.3840976 0.3869403 0.3910685 0.3922693 0.3949108 0.3998301 0.4026195 0.4051788 0.4074889 0.4079310 0.4099990 0.4116609 0.4124628 0.4123272 0.4127048
0.3163118 0.3171296 0.3184965 0.3205137 0.3231219 0.3256461 0.3299145 0.3347581 0.3398950 0.3457185 0.3534955 0.3627875 0.3726531 0.3850675 0.3920415 0.3997785 0.4069016 0.4064795 0.4080037 0.4072843 0.4065536 0.4072293 0.4066410 0.4054804 0.4046944 0.4033233 0.4017768 0.4001788 0.3984428 0.3976756 0.3961675 0.3941714 0.3922845 0.3918796 0.3907734 0.3897276 0.3879540 0.3870554 0.3843049 0.3822472 0.3824683 0.3837009 0.3884507 0.3921965 0.3933425 0.3991328 0.4023813 0.4046783 0.4079359 0.4087348 0.4096413 0.4121681 0.4146779 0.4161997 0.4128098
0.3143489 0.3146107 0.3161212 0.3184430 0.3210742 0.3237682 0.3282277 0.3326656 0.3381940 0.3449858 0.3533297 0.3624290 0.3736603 0.3812519 0.3880185 0.3946948 0.4001383 0.4055994 0.4051695 0.4047952 0.4036517 0.4053533 0.4041308 0.4027989 0.4004739 0.3995854 0.3997126 0.3976244 0.3969905 0.3961019 0.3947564 0.3913531 0.3902383 0.3901658 0.3893832 0.3885804 0.3875991 0.3858535 0.3851646 0.3810195 0.3821918 0.3817652 0.3840095 0.3905307 0.3918455 0.3949745 0.4006750 0.3998983 0.4058645 0.4082066 0.4073644 0.4139276 0.4159417 0.4139505 0.4178571
0.3108372 0.3116107 0.3135558 0.3155169 0.3181158 0.3215324 0.3254986 0.3304658 0.3362682 0.3433145 0.3515028 0.3603586 0.3694707 0.3759286 0.3818392 0.3879618 0.3950745 0.3978682 0.4012364 0.4001197 0.4005618 0.4007144 0.4006885 0.3982338 0.3967361 0.3969367 0.3961825 0.3941020 0.3937187 0.3926463 0.3910704 0.3887242 0.3890002 0.3887450 0.3886459 0.3875246 0.3862645 0.3852682 0.3836789 0.3794354 0.3802715 0.3814042 0.3843303 0.3881097 0.3898022 0.3923451 0.3952870 0.4019897 0.4079319 0.4096034 0.4127916 0.4162833 0.4181860 0.4167022 0.4166615
0.3067245 0.3076280 0.3088169 0.3114167 0.3142717 0.3177353 0.3216849 0.3266280 0.3320962 0.3383091 0.3470539 0.3573175 0.3655456 0.3700086 0.3755416 0.3820623 0.3885476 0.3909894 0.3944286 0.3982331 0.3968550 0.3965300 0.3955242 0.3937009 0.3940278 0.3936702 0.3927529 0.3905614 0.3908700 0.3897942 0.3873741 0.3867382 0.3868789 0.3875022 0.3870963 0.3862427 0.3850087 0.3838772 0.3829339 0.3782154 0.3777350 0.3784983 0.3806699 0.3825630 0.3841733 0.3891537 0.3939564 0.3997552 0.4064571 0.4095652 0.4132277 0.4156842 0.4182094 0.4203866 0.4247128
0.3028938 0.3030152 0.3042000 0.3064712 0.3087185 0.3119358 0.3159407 0.3207409 0.3269021 0.3327201 0.3407764 0.3488007 0.3562919 0.3627159 0.3682418 0.3749538 0.3802444 0.3832546 0.3881845 0.3953152 0.3908180 0.3904227 0.3895039 0.3899314 0.3899311 0.3897186 0.3888252 0.3867852 0.3876458 0.3853012 0.3846391 0.3838599 0.3842249 0.3835016 0.3837811 0.3834989 0.3825422 0.3817887 0.3787371 0.3779214 0.3772048 0.3784678 0.3771792 0.3802273 0.3817887 0.3866934 0.3910801 0.3979994 0.4032145 0.4088077 0.4122440 0.4135268 0.4154987 0.4179799 0.4243824
0.2972121 0.2975283 0.2989460 0.3008879 0.3025961 0.3047685 0.3083785 0.3137069 0.3196254 0.3257023 0.3346520 0.3423594 0.3478397 0.3538371 0.3606265 0.3679514 0.3720903 0.3763210 0.3799373 0.3829917 0.3864594 0.3859175 0.3847205 0.3849883 0.3862110 0.3858566 0.3835698 0.3833234 0.3836357 0.3804039 0.3806351 0.3818851 0.3812844 0.3802493 0.3799272 0.3796953 0.3795409 0.3787528 0.3787668 0.3770635 0.3778942 0.3746642 0.3748334 0.3775613 0.3790188 0.3833280 0.3891099 0.3945621 0.3997354 0.4078752 0.4093540 0.4161397 0.4202544 0.4181689 0.4254334
0.2911875 0.2910731 0.2922625 0.2936585 0.2956259 0.2968844 0.3004944 0.3050581 0.3103710 0.3165159 0.3244726 0.3326530 0.3407795 0.3459532 0.3534853 0.3593127 0.3638698 0.3687356 0.3715725 0.3755974 0.3788431 0.3827437 0.3820904 0.3806786 0.3828507 0.3822260 0.3804059 0.3811936 0.3783107 0.3772552 0.3770639 0.3787464 0.3780685 0.3773831 0.3755285 0.3751875 0.3763876 0.3769984 0.3771707 0.3769642 0.3758821 0.3737450 0.3740168 0.3740838 0.3771046 0.3830560 0.3888033 0.3940129 0.4005436 0.4052204 0.4077849 0.4165087 0.4197318 0.4189386 0.4256887
0.2854418 0.2842748 0.2838751 0.2853986 0.2865456 0.2887135 0.2911327 0.2955022 0.3007668 0.3063838 0.3154416 0.3234424 0.3324256 0.3373578 0.3461318 0.3518274 0.3557369 0.3603550 0.3638747 0.3691307 0.3718657 0.3751105 0.3783199 0.3780270 0.3775106 0.3793626 0.3767575 0.3759691 0.3748274 0.3757663 0.3735691 0.3762926 0.3725262 0.3718897 0.3718239 0.3732646 0.3747333 0.3740123 0.3744230 0.3747708 0.3750903 0.3748983 0.3753373 0.3737192 0.3782964 0.3819437 0.3864614 0.3922372 0.3978643 0.4032576 0.4060296 0.4144311 0.4197710 0.4232049 0.4255422
0.2789384 0.2781874 0.2763910 0.2759185 0.2766523 0.2790787 0.2799677 0.2845688 0.2901942 0.2991794 0.3078083 0.3142194 0.3228165 0.3304987 0.3372917 0.3428290 0.3470384 0.3549296 0.3590365 0.3629841 0.3673061 0.3695162 0.3762043 0.3764443 0.3749906 0.3741684 0.3728532 0.3728158 0.3730672 0.3720259 0.3692343 0.3686359 0.3675641 0.3691463 0.3690913 0.3686416 0.3696297 0.3702489 0.3709862 0.3709243 0.3722491 0.3743969 0.3754619 0.3767907 0.3775760 0.3762470 0.3831611 0.3880712 0.3939050 0.3984679 0.4031217 0.4104600 0.4189233 0.4243932 0.4280362
0.2718136 0.2706363 0.2690044 0.2668776 0.2668135 0.2685695 0.2688811 0.2695066 0.2773934 0.2882168 0.2976499 0.3065498 0.3150002 0.3237879 0.3307541 0.3369653 0.3427298 0.3490500 0.3541688 0.3579124 0.3620840 0.3661813 0.3683295 0.3737204 0.3751762 0.3712541 0.3706127 0.3683391 0.3691707 0.3656680 0.3644679 0.3654880 0.3644803 0.3641014 0.3645392 0.3645813 0.3643306 0.3644283 0.3656096 0.3672645 0.3711624 0.3732527 0.3751562 0.3768492 0.3777857 0.3770457 0.3815235 0.3849563 0.3899507 0.3980468 0.4026990 0.4073803 0.4176076 0.4243589 0.4301609
0.2624624 0.2597636 0.2575605 0.2562624 0.2562577 0.2559925 0.2575045 0.2625454 0.2730573 0.2829089 0.2930941 0.3018813 0.3079472 0.3155931 0.3229824 0.3293888 0.3354465 0.3414701 0.3472537 0.3509903 0.3555389 0.3602183 0.3658215 0.3670059 0.3702750 0.3696067 0.3669774 0.3674001 0.3658247 0.3616264 0.3619983 0.3602492 0.3588925 0.3561851 0.3564153 0.3568301 0.3580538 0.3617423 0.3627487 0.3648818 0.3680082 0.3708848 0.3735643 0.3765772 0.3785833 0.3793991 0.3790157 0.3809328 0.3883082 0.3947772 0.4019114 0.4068558 0.4168718 0.4232715 0.4275528
0.2534692 0.2521108 0.2478403 0.2456934 0.2459860 0.2437438 0.2445762 0.2542122 0.2667196 0.2767570 0.2877361 0.2949255 0.3028153 0.3105819 0.3201080 0.3262480 0.3327820 0.3390691 0.3448332 0.3493627 0.3536108 0.3556949 0.3593110 0.3617247 0.3624888 0.3636963 0.3655358 0.3655829 0.3626048 0.3572178 0.3575229 0.3530840 0.3513224 0.3494311 0.3513944 0.3522556 0.3532590 0.3552667 0.3580649 0.3611935 0.3649887 0.3683002 0.3722590 0.3758005 0.3784456 0.3793663 0.3760557 0.3800587 0.3871802 0.3919432 0.3992292 0.4071487 0.4147390 0.4211671 0.4266182
0.2467177 0.2413789 0.2381541 0.2375299 0.2349196 0.2297457 0.2343495 0.2482322 0.2614941 0.2691128 0.2780197 0.2888653 0.3003018 0.3058100 0.3131270 0.3221177 0.3284550 0.3348413 0.3405044 0.3454044 0.3493482 0.3536356 0.3553150 0.3568383 0.3578365 0.3598294 0.3601660 0.3589382 0.3565705 0.3551562 0.3541198 0.3516033 0.3518698 0.3503178 0.3488513 0.3472116 0.3446963 0.3466424 0.3510165 0.3555470 0.3603688 0.3649222 0.3702232 0.3747121 0.3788033 0.3813773 0.3805300 0.3818097 0.3864159 0.3905240 0.3959432 0.4040257 0.4118714 0.4191268 0.4243862
0.2390309 0.2317407 0.2304959 0.2266251 0.2242022 0.2217674 0.2318301 0.2431018 0.2552017 0.2653306 0.2771718 0.2872561 0.2960892 0.3038397 0.3084606 0.3155717 0.3246664 0.3308330 0.3358454 0.3376389 0.3425644 0.3468483 0.3504874 0.3558753 0.3550850 0.3566633 0.3569530 0.3586751 0.3577737 0.3529034 0.3499017 0.3482662 0.3473800 0.3463305 0.3471653 0.3449552 0.3428297 0.3417928 0.3436488 0.3485450 0.3543999 0.3612707 0.3678496 0.3739637 0.3796602 0.3837499 0.3863390 0.3875377 0.3873522 0.3904655 0.3955003 0.4008317 0.4079113 0.4154590 0.4224765
0.2264855 0.2209136 0.2199411 0.2159753 0.2070783 0.2134760 0.2285176 0.2396489 0.2512608 0.2621633 0.2751709 0.2841710 0.2932774 0.3008226 0.3071102 0.3117322 0.3209717 0.3242440 0.3294274 0.3341366 0.3421882 0.3430704 0.3492959 0.3524653 0.3522271 0.3571879 0.3545145 0.3537622 0.3538716 0.3536718 0.3545804 0.3521886 0.3507938 0.3440084 0.3425612 0.3411239 0.3396906 0.3381190 0.3405294 0.3393996 0.3485309 0.3567892 0.3651572 0.3729902 0.3795809 0.3831448 0.3886863 0.3925151 0.3927009 0.3916877 0.3954437 0.4000025 0.4034260 0.4111708 0.4191517
0.2167354 0.2141471 0.2094626 0.2025055 0.1999466 0.2166750 0.2255964 0.2373565 0.2513556 0.2591152 0.2692053 0.2810099 0.2896568 0.2986368 0.3019642 0.3089005 0.3149453 0.3208740 0.3299316 0.3350669 0.3364273 0.3405152 0.3465867 0.3465908 0.3496304 0.3551699 0.3561478 0.3528464 0.3576107 0.3545929 0.3573682 0.3550605 0.3537791 0.3518298 0.3465939 0.3441836 0.3458431 0.3417040 0.3416009 0.3367492 0.3399379 0.3478839 0.3596764 0.3727730 0.3804055 0.3858827 0.3923598 0.3975895 0.3984097 0.3980353 0.3966164 0.3999702 0.4025463 0.4059610 0.4139695
0.2109679 0.2046889 0.1952984 0.1895996 0.1989637 0.2154949 0.2241127 0.2393748 0.2501242 0.2607276 0.2673000 0.2760531 0.2839870 0.2926243 0.3001195 0.3103958 0.3127807 0.3222900 0.3272794 0.3328578 0.3341122 0.3421834 0.3444743 0.3446160 0.3515050 0.3536130 0.3551630 0.3525657 0.3540407 0.3550656 0.3588536 0.3580903 0.3575927 0.3569605 0.3524975 0.3552288 0.3548624 0.3555659 0.3539910 0.3545810 0.3577074 0.3594169 0.3610864 0.3690706 0.3822775 0.3926579 0.3988338 0.4037320 0.4046607 0.4047359 0.3994964 0.4000842 0.4025595 0.4051901 0.4075629
