LUCAS_GEMMES_COP27/includes/subsidence/Scenario_B2/TOT_SUBSIDENCE_2030_SINCE_2018_MKD_ONLY.ASC
NCOLS                318
NROWS                364
XLLCORNER      400000.00
YLLCORNER      907000.00
CELLSIZE         1000.00
NODATA_VALUE    0.3402823E+39
[rows 264 to 287 of 364, columns 108 to 161 of 318]
0.2082757 0.2177181 0.2276484 0.2386312 0.2482622 0.2554848 0.2588991 0.2637267 0.2668594 0.2685236 0.2686317 0.2677079 0.2693723 0.2720029 0.2709630 0.2701390 0.2699806 0.2711380 0.2702478 0.2694707 0.2683053 0.2657104 0.2640995 0.2607958 0.2579000 0.2559271 0.2519050 0.2486247 0.2450272 0.2411819 0.2366852 0.2344889 0.2307517 0.2267004 0.2219461 0.2166298 0.2111830 0.2072688 0.2029117 0.1972037 0.1905453 0.1863770 0.1816585 0.1760072 0.1706419 0.1656050 0.1581932 0.1503785 0.1523314 3.4028235E+38 3.4028235E+38 3.4028235E+38 3.4028235E+38 3.4028235E+38
0.2043590 0.2137867 0.2238900 0.2328922 0.2429504 0.2483641 0.2515810 0.2548843 0.2571561 0.2593128 0.2608366 0.2612177 0.2622039 0.2631963 0.2620121 0.2633385 0.2637793 0.2643242 0.2641213 0.2650328 0.2618327 0.2575590 0.2572908 0.2554739 0.2515303 0.2489187 0.2451295 0.2418745 0.2383565 0.2348064 0.2302905 0.2274670 0.2232518 0.2189299 0.2141328 0.2093550 0.2039791 0.1986255 0.1929112 0.1871828 0.1808566 0.1767772 0.1718054 0.1661948 0.1609367 0.1539924 0.1466484 3.4028235E+38 3.4028235E+38 3.4028235E+38 3.4028235E+38 3.4028235E+38 3.4028235E+38 3.4028235E+38
0.1996476 0.2088459 0.2182978 0.2271726 0.2350973 0.2397537 0.2432770 0.2462336 0.2487367 0.2506300 0.2516789 0.2537549 0.2548736 0.2567725 0.2555694 0.2563787 0.2557967 0.2562683 0.2557938 0.2554519 0.2532951 0.2523372 0.2513717 0.2487601 0.2445909 0.2402824 0.2378379 0.2355732 0.2323293 0.2292472 0.2239802 0.2198850 0.2161887 0.2121530 0.2076101 0.2018821 0.1953925 0.1904199 0.1842731 0.1776813 0.1722906 0.1677581 0.1625391 0.1571366 0.1513147 3.4028235E+38 3.4028235E+38 3.4028235E+38 3.4028235E+38 3.4028235E+38 3.4028235E+38 3.4028235E+38 3.4028235E+38 3.4028235E+38
0.1954174 0.2042851 0.2135633 0.2231781 0.2293057 0.2323933 0.2362968 0.2389068 0.2409665 0.2427809 0.2451407 0.2462978 0.2468325 0.2484527 0.2493307 0.2482107 0.2477003 0.2475241 0.2475251 0.2474522 0.2472148 0.2453668 0.2439333 0.2411605 0.2378903 0.2331068 0.2311529 0.2295354 0.2262272 0.2230814 0.2185816 0.2136170 0.2092726 0.2042153 0.1988910 0.1934260 0.1870424 0.1821711 0.1753613 0.1693233 0.1643318 0.1589959 0.1523234 0.1488414 3.4028235E+38 3.4028235E+38 3.4028235E+38 3.4028235E+38 3.4028235E+38 3.4028235E+38 3.4028235E+38 3.4028235E+38 3.4028235E+38 3.4028235E+38
0.1897873 0.1989643 0.2081829 0.2175446 0.2213641 0.2243956 0.2268950 0.2301541 0.2335504 0.2359736 0.2375689 0.2382475 0.2396973 0.2407066 0.2411724 0.2408723 0.2410131 0.2408219 0.2405989 0.2404718 0.2405508 0.2382917 0.2375642 0.2346490 0.2313057 0.2283872 0.2253698 0.2226153 0.2202718 0.2170959 0.2123406 0.2057749 0.2011683 0.1962228 0.1906950 0.1848145 0.1789266 0.1739416 0.1669801 0.1615448 0.1566083 0.1503993 0.1472521 3.4028235E+38 3.4028235E+38 3.4028235E+38 3.4028235E+38 3.4028235E+38 3.4028235E+38 3.4028235E+38 3.4028235E+38 3.4028235E+38 3.4028235E+38 3.4028235E+38
0.1849800 0.1938094 0.2024340 0.2098461 0.2147896 0.2177542 0.2202101 0.2221936 0.2248449 0.2274690 0.2297743 0.2309976 0.2330197 0.2339114 0.2335327 0.2336363 0.2345144 0.2332008 0.2324190 0.2322537 0.2314208 0.2295319 0.2282747 0.2264921 0.2242663 0.2218892 0.2183806 0.2154717 0.2130273 0.2097572 0.2043307 0.1983067 0.1929121 0.1879635 0.1819731 0.1767106 0.1710606 0.1670873 0.1590852 0.1504833 0.1492972 0.1460137 3.4028235E+38 3.4028235E+38 3.4028235E+38 3.4028235E+38 3.4028235E+38 3.4028235E+38 3.4028235E+38 3.4028235E+38 3.4028235E+38 3.4028235E+38 3.4028235E+38 3.4028235E+38
0.1797094 0.1864777 0.1981310 0.2037778 0.2072181 0.2106510 0.2138078 0.2160287 0.2176635 0.2202832 0.2234181 0.2240605 0.2253574 0.2265965 0.2267778 0.2266558 0.2263672 0.2254396 0.2245288 0.2240181 0.2226469 0.2211856 0.2199076 0.2181755 0.2162062 0.2140890 0.2099685 0.2078477 0.2053079 0.2033651 0.1979526 0.1914044 0.1851393 0.1794491 0.1741434 0.1700272 0.1632198 0.1581772 0.1506647 0.1462631 0.1448815 3.4028235E+38 3.4028235E+38 3.4028235E+38 3.4028235E+38 3.4028235E+38 3.4028235E+38 3.4028235E+38 3.4028235E+38 3.4028235E+38 3.4028235E+38 3.4028235E+38 3.4028235E+38 3.4028235E+38
0.1744701 0.1826320 0.1911413 0.1957555 0.2002090 0.2030897 0.2071098 0.2086679 0.2109092 0.2131176 0.2152267 0.2162408 0.2173043 0.2197704 0.2206921 0.2195500 0.2189725 0.2182542 0.2170700 0.2159216 0.2145408 0.2131762 0.2119884 0.2106239 0.2080133 0.2052689 0.2021957 0.2002400 0.1976787 0.1931079 0.1882148 0.1829204 0.1779951 0.1722701 0.1660952 0.1614704 0.1549634 0.1502297 0.1449342 0.1420343 3.4028235E+38 3.4028235E+38 3.4028235E+38 3.4028235E+38 3.4028235E+38 3.4028235E+38 3.4028235E+38 3.4028235E+38 3.4028235E+38 3.4028235E+38 3.4028235E+38 3.4028235E+38 3.4028235E+38 3.4028235E+38
0.1693995 0.1784013 0.1848562 0.1891223 0.1926313 0.1953857 0.1976338 0.2001851 0.2031053 0.2059580 0.2077308 0.2084316 0.2098415 0.2113579 0.2120190 0.2116551 0.2115186 0.2118735 0.2098685 0.2084908 0.2062051 0.2042576 0.2035890 0.2033024 0.1993451 0.1963745 0.1937151 0.1911629 0.1893227 0.1839747 0.1791929 0.1748176 0.1715509 0.1647399 0.1586861 0.1529346 0.1495814 0.1467183 0.1417378 0.1386980 3.4028235E+38 3.4028235E+38 3.4028235E+38 3.4028235E+38 3.4028235E+38 3.4028235E+38 3.4028235E+38 3.4028235E+38 3.4028235E+38 3.4028235E+38 3.4028235E+38 3.4028235E+38 3.4028235E+38 3.4028235E+38
0.1639464 0.1731598 0.1788469 0.1813463 0.1848205 0.1880047 0.1899793 0.1925607 0.1951319 0.1981022 0.2005830 0.2016239 0.2022123 0.2038003 0.2046219 0.2043613 0.2038830 0.2030795 0.2014912 0.2015278 0.1984237 0.1955630 0.1942375 0.1927909 0.1901043 0.1877618 0.1849143 0.1823763 0.1788178 0.1745458 0.1701784 0.1659436 0.1621943 0.1568406 0.1503164 0.1480751 0.1449936 3.4028235E+38 0.1403618 3.4028235E+38 3.4028235E+38 3.4028235E+38 3.4028235E+38 3.4028235E+38 3.4028235E+38 3.4028235E+38 3.4028235E+38 3.4028235E+38 3.4028235E+38 3.4028235E+38 3.4028235E+38 3.4028235E+38 3.4028235E+38 3.4028235E+38
0.1583625 0.1663805 0.1702611 0.1741368 0.1772531 0.1799017 0.1821612 0.1847424 0.1872187 0.1902253 0.1935192 0.1936655 0.1948521 0.1968511 0.1977837 0.1970191 0.1961980 0.1942283 0.1918069 0.1904118 0.1885145 0.1862832 0.1843313 0.1824449 0.1805924 0.1797843 0.1755371 0.1723132 0.1691975 0.1651007 0.1609267 0.1573703 0.1535269 0.1495470 0.1451727 0.1438440 0.1410272 3.4028235E+38 3.4028235E+38 3.4028235E+38 3.4028235E+38 3.4028235E+38 3.4028235E+38 3.4028235E+38 3.4028235E+38 3.4028235E+38 3.4028235E+38 3.4028235E+38 3.4028235E+38 3.4028235E+38 3.4028235E+38 3.4028235E+38 3.4028235E+38 3.4028235E+38
0.1529158 0.1598432 0.1638682 0.1673995 0.1704564 0.1734373 0.1750827 0.1770478 0.1793332 0.1819320 0.1840098 0.1859337 0.1876130 0.1902040 0.1934469 0.1905828 0.1902839 0.1862453 0.1836247 0.1814379 0.1795096 0.1778397 0.1754071 0.1733656 0.1717677 0.1701245 0.1666483 0.1637572 0.1621137 0.1572256 0.1527445 0.1481429 0.1468495 0.1445520 0.1410912 0.1385838 3.4028235E+38 3.4028235E+38 3.4028235E+38 3.4028235E+38 3.4028235E+38 3.4028235E+38 3.4028235E+38 3.4028235E+38 3.4028235E+38 3.4028235E+38 3.4028235E+38 3.4028235E+38 3.4028235E+38 3.4028235E+38 3.4028235E+38 3.4028235E+38 3.4028235E+38 3.4028235E+38
0.1489205 0.1546736 0.1571855 0.1605351 0.1636384 0.1667460 0.1680111 0.1694529 0.1716093 0.1740283 0.1755517 0.1779399 0.1803030 0.1835234 0.1818038 0.1802084 0.1784618 0.1760366 0.1739885 0.1713868 0.1700107 0.1698076 0.1662991 0.1638478 0.1617634 0.1597851 0.1575914 0.1547561 0.1523599 0.1470347 0.1453985 0.1426418 0.1396705 0.1376130 0.1356890 0.1336924 3.4028235E+38 3.4028235E+38 3.4028235E+38 3.4028235E+38 3.4028235E+38 3.4028235E+38 3.4028235E+38 3.4028235E+38 3.4028235E+38 3.4028235E+38 3.4028235E+38 3.4028235E+38 3.4028235E+38 3.4028235E+38 3.4028235E+38 3.4028235E+38 3.4028235E+38 3.4028235E+38
0.1432559 0.1471212 0.1505844 0.1536683 0.1560328 0.1582797 0.1596880 0.1614075 0.1639065 0.1667579 0.1668252 0.1686815 0.1701610 0.1713181 0.1700959 0.1694137 0.1676984 0.1660236 0.1638709 0.1619933 0.1605864 0.1589932 0.1564503 0.1545475 0.1527984 0.1510839 0.1495731 0.1472977 0.1437554 0.1422790 0.1419286 0.1399048 0.1359905 0.1340257 0.1303411 3.4028235E+38 3.4028235E+38 3.4028235E+38 3.4028235E+38 3.4028235E+38 3.4028235E+38 3.4028235E+38 3.4028235E+38 3.4028235E+38 3.4028235E+38 3.4028235E+38 3.4028235E+38 3.4028235E+38 3.4028235E+38 3.4028235E+38 3.4028235E+38 3.4028235E+38 3.4028235E+38 3.4028235E+38
0.1372193 0.1403751 0.1437291 0.1473588 0.1495284 0.1513004 0.1524063 0.1535657 0.1554714 0.1572242 0.1580921 0.1595790 0.1602733 0.1598297 0.1588585 0.1582110 0.1569582 0.1568244 0.1545872 0.1532987 0.1505623 0.1486048 0.1468653 0.1455568 0.1438845 0.1430853 0.1421862 0.1412649 0.1398313 0.1398824 0.1394130 0.1373696 0.1347988 0.1324107 0.1274353 3.4028235E+38 3.4028235E+38 3.4028235E+38 3.4028235E+38 3.4028235E+38 3.4028235E+38 3.4028235E+38 3.4028235E+38 3.4028235E+38 3.4028235E+38 3.4028235E+38 3.4028235E+38 3.4028235E+38 3.4028235E+38 3.4028235E+38 3.4028235E+38 3.4028235E+38 3.4028235E+38 3.4028235E+38
0.1305575 0.1336582 0.1370407 0.1415617 0.1442516 0.1443810 0.1449012 0.1458764 0.1477381 0.1494218 0.1500002 0.1502936 0.1499667 0.1493574 0.1489903 0.1480286 0.1469401 0.1455011 0.1439229 0.1424740 0.1410178 0.1390600 0.1377350 0.1373228 0.1359749 0.1346931 0.1367316 0.1381476 0.1391566 0.1377295 0.1375466 0.1339171 0.1310887 0.1283696 0.1247735 3.4028235E+38 3.4028235E+38 3.4028235E+38 3.4028235E+38 3.4028235E+38 3.4028235E+38 3.4028235E+38 3.4028235E+38 3.4028235E+38 3.4028235E+38 3.4028235E+38 3.4028235E+38 3.4028235E+38 3.4028235E+38 3.4028235E+38 3.4028235E+38 3.4028235E+38 3.4028235E+38 3.4028235E+38
0.1245820 0.1269376 0.1298027 0.1332160 0.1374360 0.1365204 0.1369609 0.1381769 0.1403395 0.1429575 0.1423834 0.1416747 0.1410989 0.1405316 0.1405633 0.1381960 0.1371353 0.1359755 0.1342691 0.1326038 0.1313878 0.1303121 0.1298441 0.1290585 0.1285636 0.1289472 0.1320048 0.1347621 0.1359916 0.1338450 0.1317646 0.1291995 0.1270624 0.1257565 0.1208026 3.4028235E+38 3.4028235E+38 3.4028235E+38 3.4028235E+38 3.4028235E+38 3.4028235E+38 3.4028235E+38 3.4028235E+38 3.4028235E+38 3.4028235E+38 3.4028235E+38 3.4028235E+38 3.4028235E+38 3.4028235E+38 3.4028235E+38 3.4028235E+38 3.4028235E+38 3.4028235E+38 3.4028235E+38
0.1185025 0.1203262 0.1223553 0.1247234 0.1274858 0.1285123 0.1294306 0.1306407 0.1321807 0.1336897 0.1338404 0.1330646 0.1323137 0.1314659 0.1307178 0.1288182 0.1274837 0.1268084 0.1251088 0.1236250 0.1232990 0.1223771 0.1210080 0.1225206 0.1241275 0.1255948 0.1271940 0.1287220 0.1293716 0.1289875 0.1263698 0.1238663 0.1217090 0.1192057 3.4028235E+38 3.4028235E+38 3.4028235E+38 3.4028235E+38 3.4028235E+38 3.4028235E+38 3.4028235E+38 3.4028235E+38 3.4028235E+38 3.4028235E+38 3.4028235E+38 3.4028235E+38 3.4028235E+38 3.4028235E+38 3.4028235E+38 3.4028235E+38 3.4028235E+38 3.4028235E+38 3.4028235E+38 3.4028235E+38
0.1124333 0.1140993 0.1156778 0.1170250 0.1190964 0.1205246 0.1215951 0.1227855 0.1240532 0.1249986 0.1272506 0.1250891 0.1240766 0.1226265 0.1212323 0.1193118 0.1180983 0.1174813 0.1165595 0.1158238 0.1141586 0.1152126 0.1162773 0.1185342 0.1200551 0.1216612 0.1231169 0.1235746 0.1239235 0.1251831 0.1215475 0.1188146 0.1164322 0.1138183 3.4028235E+38 3.4028235E+38 3.4028235E+38 3.4028235E+38 3.4028235E+38 3.4028235E+38 3.4028235E+38 3.4028235E+38 3.4028235E+38 3.4028235E+38 3.4028235E+38 3.4028235E+38 3.4028235E+38 3.4028235E+38 3.4028235E+38 3.4028235E+38 3.4028235E+38 3.4028235E+38 3.4028235E+38 3.4028235E+38
0.1065642 0.1080442 0.1094108 0.1102469 0.1118991 0.1130843 0.1141134 0.1151377 0.1153426 0.1158933 0.1164960 0.1160038 0.1163491 0.1139555 0.1124251 0.1107439 0.1094533 0.1090163 0.1085473 0.1074546 0.1090472 0.1117997 0.1149099 0.1149477 0.1159924 0.1171743 0.1181648 0.1184838 0.1183814 0.1182034 0.1160003 0.1138043 0.1113816 3.4028235E+38 3.4028235E+38 3.4028235E+38 3.4028235E+38 3.4028235E+38 3.4028235E+38 3.4028235E+38 3.4028235E+38 3.4028235E+38 3.4028235E+38 3.4028235E+38 3.4028235E+38 3.4028235E+38 3.4028235E+38 3.4028235E+38 3.4028235E+38 3.4028235E+38 3.4028235E+38 3.4028235E+38 3.4028235E+38 3.4028235E+38
0.1011409 0.1021429 0.1033868 0.1041305 0.1052049 0.1061170 0.1069495 0.1069294 0.1067592 0.1069141 0.1070764 0.1062973 0.1059594 0.1050669 0.1038969 0.1029334 0.1021085 0.1004903 0.1017256 0.1030117 0.1058278 0.1078827 0.1099624 0.1111397 0.1121939 0.1128313 0.1129189 0.1134721 0.1133748 0.1127102 0.1099576 0.1092506 0.1065589 3.4028235E+38 3.4028235E+38 3.4028235E+38 3.4028235E+38 3.4028235E+38 3.4028235E+38 3.4028235E+38 3.4028235E+38 3.4028235E+38 3.4028235E+38 3.4028235E+38 3.4028235E+38 3.4028235E+38 3.4028235E+38 3.4028235E+38 3.4028235E+38 3.4028235E+38 3.4028235E+38 3.4028235E+38 3.4028235E+38 3.4028235E+38
9.5913693E-02 9.6963122E-02 9.7621784E-02 9.8419458E-02 9.9524662E-02 0.1002144 0.1001090 9.9665105E-02 9.9255532E-02 9.8717347E-02 9.8402783E-02 9.8023564E-02 9.7979024E-02 9.7395107E-02 9.7046003E-02 9.6531764E-02 9.4973221E-02 9.6230835E-02 9.8718435E-02 0.1011194 0.1028088 0.1044577 0.1060863 0.1075089 0.1089008 0.1092331 0.1086836 0.1100522 0.1083673 0.1074589 0.1052796 0.1041409 3.4028235E+38 3.4028235E+38 3.4028235E+38 3.4028235E+38 3.4028235E+38 3.4028235E+38 3.4028235E+38 3.4028235E+38 3.4028235E+38 3.4028235E+38 3.4028235E+38 3.4028235E+38 3.4028235E+38 3.4028235E+38 3.4028235E+38 3.4028235E+38 3.4028235E+38 3.4028235E+38 3.4028235E+38 3.4028235E+38 3.4028235E+38 3.4028235E+38
9.1298938E-02 9.1948122E-02 9.2473134E-02 9.3325272E-02 9.4026625E-02 9.3928471E-02 9.3174219E-02 9.2594564E-02 9.2062369E-02 9.1609955E-02 9.1237769E-02 9.1083542E-02 9.0517074E-02 9.0127587E-02 8.9204729E-02 9.1858193E-02 9.1066569E-02 9.3372717E-02 9.5765501E-02 9.9625155E-02 0.1001008 0.1013287 0.1026311 0.1041817 0.1070598 0.1057229 0.1046990 0.1039865 0.1039019 0.1045592 0.1012836 9.9051192E-02 3.4028235E+38 3.4028235E+38 3.4028235E+38 3.4028235E+38 3.4028235E+38 3.4028235E+38 3.4028235E+38 3.4028235E+38 3.4028235E+38 3.4028235E+38 3.4028235E+38 3.4028235E+38 3.4028235E+38 3.4028235E+38 3.4028235E+38 3.4028235E+38 3.4028235E+38 3.4028235E+38 3.4028235E+38 3.4028235E+38 3.4028235E+38 3.4028235E+38
8.7053776E-02 8.7229654E-02 8.7689653E-02 8.8515639E-02 8.8338569E-02 8.7557152E-02 8.6932182E-02 8.6321384E-02 8.5650176E-02 8.5031152E-02 8.4408879E-02 8.4333003E-02 8.4098577E-02 8.3039016E-02 8.4693179E-02 8.7270066E-02 8.8878766E-02 9.0668276E-02 9.2559189E-02 9.5179439E-02 9.6772015E-02 9.8398313E-02 9.9237278E-02 0.1001441 0.1017032 0.1015544 0.1005566 9.9055186E-02 9.9032059E-02 9.8068312E-02 9.6191421E-02 9.4353750E-02 3.4028235E+38 3.4028235E+38 3.4028235E+38 3.4028235E+38 3.4028235E+38 3.4028235E+38 3.4028235E+38 3.4028235E+38 3.4028235E+38 3.4028235E+38 3.4028235E+38 3.4028235E+38 3.4028235E+38 3.4028235E+38 3.4028235E+38 3.4028235E+38 3.4028235E+38 3.4028235E+38 3.4028235E+38 3.4028235E+38 3.4028235E+38 3.4028235E+38
