LUCAS_GEMMES_COP27/includes/subsidence/Scenario_B2/TOT_SUBSIDENCE_2070_SINCE_2018_MKD_ONLY.ASC
NCOLS                318
NROWS                364
XLLCORNER      400000.00
YLLCORNER      907000.00
CELLSIZE         1000.00
NODATA_VALUE    0.3402823E+39
[rows 168 to 191 of 364, columns 165 to 219 of 318]
0.6398662 0.6385369 0.6379818 0.6386911 0.6413247 0.6405185 0.6455251 0.6520960 0.6582396 0.6682357 0.6795284 0.6923241 0.7080486 0.7268255 0.7495455 0.7798404 0.8124568 0.8301973 0.8295455 0.8296655 0.8323593 0.8287395 0.8278507 0.8272680 0.8257656 0.8239597 0.8228657 0.8238881 0.8231411 0.8214021 0.8123565 0.8182176 0.8227483 0.8232509 0.8230131 0.8236402 0.8246998 0.8202102 0.8233242 0.8285539 0.8406381 0.8450570 0.8507119 0.8510049 0.8535472 0.8538615 0.8425157 0.8433336 0.8441530 0.8417340 0.8356860 0.8277839 0.8292474 0.8286321 0.8208158
0.6417676 0.6417871 0.6429712 0.6452858 0.6467372 0.6459348 0.6518890 0.6583023 0.6661915 0.6761345 0.6886294 0.7026728 0.7191263 0.7388690 0.7644956 0.7965633 0.8314221 0.8378173 0.8336151 0.8349187 0.8321224 0.8298149 0.8293782 0.8300231 0.8302152 0.8295975 0.8304260 0.8314834 0.8299014 0.8266721 0.8242242 0.8183201 0.8149966 0.8233425 0.8226725 0.8194686 0.8207750 0.8226115 0.8260757 0.8289675 0.8388630 0.8502201 0.8518465 0.8535575 0.8612500 0.8617901 0.8572297 0.8649291 0.8663046 0.8626008 0.8602455 0.8557495 0.8540081 0.8503883 0.8473060
0.6461165 0.6462573 0.6473832 0.6469630 0.6475027 0.6520117 0.6574590 0.6634362 0.6726684 0.6833330 0.6956037 0.7105791 0.7284143 0.7511575 0.7817430 0.8272669 0.8397174 0.8372184 0.8347285 0.8349248 0.8331893 0.8313065 0.8301231 0.8306423 0.8325123 0.8337100 0.8347647 0.8403174 0.8352144 0.8324134 0.8292616 0.8282797 0.8256778 0.8189293 0.8176160 0.8173770 0.8191737 0.8217528 0.8267330 0.8294624 0.8402759 0.8555459 0.8588068 0.8599542 0.8668990 0.8675418 0.8725424 0.8790838 0.8811694 0.8776710 0.8759840 0.8731461 0.8730156 0.8682264 0.8669081
0.6497980 0.6509091 0.6528775 0.6494864 0.6517664 0.6580629 0.6621664 0.6678991 0.6784037 0.6899438 0.7022648 0.7172807 0.7372850 0.7611223 0.7901132 0.8323943 0.8417419 0.8351781 0.8323449 0.8345599 0.8354335 0.8325991 0.8319806 0.8321533 0.8317559 0.8343843 0.8365623 0.8371881 0.8357124 0.8351310 0.8324655 0.8287212 0.8222610 0.8164069 0.8191166 0.8231027 0.8174890 0.8183783 0.8247545 0.8284253 0.8374752 0.8536426 0.8626803 0.8675758 0.8696024 0.8757598 0.8831948 0.8881060 0.8886268 0.8875700 0.8891131 0.8866032 0.8863883 0.8851868 0.8853164
0.6497698 0.6516227 0.6552879 0.6559981 0.6567628 0.6599491 0.6650180 0.6727853 0.6828623 0.6949235 0.7085538 0.7240570 0.7424836 0.7691187 0.7965189 0.8255502 0.8301191 0.8352209 0.8344017 0.8332444 0.8343982 0.8345763 0.8348016 0.8349820 0.8334833 0.8345637 0.8353448 0.8325576 0.8320954 0.8338683 0.8315259 0.8300693 0.8242899 0.8177798 0.8264428 0.8294120 0.8200856 0.8183289 0.8197926 0.8266186 0.8321416 0.8434384 0.8540959 0.8624691 0.8693805 0.8796824 0.8862851 0.8946885 0.8961501 0.8970662 0.8996109 0.8974125 0.8998722 0.9018868 0.9032145
0.6503774 0.6530918 0.6541408 0.6565455 0.6594903 0.6630347 0.6690426 0.6768274 0.6872659 0.6988682 0.7129706 0.7324709 0.7495512 0.7760113 0.8087865 0.8280247 0.8320693 0.8330944 0.8349828 0.8333151 0.8353695 0.8352543 0.8367373 0.8377129 0.8357068 0.8344822 0.8325269 0.8307948 0.8314983 0.8315552 0.8286446 0.8284589 0.8264443 0.8252871 0.8265899 0.8281856 0.8179448 0.8177097 0.8185610 0.8210484 0.8282652 0.8378369 0.8513571 0.8588014 0.8714544 0.8814179 0.8889658 0.8965342 0.9031897 0.9051278 0.9035325 0.9065572 0.9113172 0.9129262 0.9146370
0.6520466 0.6530765 0.6539274 0.6556892 0.6596687 0.6641258 0.6710215 0.6803901 0.6908681 0.7025189 0.7192348 0.7359574 0.7558678 0.7809128 0.8032403 0.8440332 0.8351980 0.8316451 0.8339458 0.8336611 0.8349820 0.8340025 0.8333116 0.8333440 0.8305582 0.8320084 0.8304861 0.8285527 0.8284227 0.8272745 0.8276707 0.8243798 0.8230523 0.8250073 0.8251444 0.8232790 0.8209778 0.8207197 0.8184621 0.8184178 0.8240705 0.8345383 0.8486484 0.8543461 0.8642027 0.8810455 0.8913296 0.8995628 0.9071184 0.9083241 0.9147059 0.9179876 0.9198168 0.9187886 0.9189286
0.6506693 0.6511226 0.6520742 0.6551080 0.6592339 0.6630833 0.6713371 0.6810893 0.6907698 0.7022419 0.7183257 0.7379606 0.7589953 0.7855803 0.8013047 0.8187293 0.8317402 0.8302540 0.8332932 0.8310597 0.8296434 0.8329837 0.8317479 0.8298182 0.8297473 0.8285804 0.8265511 0.8249073 0.8231451 0.8238912 0.8230444 0.8210790 0.8196474 0.8220937 0.8227957 0.8237453 0.8229181 0.8241441 0.8196602 0.8168243 0.8200699 0.8262191 0.8421291 0.8553607 0.8604305 0.8795041 0.8907333 0.8985996 0.9082879 0.9106284 0.9126117 0.9199461 0.9262634 0.9296397 0.9191563
0.6477958 0.6464275 0.6481995 0.6518680 0.6561078 0.6603100 0.6689009 0.6771522 0.6878816 0.7015785 0.7189285 0.7379056 0.7614763 0.7784842 0.7923558 0.8062066 0.8170338 0.8271284 0.8266152 0.8256088 0.8239299 0.8321062 0.8270656 0.8241560 0.8196957 0.8195319 0.8222353 0.8193579 0.8202026 0.8214054 0.8205457 0.8149076 0.8155018 0.8188329 0.8203852 0.8221883 0.8231155 0.8218743 0.8235638 0.8143377 0.8174130 0.8216832 0.8305480 0.8519576 0.8572726 0.8680286 0.8862375 0.8845023 0.9026377 0.9091833 0.9064976 0.9245655 0.9300508 0.9229478 0.9332038
0.6415613 0.6416001 0.6446181 0.6473211 0.6514667 0.6574942 0.6648461 0.6742543 0.6855890 0.6997389 0.7165800 0.7351145 0.7540531 0.7674388 0.7795601 0.7920338 0.8069510 0.8114026 0.8167754 0.8147315 0.8162795 0.8180338 0.8185133 0.8133953 0.8108337 0.8132317 0.8136255 0.8109444 0.8124455 0.8126770 0.8117146 0.8091797 0.8135092 0.8174085 0.8201275 0.8204724 0.8206939 0.8213362 0.8202125 0.8108371 0.8127499 0.8182552 0.8322062 0.8452640 0.8520023 0.8607680 0.8675321 0.8911421 0.9089868 0.9127894 0.9212413 0.9309430 0.9357409 0.9301614 0.9287233
0.6341838 0.6346692 0.6358649 0.6404844 0.6452847 0.6515248 0.6587576 0.6682034 0.6787771 0.6906748 0.7088738 0.7305560 0.7482561 0.7567080 0.7679581 0.7814854 0.7939789 0.7972463 0.8007959 0.8083520 0.8076887 0.8068858 0.8049277 0.8015823 0.8039092 0.8053156 0.8051227 0.8022374 0.8057147 0.8060246 0.8032349 0.8052616 0.8099735 0.8173298 0.8179860 0.8186325 0.8191189 0.8190684 0.8196894 0.8085747 0.8099226 0.8138145 0.8222585 0.8294495 0.8360016 0.8515236 0.8634903 0.8846675 0.9042388 0.9116151 0.9219604 0.9287022 0.9348263 0.9395477 0.9507276
0.6283631 0.6267247 0.6280224 0.6318099 0.6353549 0.6411472 0.6485978 0.6577609 0.6701101 0.6811662 0.6979494 0.7151733 0.7304024 0.7434343 0.7546224 0.7684392 0.7777358 0.7815489 0.7878819 0.8035505 0.7914246 0.7903419 0.7887119 0.7907661 0.7927438 0.7949583 0.7947158 0.7925025 0.7978253 0.7950926 0.7969275 0.7986004 0.8031892 0.8054867 0.8096682 0.8123152 0.8134681 0.8141404 0.8087609 0.8057584 0.8091423 0.8145659 0.8128148 0.8202129 0.8294060 0.8448509 0.8584757 0.8791227 0.8939896 0.9093124 0.9186017 0.9219389 0.9259723 0.9313247 0.9481626
0.6174873 0.6169652 0.6193287 0.6223924 0.6246608 0.6278195 0.6344458 0.6450627 0.6574087 0.6693044 0.6875675 0.7036625 0.7145218 0.7264202 0.7402883 0.7570800 0.7619890 0.7680416 0.7721421 0.7760850 0.7781270 0.7752508 0.7744026 0.7739109 0.7793260 0.7836349 0.7806578 0.7832696 0.7870831 0.7822973 0.7869301 0.7939706 0.7962241 0.7975718 0.8004192 0.8031940 0.8069855 0.8074233 0.8103846 0.8076814 0.8124460 0.8045143 0.8064693 0.8126613 0.8214985 0.8352138 0.8527792 0.8690639 0.8835520 0.9062405 0.9096212 0.9280052 0.9382046 0.9305907 0.9497144
0.6060571 0.6046281 0.6064386 0.6087254 0.6119927 0.6129769 0.6199733 0.6287969 0.6395038 0.6523079 0.6689350 0.6854094 0.7015272 0.7111006 0.7262920 0.7374275 0.7446294 0.7520946 0.7547001 0.7596204 0.7619698 0.7648116 0.7624602 0.7630146 0.7684218 0.7731341 0.7717952 0.7771052 0.7731551 0.7743133 0.7781974 0.7869604 0.7887544 0.7906913 0.7899394 0.7927659 0.8000243 0.8038989 0.8073051 0.8087838 0.8075185 0.8030784 0.8051674 0.8062086 0.8159429 0.8341440 0.8517485 0.8670359 0.8857594 0.8979681 0.9050405 0.9292147 0.9351874 0.9315814 0.9487141
0.5957059 0.5922090 0.5895679 0.5921267 0.5937847 0.5975478 0.6022112 0.6104454 0.6216161 0.6331954 0.6512899 0.6672733 0.6855277 0.6942055 0.7116208 0.7217565 0.7272077 0.7341986 0.7380163 0.7455159 0.7469757 0.7489960 0.7515075 0.7533541 0.7553393 0.7634913 0.7606466 0.7625727 0.7635825 0.7701554 0.7697414 0.7833395 0.7755942 0.7774978 0.7814985 0.7895879 0.7987293 0.7976999 0.8011706 0.8039002 0.8066760 0.8077420 0.8098596 0.8061456 0.8201207 0.8311507 0.8447508 0.8615854 0.8772855 0.8919680 0.8995260 0.9212727 0.9348217 0.9433042 0.9477553
0.5827395 0.5802334 0.5749619 0.5731336 0.5739141 0.5786762 0.5790355 0.5885442 0.6004322 0.6199715 0.6368743 0.6488609 0.6660734 0.6806018 0.6932899 0.7027617 0.7085776 0.7237380 0.7294303 0.7332194 0.7385313 0.7374300 0.7423170 0.7455713 0.7465629 0.7479132 0.7486017 0.7530556 0.7580484 0.7599903 0.7579231 0.7614528 0.7626192 0.7706993 0.7749089 0.7778915 0.7848678 0.7888367 0.7930040 0.7949585 0.8002344 0.8073118 0.8112298 0.8158233 0.8184653 0.8143196 0.8344644 0.8489981 0.8648130 0.8771539 0.8894798 0.9089078 0.9321550 0.9461081 0.9537952
0.5682877 0.5648019 0.5603986 0.5544994 0.5538173 0.5570997 0.5562791 0.5568373 0.5742051 0.5960532 0.6153631 0.6333641 0.6500875 0.6675941 0.6805772 0.6916331 0.7011877 0.7121392 0.7201289 0.7243510 0.7290277 0.7332727 0.7328241 0.7386829 0.7434232 0.7386273 0.7385176 0.7398375 0.7468410 0.7433812 0.7452998 0.7526520 0.7545032 0.7582032 0.7647038 0.7688223 0.7743888 0.7757677 0.7806242 0.7867836 0.7990748 0.8059888 0.8120782 0.8172405 0.8194059 0.8168253 0.8294981 0.8386911 0.8526831 0.8754855 0.8874200 0.8987803 0.9280071 0.9454722 0.9602065
0.5482956 0.5414982 0.5355193 0.5319707 0.5311978 0.5298494 0.5325586 0.5435537 0.5657441 0.5863052 0.6070751 0.6245765 0.6355071 0.6498575 0.6639937 0.6756565 0.6865467 0.6964487 0.7060093 0.7108393 0.7169811 0.7232182 0.7318184 0.7302519 0.7328660 0.7329091 0.7294421 0.7363222 0.7372879 0.7317816 0.7381429 0.7392616 0.7407496 0.7387174 0.7440972 0.7496351 0.7572057 0.7697465 0.7749429 0.7821224 0.7926515 0.8010237 0.8088796 0.8176110 0.8229022 0.8242210 0.8218353 0.8261532 0.8471448 0.8659406 0.8837209 0.8963940 0.9245610 0.9412286 0.9494868
0.5295641 0.5261152 0.5148454 0.5093731 0.5098401 0.5034523 0.5043372 0.5266223 0.5526177 0.5735927 0.5962454 0.6095634 0.6249084 0.6398280 0.6591151 0.6703517 0.6822608 0.6932079 0.7031157 0.7100708 0.7163389 0.7172593 0.7221435 0.7237239 0.7226653 0.7248411 0.7270772 0.7305359 0.7276902 0.7191293 0.7268038 0.7208613 0.7214487 0.7218281 0.7317284 0.7387365 0.7456213 0.7542972 0.7645848 0.7749165 0.7867246 0.7965879 0.8075376 0.8165327 0.8231180 0.8242977 0.8134274 0.8230542 0.8428708 0.8552536 0.8747568 0.8958861 0.9160415 0.9318867 0.9454983
0.5156939 0.5020753 0.4940056 0.4925474 0.4859361 0.4729876 0.4826259 0.5126298 0.5416692 0.5560207 0.5735736 0.5967370 0.6207017 0.6301365 0.6441794 0.6623843 0.6740060 0.6856036 0.6957455 0.7042121 0.7100232 0.7173730 0.7195661 0.7186228 0.7181723 0.7216505 0.7224770 0.7209815 0.7179419 0.7160813 0.7170644 0.7162479 0.7229034 0.7223665 0.7255570 0.7266182 0.7248883 0.7334695 0.7482767 0.7626464 0.7770500 0.7902809 0.8042042 0.8152453 0.8251895 0.8306059 0.8262819 0.8276370 0.8393060 0.8493790 0.8641518 0.8855405 0.9061370 0.9249125 0.9363924
0.4990225 0.4810199 0.4783313 0.4688010 0.4626517 0.4555351 0.4776248 0.5017265 0.5272344 0.5483831 0.5736865 0.5945413 0.6122547 0.6274829 0.6348608 0.6484427 0.6671872 0.6785449 0.6873940 0.6884135 0.6970498 0.7046807 0.7114939 0.7217321 0.7176392 0.7205083 0.7212137 0.7269403 0.7265645 0.7171111 0.7134715 0.7132754 0.7155861 0.7154626 0.7224503 0.7220614 0.7206362 0.7229492 0.7320266 0.7473487 0.7644786 0.7834346 0.8010111 0.8155763 0.8294414 0.8383651 0.8430600 0.8439674 0.8412379 0.8478833 0.8617129 0.8760391 0.8928605 0.9122849 0.9301581
0.4705661 0.4565507 0.4551630 0.4452405 0.4228449 0.4377014 0.4702925 0.4942979 0.5188286 0.5416628 0.5700978 0.5884649 0.6070495 0.6219566 0.6340856 0.6413212 0.6609100 0.6650125 0.6744174 0.6829713 0.6999861 0.6993357 0.7127969 0.7184587 0.7164981 0.7277192 0.7210981 0.7205096 0.7223901 0.7246175 0.7306777 0.7285839 0.7311137 0.7156530 0.7157358 0.7156615 0.7156895 0.7152916 0.7261993 0.7267452 0.7521706 0.7746262 0.7964782 0.8156830 0.8309624 0.8370226 0.8493152 0.8577323 0.8552960 0.8497789 0.8593202 0.8715470 0.8784732 0.8976334 0.9186580
0.4485806 0.4430858 0.4323885 0.4140928 0.4077953 0.4463367 0.4641029 0.4893818 0.5207863 0.5353435 0.5564044 0.5823618 0.6000433 0.6186210 0.6228507 0.6364854 0.6485373 0.6595482 0.6787747 0.6885113 0.6890469 0.6968951 0.7103926 0.7083431 0.7146977 0.7280679 0.7308570 0.7236341 0.7371709 0.7321318 0.7423568 0.7407717 0.7411115 0.7396041 0.7299684 0.7270389 0.7355576 0.7284892 0.7314305 0.7224296 0.7322737 0.7543391 0.7855919 0.8176455 0.8351173 0.8456962 0.8597188 0.8709810 0.8708172 0.8672866 0.8609072 0.8690449 0.8734788 0.8807537 0.9018725
0.4380824 0.4229058 0.3990652 0.3852189 0.4083002 0.4444363 0.4612050 0.4959214 0.5187151 0.5409206 0.5527517 0.5708202 0.5871129 0.6049079 0.6201001 0.6424190 0.6448981 0.6656381 0.6752380 0.6863285 0.6867351 0.7049519 0.7095652 0.7079014 0.7243385 0.7294211 0.7338710 0.7280828 0.7331550 0.7379317 0.7507904 0.7524235 0.7543843 0.7559629 0.7478317 0.7583921 0.7614980 0.7681577 0.7655899 0.7694261 0.7793492 0.7845345 0.7898854 0.8100946 0.8425378 0.8652618 0.8776733 0.8868456 0.8871965 0.8864458 0.8683991 0.8665646 0.8712639 0.8769808 0.8812547
