LUCAS_GEMMES_COP27/includes/subsidence/Scenario_B2/TOT_SUBSIDENCE_2040_SINCE_2018_MKD_ONLY.ASC
NCOLS                318
NROWS                364
XLLCORNER      400000.00
YLLCORNER      907000.00
CELLSIZE         1000.00
NODATA_VALUE    0.3402823E+39
[rows 168 to 191 of 364, columns 165 to 219 of 318]
0.2366715 0.2364031 0.2365790 0.2372995 0.2387751 0.2392010 0.2417090 0.2447970 0.2477783 0.2521351 0.2569108 0.2621061 0.2683294 0.2755309 0.2839478 0.2950836 0.3070343 0.3130788 0.3124773 0.3118718 0.3124907 0.3102039 0.3092352 0.3083819 0.3071198 0.3058805 0.3050442 0.3052767 0.3049464 0.3044926 0.3014786 0.3038917 0.3060013 0.3066211 0.3069355 0.3075728 0.3083567 0.3070930 0.3084535 0.3107204 0.3157920 0.3177829 0.3203712 0.3206800 0.3217905 0.3221703 0.3178814 0.3181378 0.3184557 0.3174779 0.3150811 0.3119721 0.3125026 0.3120717 0.3087369
0.2372432 0.2374363 0.2381351 0.2394082 0.2404336 0.2407990 0.2435729 0.2465872 0.2501580 0.2544789 0.2596256 0.2652695 0.2717050 0.2791604 0.2886782 0.3004801 0.3130409 0.3149138 0.3130745 0.3131734 0.3114782 0.3099505 0.3092048 0.3089138 0.3085046 0.3079112 0.3079696 0.3082790 0.3076897 0.3067842 0.3061914 0.3044062 0.3036286 0.3071740 0.3073704 0.3065812 0.3074313 0.3085549 0.3100762 0.3114161 0.3155783 0.3203371 0.3213653 0.3223375 0.3256053 0.3262878 0.3245609 0.3276329 0.3283019 0.3267634 0.3258059 0.3239778 0.3234069 0.3216904 0.3201500
0.2386351 0.2388483 0.2394956 0.2397168 0.2403628 0.2424927 0.2450558 0.2478509 0.2518960 0.2564062 0.2613756 0.2673011 0.2742001 0.2827292 0.2941518 0.3112559 0.3149667 0.3138550 0.3125357 0.3122494 0.3111546 0.3099612 0.3090795 0.3088839 0.3092102 0.3095103 0.3098188 0.3120660 0.3101021 0.3092038 0.3085676 0.3086737 0.3081675 0.3060554 0.3060533 0.3063335 0.3076013 0.3086411 0.3108989 0.3121735 0.3167345 0.3230182 0.3246247 0.3254524 0.3285075 0.3291376 0.3311433 0.3340954 0.3350981 0.3337030 0.3330036 0.3316350 0.3315914 0.3296164 0.3289479
0.2398053 0.2403282 0.2412493 0.2402742 0.2414236 0.2441370 0.2461236 0.2487873 0.2531585 0.2578692 0.2628464 0.2687300 0.2763638 0.2852227 0.2958973 0.3112283 0.3142877 0.3120097 0.3107825 0.3113120 0.3113852 0.3099650 0.3094068 0.3093134 0.3089688 0.3098897 0.3107883 0.3111434 0.3107806 0.3108959 0.3102685 0.3093591 0.3073786 0.3058279 0.3071272 0.3090593 0.3072850 0.3079588 0.3106976 0.3123347 0.3161893 0.3228074 0.3267032 0.3289959 0.3302552 0.3330857 0.3360647 0.3382794 0.3386464 0.3383375 0.3390489 0.3378304 0.3379261 0.3373948 0.3371044
0.2398056 0.2404483 0.2418198 0.2422139 0.2427834 0.2442828 0.2465166 0.2497591 0.2538739 0.2587165 0.2640470 0.2700518 0.2770380 0.2868360 0.2968411 0.3072171 0.3091055 0.3111113 0.3107676 0.3102469 0.3105078 0.3103995 0.3103611 0.3103826 0.3098169 0.3102804 0.3107362 0.3098905 0.3099910 0.3110274 0.3105480 0.3103469 0.3087018 0.3066438 0.3104095 0.3120072 0.3088510 0.3086644 0.3093434 0.3122119 0.3145753 0.3193223 0.3237662 0.3275226 0.3305726 0.3349752 0.3379203 0.3415345 0.3421637 0.3427195 0.3438886 0.3430495 0.3441110 0.3446880 0.3450715
0.2400238 0.2408887 0.2411913 0.2420860 0.2433280 0.2448271 0.2472399 0.2503754 0.2544989 0.2590846 0.2645197 0.2717827 0.2782757 0.2879870 0.2998598 0.3067757 0.3089540 0.3095784 0.3104356 0.3099253 0.3107644 0.3107125 0.3112510 0.3116916 0.3110926 0.3108094 0.3103854 0.3100005 0.3105451 0.3109713 0.3101678 0.3103886 0.3100335 0.3100191 0.3110166 0.3120558 0.3084542 0.3088885 0.3093935 0.3105829 0.3135784 0.3175979 0.3231888 0.3264421 0.3317750 0.3361500 0.3395391 0.3427519 0.3455299 0.3464527 0.3459557 0.3472287 0.3490740 0.3497331 0.3501605
0.2406031 0.2407783 0.2410305 0.2416582 0.2430869 0.2447710 0.2473918 0.2508783 0.2548857 0.2593884 0.2655883 0.2718530 0.2792088 0.2883580 0.2964873 0.3130546 0.3096591 0.3087007 0.3098430 0.3100234 0.3107564 0.3106664 0.3106000 0.3108518 0.3099828 0.3107425 0.3104376 0.3100027 0.3102736 0.3101008 0.3104635 0.3095168 0.3094177 0.3103997 0.3108747 0.3106979 0.3101967 0.3104127 0.3098321 0.3100522 0.3125682 0.3167666 0.3225470 0.3250682 0.3292065 0.3364127 0.3409345 0.3444430 0.3476690 0.3483578 0.3511291 0.3521638 0.3529386 0.3524524 0.3524175
0.2403601 0.2401927 0.2404742 0.2414386 0.2427548 0.2441313 0.2471040 0.2505963 0.2542213 0.2584740 0.2643391 0.2714384 0.2790714 0.2886812 0.2944650 0.3024132 0.3082879 0.3083190 0.3100062 0.3096502 0.3095335 0.3111422 0.3108609 0.3103662 0.3105201 0.3104385 0.3099120 0.3095148 0.3090872 0.3095232 0.3094504 0.3089542 0.3087840 0.3099549 0.3105644 0.3112937 0.3114975 0.3123361 0.3108415 0.3099338 0.3113925 0.3140220 0.3204816 0.3260166 0.3281105 0.3361664 0.3410032 0.3444053 0.3484715 0.3495754 0.3502147 0.3533522 0.3559481 0.3573001 0.3527770
0.2396525 0.2388786 0.2392767 0.2403502 0.2417222 0.2430938 0.2460757 0.2489760 0.2527781 0.2576332 0.2638218 0.2706095 0.2789979 0.2850985 0.2914999 0.2977183 0.3028905 0.3078761 0.3085826 0.3087460 0.3085963 0.3121687 0.3102944 0.3093758 0.3079567 0.3080779 0.3091995 0.3083392 0.3087266 0.3093088 0.3092518 0.3073955 0.3078657 0.3093354 0.3102258 0.3112144 0.3119837 0.3119347 0.3129357 0.3093848 0.3109242 0.3126440 0.3163542 0.3251135 0.3272937 0.3317969 0.3394662 0.3387190 0.3463842 0.3491831 0.3479027 0.3554674 0.3578077 0.3546443 0.3589738
0.2378017 0.2375229 0.2382886 0.2390717 0.2403341 0.2422559 0.2447742 0.2479623 0.2518786 0.2567745 0.2626692 0.2691927 0.2759698 0.2817282 0.2872722 0.2930852 0.2998001 0.3027888 0.3062214 0.3064593 0.3071006 0.3080412 0.3083565 0.3066402 0.3057265 0.3066189 0.3068470 0.3060143 0.3065771 0.3067954 0.3065758 0.3058867 0.3076657 0.3093771 0.3107570 0.3111552 0.3115177 0.3120365 0.3120079 0.3083983 0.3094290 0.3117354 0.3174153 0.3228421 0.3254979 0.3290851 0.3320452 0.3417898 0.3493643 0.3508275 0.3541967 0.3581666 0.3603177 0.3579350 0.3572188
0.2355821 0.2354394 0.2356711 0.2370875 0.2385434 0.2405424 0.2429690 0.2461464 0.2497639 0.2538004 0.2600983 0.2676049 0.2739432 0.2785861 0.2839711 0.2900629 0.2960661 0.2984834 0.3013569 0.3053560 0.3051914 0.3053622 0.3046225 0.3032793 0.3040268 0.3045666 0.3044659 0.3034978 0.3047540 0.3049569 0.3041236 0.3050588 0.3068860 0.3100642 0.3105631 0.3110238 0.3114654 0.3115996 0.3121516 0.3078900 0.3086082 0.3101651 0.3136665 0.3165979 0.3193019 0.3254839 0.3305669 0.3393140 0.3473595 0.3502144 0.3545625 0.3574207 0.3600589 0.3619769 0.3665401
0.2338637 0.2331588 0.2334057 0.2345028 0.2355603 0.2374700 0.2399230 0.2429945 0.2471642 0.2509613 0.2566748 0.2627392 0.2691943 0.2748976 0.2802426 0.2864383 0.2910562 0.2935767 0.2973022 0.3047582 0.3005773 0.3001246 0.2994805 0.3000395 0.3006520 0.3013459 0.3012239 0.3004814 0.3023848 0.3015487 0.3023487 0.3031161 0.3048997 0.3059699 0.3078270 0.3090604 0.3096714 0.3101346 0.3082274 0.3071985 0.3086096 0.3108036 0.3100972 0.3132100 0.3168202 0.3229870 0.3285485 0.3370545 0.3431367 0.3493274 0.3531632 0.3546566 0.3562185 0.3582888 0.3654696
0.2305059 0.2301447 0.2307172 0.2317053 0.2323978 0.2333389 0.2355219 0.2391009 0.2433126 0.2474869 0.2539511 0.2603152 0.2648089 0.2700948 0.2762397 0.2834429 0.2861182 0.2892956 0.2918426 0.2943980 0.2961548 0.2954577 0.2949036 0.2946980 0.2963299 0.2977177 0.2966118 0.2975684 0.2988633 0.2971906 0.2990745 0.3017498 0.3027594 0.3033967 0.3047298 0.3059859 0.3078468 0.3080570 0.3093436 0.3081926 0.3101637 0.3070164 0.3077343 0.3102976 0.3137382 0.3192791 0.3263178 0.3329012 0.3387176 0.3480343 0.3493277 0.3570576 0.3611779 0.3578874 0.3660556
0.2268093 0.2261846 0.2266132 0.2272871 0.2283542 0.2286136 0.2310035 0.2339546 0.2376833 0.2421339 0.2481747 0.2548086 0.2614734 0.2657220 0.2720209 0.2769350 0.2803150 0.2839078 0.2857608 0.2884420 0.2901048 0.2918823 0.2913331 0.2910029 0.2927584 0.2941847 0.2937340 0.2955332 0.2942022 0.2946742 0.2962596 0.2995914 0.3003993 0.3012906 0.3013324 0.3025523 0.3055605 0.3069747 0.3083607 0.3090128 0.3084491 0.3067499 0.3074850 0.3077337 0.3115687 0.3188992 0.3259168 0.3320491 0.3396523 0.3444834 0.3473947 0.3575342 0.3597289 0.3581814 0.3654575
0.2233164 0.2221164 0.2209945 0.2217321 0.2223608 0.2236363 0.2251757 0.2279405 0.2318242 0.2360407 0.2431403 0.2494251 0.2566358 0.2603791 0.2674515 0.2717905 0.2745358 0.2777503 0.2797834 0.2831096 0.2843971 0.2857974 0.2871191 0.2877561 0.2882141 0.2909833 0.2899386 0.2906197 0.2910103 0.2933913 0.2935242 0.2987746 0.2960151 0.2968737 0.2985879 0.3015983 0.3054194 0.3049951 0.3064206 0.3074153 0.3084550 0.3088495 0.3094622 0.3079216 0.3134618 0.3177700 0.3231645 0.3298092 0.3360579 0.3418920 0.3449719 0.3539050 0.3594333 0.3630843 0.3650647
0.2189310 0.2179962 0.2160560 0.2152243 0.2154373 0.2169706 0.2171437 0.2204196 0.2246357 0.2318931 0.2385846 0.2434153 0.2503135 0.2561541 0.2613241 0.2652721 0.2678453 0.2739547 0.2765310 0.2785410 0.2810234 0.2813025 0.2839851 0.2849807 0.2851709 0.2855515 0.2857045 0.2874075 0.2890978 0.2899021 0.2894181 0.2909028 0.2914537 0.2944886 0.2962685 0.2975205 0.3003682 0.3019389 0.3035608 0.3043973 0.3063390 0.3088560 0.3102140 0.3118393 0.3128591 0.3108299 0.3188359 0.3246160 0.3306908 0.3355601 0.3404433 0.3484354 0.3580878 0.3640863 0.3673578
0.2138916 0.2126101 0.2108682 0.2087398 0.2084404 0.2093531 0.2091162 0.2091827 0.2155922 0.2239076 0.2313128 0.2382848 0.2448665 0.2515401 0.2567454 0.2612249 0.2652312 0.2698174 0.2732769 0.2752948 0.2774062 0.2794009 0.2798025 0.2825007 0.2841360 0.2822702 0.2822803 0.2826744 0.2851732 0.2840998 0.2849434 0.2876479 0.2885075 0.2900808 0.2927194 0.2944727 0.2970267 0.2974772 0.2993522 0.3016187 0.3061704 0.3087162 0.3108890 0.3125072 0.3131106 0.3118383 0.3167178 0.3201284 0.3255976 0.3345644 0.3393652 0.3437875 0.3562329 0.3635292 0.3697908
0.2068494 0.2042235 0.2019431 0.2005717 0.2003223 0.1996832 0.2005861 0.2044847 0.2128937 0.2206657 0.2286568 0.2353725 0.2397901 0.2454381 0.2510210 0.2556843 0.2601414 0.2642170 0.2682270 0.2702987 0.2729850 0.2757632 0.2791083 0.2789817 0.2802322 0.2803346 0.2790401 0.2813981 0.2818640 0.2801084 0.2823552 0.2828342 0.2835429 0.2832102 0.2854422 0.2877014 0.2907420 0.2954050 0.2973095 0.3000426 0.3039851 0.3070790 0.3098516 0.3128575 0.3145897 0.3147177 0.3134146 0.3147605 0.3230461 0.3304076 0.3373654 0.3424929 0.3542879 0.3612290 0.3647001
0.2000395 0.1984485 0.1944401 0.1923508 0.1923146 0.1900562 0.1903281 0.1984539 0.2083571 0.2162767 0.2250698 0.2303765 0.2362478 0.2420317 0.2493237 0.2537220 0.2585162 0.2629608 0.2670256 0.2699338 0.2725726 0.2734242 0.2755359 0.2763202 0.2760496 0.2770450 0.2782597 0.2794611 0.2784901 0.2755222 0.2781995 0.2763352 0.2767424 0.2770385 0.2807067 0.2835457 0.2863352 0.2897551 0.2937785 0.2977130 0.3021975 0.3057222 0.3097272 0.3127247 0.3147965 0.3146449 0.3098474 0.3132443 0.3209319 0.3255891 0.3332669 0.3417132 0.3499711 0.3565138 0.3624933
0.1946834 0.1898752 0.1868440 0.1860263 0.1834895 0.1786150 0.1824802 0.1938099 0.2045286 0.2101982 0.2168564 0.2257351 0.2347217 0.2386443 0.2441088 0.2509055 0.2555043 0.2601638 0.2642798 0.2677788 0.2701239 0.2731699 0.2745336 0.2742476 0.2742061 0.2757624 0.2762888 0.2759015 0.2749422 0.2744156 0.2749778 0.2748297 0.2772193 0.2772474 0.2785398 0.2791079 0.2785455 0.2819672 0.2877844 0.2933556 0.2988504 0.3036646 0.3087430 0.3124794 0.3157340 0.3171491 0.3147322 0.3147759 0.3190145 0.3227136 0.3285126 0.3368602 0.3452145 0.3530143 0.3578428
0.1886112 0.1821256 0.1808173 0.1772198 0.1748741 0.1724789 0.1808596 0.1899235 0.1996322 0.2075860 0.2168935 0.2248805 0.2316915 0.2375358 0.2407081 0.2460206 0.2530133 0.2575172 0.2610252 0.2618569 0.2653903 0.2685341 0.2713989 0.2751138 0.2740156 0.2752767 0.2757184 0.2777375 0.2778708 0.2748048 0.2736061 0.2737257 0.2748299 0.2750008 0.2775269 0.2775454 0.2771800 0.2781368 0.2818470 0.2878147 0.2944254 0.3015742 0.3079524 0.3129689 0.3176617 0.3202954 0.3212944 0.3208624 0.3193436 0.3215655 0.3269394 0.3326043 0.3390514 0.3470486 0.3545825
0.1782646 0.1730549 0.1721688 0.1684615 0.1604116 0.1659811 0.1783260 0.1873031 0.1966069 0.2052878 0.2157543 0.2227427 0.2299044 0.2356083 0.2401737 0.2434286 0.2506722 0.2527134 0.2564059 0.2597934 0.2661823 0.2664318 0.2713808 0.2737455 0.2736230 0.2776897 0.2756262 0.2755051 0.2765248 0.2776856 0.2798307 0.2792997 0.2805941 0.2751594 0.2753569 0.2755386 0.2757621 0.2757714 0.2798034 0.2801771 0.2899256 0.2986043 0.3066345 0.3133565 0.3184503 0.3196082 0.3234885 0.3259641 0.3242549 0.3216695 0.3252077 0.3300082 0.3326394 0.3401365 0.3488739
0.1701502 0.1676999 0.1636186 0.1572504 0.1548660 0.1689619 0.1761537 0.1856452 0.1970337 0.2030212 0.2110457 0.2204654 0.2272542 0.2345192 0.2364571 0.2417311 0.2464307 0.2506806 0.2577569 0.2616141 0.2623603 0.2655293 0.2703749 0.2701680 0.2728295 0.2777360 0.2789498 0.2767031 0.2818367 0.2806022 0.2844334 0.2840137 0.2844021 0.2840094 0.2810387 0.2800629 0.2831222 0.2810100 0.2823361 0.2790471 0.2829997 0.2914649 0.3028103 0.3143708 0.3202172 0.3229985 0.3273427 0.3307004 0.3299075 0.3278758 0.3251081 0.3281792 0.3297371 0.3326352 0.3411916
0.1657140 0.1600895 0.1516842 0.1464280 0.1545660 0.1683001 0.1751775 0.1877242 0.1963243 0.2047665 0.2097882 0.2166435 0.2228202 0.2297054 0.2355335 0.2436529 0.2450909 0.2526385 0.2563508 0.2607637 0.2615057 0.2682204 0.2700173 0.2700146 0.2760807 0.2781887 0.2800734 0.2784600 0.2807083 0.2828628 0.2876248 0.2884752 0.2895271 0.2904417 0.2880549 0.2918377 0.2932712 0.2960829 0.2951337 0.2967256 0.3006915 0.3029206 0.3047482 0.3120905 0.3234627 0.3307001 0.3341222 0.3362972 0.3356794 0.3346573 0.3274338 0.3263220 0.3280185 0.3303843 0.3322514
