LUCAS_GEMMES_COP27/includes/subsidence/Scenario_B2/TOT_SUBSIDENCE_2030_SINCE_2018_MKD_ONLY.ASC
NCOLS                318
NROWS                364
XLLCORNER      400000.00
YLLCORNER      907000.00
CELLSIZE         1000.00
NODATA_VALUE    0.3402823E+39
[rows 168 to 191 of 364, columns 108 to 161 of 318]
3.4028235E+38 3.4028235E+38 9.8377481E-02 9.6385702E-02 9.7828001E-02 0.1007697 0.1019061 0.1022843 0.1008599 0.1004293 0.1006246 0.1000546 0.1004554 0.1016750 0.1020680 0.1020717 0.1028794 0.1037527 0.1046730 0.1061965 0.1072097 0.1077461 0.1087519 0.1102855 0.1111708 0.1123536 0.1135060 0.1148171 0.1151755 0.1155960 0.1171359 0.1188660 0.1198252 0.1208748 0.1216918 0.1225576 0.1231111 0.1245041 0.1257412 0.1264104 0.1270369 0.1280015 0.1287397 0.1293605 0.1301098 0.1308365 0.1297388 0.1279714 0.1268015 0.1254665 0.1242377 0.1231772 0.1220500 0.1213397
3.4028235E+38 3.4028235E+38 3.4028235E+38 0.1005488 0.1029518 0.1072318 0.1086206 0.1077457 0.1066739 0.1054467 0.1042507 0.1031331 0.1026570 0.1030665 0.1036269 0.1042676 0.1053643 0.1061793 0.1065892 0.1075223 0.1088714 0.1098385 0.1105244 0.1117321 0.1131398 0.1148055 0.1154630 0.1163673 0.1171469 0.1176493 0.1189678 0.1206500 0.1216176 0.1227601 0.1235958 0.1246954 0.1258473 0.1267698 0.1275936 0.1283333 0.1291367 0.1301063 0.1311642 0.1326112 0.1344606 0.1351720 0.1333531 0.1300643 0.1279431 0.1263904 0.1248647 0.1238682 0.1228368 0.1219783
3.4028235E+38 3.4028235E+38 0.1056538 0.1051986 0.1099054 0.1177323 0.1175605 0.1181276 0.1152490 0.1094576 0.1073392 0.1059873 0.1056899 0.1053407 0.1057750 0.1068774 0.1075980 0.1083529 0.1091661 0.1095766 0.1103895 0.1117786 0.1130909 0.1136940 0.1149528 0.1165389 0.1170853 0.1181946 0.1195119 0.1202542 0.1216084 0.1225010 0.1234150 0.1243644 0.1254427 0.1265772 0.1272282 0.1282537 0.1293086 0.1300342 0.1309853 0.1322778 0.1339770 0.1366943 0.1437419 0.1447336 0.1381774 0.1333762 0.1303723 0.1281724 0.1259597 0.1245943 0.1238019 0.1230070
9.6601203E-02 0.1000844 0.1093203 0.1106845 0.1160590 0.1229206 0.1263664 0.1234416 0.1189730 0.1122725 0.1095331 0.1082420 0.1075602 0.1076969 0.1085693 0.1090996 0.1097660 0.1104338 0.1111910 0.1120474 0.1124189 0.1135211 0.1146639 0.1156450 0.1170960 0.1177906 0.1188042 0.1201036 0.1210899 0.1222310 0.1231262 0.1241557 0.1250767 0.1262670 0.1271756 0.1285508 0.1292019 0.1300230 0.1310094 0.1319230 0.1329855 0.1345286 0.1367317 0.1412870 0.1507519 0.1544386 0.1458926 0.1385144 0.1338167 0.1308504 0.1276411 0.1257229 0.1246010 0.1238462
9.8676682E-02 0.1026126 0.1120831 0.1163692 0.1262373 0.1308963 0.1281899 0.1248097 0.1189307 0.1146946 0.1125337 0.1109291 0.1102793 0.1107869 0.1105551 0.1114137 0.1119736 0.1124399 0.1131458 0.1141038 0.1148554 0.1153522 0.1162712 0.1175919 0.1186830 0.1195711 0.1206285 0.1214749 0.1223986 0.1230825 0.1244347 0.1260569 0.1269935 0.1277851 0.1289765 0.1304267 0.1311589 0.1320484 0.1331759 0.1341708 0.1351578 0.1366826 0.1398101 0.1445619 0.1532216 0.1623530 0.1558827 0.1462863 0.1378770 0.1335244 0.1296360 0.1268744 0.1251395 0.1238936
0.1003244 0.1040554 0.1096371 0.1194016 0.1257062 0.1246654 0.1239414 0.1236067 0.1186405 0.1158470 0.1146835 0.1136374 0.1140817 0.1141168 0.1133742 0.1140131 0.1148387 0.1151139 0.1155024 0.1163278 0.1170208 0.1173347 0.1184697 0.1194515 0.1201659 0.1212506 0.1225921 0.1232145 0.1240357 0.1249094 0.1265586 0.1279116 0.1290877 0.1297893 0.1314246 0.1321367 0.1327035 0.1342410 0.1353958 0.1364169 0.1374896 0.1394618 0.1418726 0.1456722 0.1548211 0.1628438 0.1612227 0.1531722 0.1449010 0.1368990 0.1315972 0.1278636 0.1256920 0.1243055
0.1023698 0.1048452 0.1090328 0.1160466 0.1222255 0.1206032 0.1203728 0.1199072 0.1182831 0.1173639 0.1169648 0.1170203 0.1176771 0.1179540 0.1182407 0.1182642 0.1177561 0.1179419 0.1177556 0.1187298 0.1197857 0.1198995 0.1204424 0.1216557 0.1222818 0.1238069 0.1244866 0.1251228 0.1260939 0.1272369 0.1287645 0.1299370 0.1308675 0.1320587 0.1336475 0.1347111 0.1354467 0.1365214 0.1375953 0.1386156 0.1403626 0.1412357 0.1420054 0.1448431 0.1510276 0.1622648 0.1628284 0.1554752 0.1494809 0.1409885 0.1334278 0.1288871 0.1261100 0.1247990
0.1030950 0.1059491 0.1093301 0.1134179 0.1168596 0.1174315 0.1183380 0.1186571 0.1189332 0.1197151 0.1207391 0.1223324 0.1227157 0.1232503 0.1240841 0.1233146 0.1222479 0.1217502 0.1207726 0.1214582 0.1216665 0.1219063 0.1222411 0.1234793 0.1243062 0.1252934 0.1266352 0.1272608 0.1281538 0.1294981 0.1307857 0.1319015 0.1328363 0.1343643 0.1358813 0.1369759 0.1380845 0.1391174 0.1399385 0.1412794 0.1416215 0.1410871 0.1418880 0.1440333 0.1478289 0.1561373 0.1584063 0.1542546 0.1493426 0.1411730 0.1338503 0.1291783 0.1258658 0.1243260
0.1047339 0.1068622 0.1092172 0.1119999 0.1144370 0.1158237 0.1175093 0.1190229 0.1204460 0.1228814 0.1257638 0.1288953 0.1307316 0.1316509 0.1314420 0.1302873 0.1284790 0.1270115 0.1248678 0.1247160 0.1241968 0.1243969 0.1247866 0.1254619 0.1266453 0.1271716 0.1281801 0.1292078 0.1301136 0.1316029 0.1330960 0.1344510 0.1350484 0.1365072 0.1379097 0.1393707 0.1406132 0.1417340 0.1430063 0.1426100 0.1410134 0.1407688 0.1410621 0.1420709 0.1443498 0.1481922 0.1534883 0.1492267 0.1458052 0.1393177 0.1331421 0.1284213 0.1254893 0.1237779
0.1062150 0.1079687 0.1091704 0.1113514 0.1135345 0.1152635 0.1174231 0.1203026 0.1239195 0.1289035 0.1340774 0.1396799 0.1434314 0.1453968 0.1436206 0.1411217 0.1371066 0.1328872 0.1297206 0.1280852 0.1270293 0.1266999 0.1270769 0.1278434 0.1280780 0.1287842 0.1298426 0.1309901 0.1324369 0.1336507 0.1352998 0.1368370 0.1375039 0.1387153 0.1401756 0.1419518 0.1427340 0.1441192 0.1440212 0.1426933 0.1413050 0.1404814 0.1400566 0.1402543 0.1404213 0.1416181 0.1428674 0.1432736 0.1402423 0.1350241 0.1303874 0.1270835 0.1246955 0.1231179
0.1073897 0.1085166 0.1098834 0.1116221 0.1138477 0.1157955 0.1187293 0.1234726 0.1291128 0.1371683 0.1478475 0.1588755 0.1634325 0.1694031 0.1623688 0.1591071 0.1499442 0.1414253 0.1356447 0.1318133 0.1290946 0.1286995 0.1293758 0.1295088 0.1301662 0.1311264 0.1319888 0.1333951 0.1344624 0.1356025 0.1368820 0.1381707 0.1397413 0.1408662 0.1423140 0.1441078 0.1460292 0.1457292 0.1438539 0.1425468 0.1410862 0.1400966 0.1390727 0.1383417 0.1375416 0.1371654 0.1369148 0.1359194 0.1337488 0.1308159 0.1278845 0.1256604 0.1235497 0.1222897
0.1083412 0.1093466 0.1105824 0.1121949 0.1143132 0.1167238 0.1199889 0.1261773 0.1347930 0.1477671 0.1672532 0.1791156 0.1893062 0.1900432 0.1864464 0.1789582 0.1677439 0.1525239 0.1431836 0.1370875 0.1333801 0.1319541 0.1312564 0.1315985 0.1328310 0.1330262 0.1342991 0.1356907 0.1368910 0.1381551 0.1397141 0.1412527 0.1426588 0.1434891 0.1447473 0.1460564 0.1475342 0.1459520 0.1440418 0.1420968 0.1405079 0.1393593 0.1379655 0.1363370 0.1353108 0.1342522 0.1331656 0.1315872 0.1300018 0.1279632 0.1257917 0.1238559 0.1222669 0.1211818
0.1093147 0.1101973 0.1113993 0.1128049 0.1150024 0.1177709 0.1212937 0.1282484 0.1399362 0.1573926 0.1852250 0.1966402 0.2089825 0.2131369 0.2127787 0.1996102 0.1869692 0.1657966 0.1511118 0.1421589 0.1372401 0.1346452 0.1337505 0.1346349 0.1350493 0.1357407 0.1372159 0.1382730 0.1394825 0.1408690 0.1423087 0.1436647 0.1447659 0.1457953 0.1470639 0.1487144 0.1488785 0.1460191 0.1436144 0.1418987 0.1397878 0.1381083 0.1368195 0.1349396 0.1330468 0.1320166 0.1307026 0.1288686 0.1272415 0.1257245 0.1240797 0.1231364 0.1216268 0.1199902
0.1101591 0.1107538 0.1120873 0.1137961 0.1155104 0.1187393 0.1234211 0.1306746 0.1427434 0.1626104 0.1939023 0.2078406 0.2223892 0.2282237 0.2258548 0.2180243 0.1988087 0.1804530 0.1592389 0.1469630 0.1405157 0.1374044 0.1363630 0.1363484 0.1366551 0.1374086 0.1393305 0.1403747 0.1414467 0.1431874 0.1454123 0.1464226 0.1470278 0.1482344 0.1501493 0.1502868 0.1479319 0.1457170 0.1433406 0.1414457 0.1391111 0.1371665 0.1358212 0.1341994 0.1321641 0.1304600 0.1288296 0.1267541 0.1252648 0.1240677 0.1222802 0.1212573 0.1193239 0.1181078
0.1108711 0.1114726 0.1127293 0.1139422 0.1161604 0.1192442 0.1237955 0.1309071 0.1427403 0.1612920 0.1906743 0.2154973 0.2300338 0.2382943 0.2317817 0.2194574 0.2085231 0.1917014 0.1645792 0.1501069 0.1437435 0.1398723 0.1385316 0.1387922 0.1389670 0.1395891 0.1410559 0.1424595 0.1438549 0.1456676 0.1471315 0.1488711 0.1506643 0.1519959 0.1518035 0.1492396 0.1474974 0.1452506 0.1429794 0.1406235 0.1381985 0.1361150 0.1347509 0.1332802 0.1314549 0.1294479 0.1274036 0.1252529 0.1238935 0.1228371 0.1207513 0.1191856 0.1174524 0.1166213
0.1114120 0.1117138 0.1129877 0.1144190 0.1166353 0.1192069 0.1232019 0.1300156 0.1399055 0.1552866 0.1780016 0.2098789 0.2271727 0.2304437 0.2284127 0.2194647 0.2081235 0.1901717 0.1656445 0.1517220 0.1449768 0.1416105 0.1402436 0.1398687 0.1408453 0.1418687 0.1432617 0.1448571 0.1467331 0.1483046 0.1496940 0.1515001 0.1537435 0.1538502 0.1511500 0.1486342 0.1461579 0.1444668 0.1423524 0.1398011 0.1377500 0.1355687 0.1338231 0.1319399 0.1300486 0.1282827 0.1260870 0.1243646 0.1227707 0.1214554 0.1193012 0.1175000 0.1165971 0.1149448
0.1118409 0.1122900 0.1133883 0.1150275 0.1169173 0.1194227 0.1228459 0.1284250 0.1362139 0.1476979 0.1639751 0.1875064 0.2145220 0.2254836 0.2320802 0.2234143 0.2108151 0.1874905 0.1647473 0.1519394 0.1456671 0.1430156 0.1421099 0.1387910 0.1402832 0.1446492 0.1456092 0.1476767 0.1494780 0.1509045 0.1525034 0.1548188 0.1549686 0.1524435 0.1503521 0.1478469 0.1456149 0.1434977 0.1413316 0.1395542 0.1376070 0.1349926 0.1329432 0.1309832 0.1289410 0.1272930 0.1244462 0.1235083 0.1216051 0.1193466 0.1174576 0.1159090 0.1144178 0.1127059
0.1119963 0.1126282 0.1137293 0.1153316 0.1168704 0.1191419 0.1220945 0.1265904 0.1323131 0.1398673 0.1516141 0.1668474 0.1840757 0.2001024 0.2072689 0.2096300 0.2000439 0.1753453 0.1594969 0.1510755 0.1458779 0.1440357 0.1440419 0.1450529 0.1454426 0.1466883 0.1483255 0.1504662 0.1520048 0.1537414 0.1557959 0.1559209 0.1541738 0.1520418 0.1496378 0.1471419 0.1460870 0.1436591 0.1408985 0.1390943 0.1367834 0.1343417 0.1314254 0.1298762 0.1282044 0.1261981 0.1233556 0.1216880 0.1198124 0.1174647 0.1158405 0.1136471 0.1122395 0.1113079
0.1124679 0.1129480 0.1140849 0.1154691 0.1171112 0.1195681 0.1213740 0.1250410 0.1298101 0.1352299 0.1428017 0.1516386 0.1617150 0.1706085 0.1756253 0.1769128 0.1726747 0.1624860 0.1536492 0.1489451 0.1461160 0.1451216 0.1455285 0.1464359 0.1470409 0.1494931 0.1522302 0.1535045 0.1548207 0.1572781 0.1575332 0.1551380 0.1531275 0.1509528 0.1494348 0.1470555 0.1453322 0.1428390 0.1400061 0.1381806 0.1357757 0.1331026 0.1309198 0.1284807 0.1271065 0.1253647 0.1230411 0.1203605 0.1185069 0.1166160 0.1142204 0.1117432 0.1099127 0.1089689
0.1125814 0.1132024 0.1144080 0.1157943 0.1177330 0.1191397 0.1212173 0.1239786 0.1270925 0.1313190 0.1363573 0.1413948 0.1476515 0.1530691 0.1567594 0.1584605 0.1568159 0.1523784 0.1490210 0.1469861 0.1459100 0.1460663 0.1470861 0.1481989 0.1500903 0.1529313 0.1545777 0.1563332 0.1586953 0.1590260 0.1569951 0.1555329 0.1531405 0.1506199 0.1488515 0.1465891 0.1443437 0.1425251 0.1395957 0.1371151 0.1343704 0.1320485 0.1303764 0.1280720 0.1248888 0.1234568 0.1217823 0.1186431 0.1169085 0.1150703 0.1120388 0.1100694 0.1078438 0.1055391
0.1126745 0.1134395 0.1147145 0.1161382 0.1176836 0.1194068 0.1216265 0.1241116 0.1264654 0.1295555 0.1335647 0.1366070 0.1405454 0.1437192 0.1467780 0.1480640 0.1481359 0.1470336 0.1465884 0.1464043 0.1468316 0.1477507 0.1486794 0.1502286 0.1529572 0.1556023 0.1573274 0.1598651 0.1604513 0.1586625 0.1578109 0.1554691 0.1535605 0.1508729 0.1487415 0.1458951 0.1443342 0.1417640 0.1384643 0.1364682 0.1342841 0.1317313 0.1294601 0.1271711 0.1231650 0.1190047 0.1195109 0.1171824 0.1145145 0.1121292 0.1100421 0.1090816 0.1060840 0.1038353
0.1125164 0.1136340 0.1152308 0.1168197 0.1180274 0.1199870 0.1218593 0.1239294 0.1260048 0.1284447 0.1311029 0.1340277 0.1363783 0.1393192 0.1418745 0.1431539 0.1443439 0.1444136 0.1452880 0.1467507 0.1477848 0.1487294 0.1504120 0.1528577 0.1551342 0.1574250 0.1603434 0.1614097 0.1600053 0.1583823 0.1568083 0.1554813 0.1536695 0.1516735 0.1498299 0.1474612 0.1452679 0.1426177 0.1389762 0.1363549 0.1344693 0.1313458 0.1290172 0.1257577 0.1238790 0.1206435 0.1192931 0.1173400 0.1144172 0.1106791 0.1084221 0.1069381 0.1042291 0.1006952
0.1125494 0.1138603 0.1154011 0.1172609 0.1185248 0.1201985 0.1216799 0.1234064 0.1254211 0.1279893 0.1300832 0.1328283 0.1349354 0.1376937 0.1398783 0.1416680 0.1428471 0.1443087 0.1457738 0.1474681 0.1490147 0.1503915 0.1529777 0.1552111 0.1571730 0.1594979 0.1622420 0.1614381 0.1604936 0.1592255 0.1579604 0.1567717 0.1551649 0.1535133 0.1511931 0.1481026 0.1452448 0.1423423 0.1395634 0.1362198 0.1335651 0.1313692 0.1278331 0.1251380 0.1226057 0.1198620 0.1170773 0.1152436 0.1114997 0.1085439 0.1059294 0.1041782 0.1010890 9.7389221E-02
0.1125602 0.1140410 0.1158591 0.1175224 0.1192344 0.1204451 0.1221876 0.1246959 0.1265690 0.1289040 0.1309768 0.1335458 0.1354275 0.1375526 0.1397020 0.1413286 0.1430730 0.1453403 0.1471175 0.1489044 0.1503385 0.1524535 0.1551820 0.1576418 0.1596529 0.1623836 0.1636968 0.1617302 0.1612156 0.1609005 0.1604752 0.1601042 0.1580977 0.1565026 0.1530250 0.1500992 0.1474503 0.1441166 0.1388605 0.1368111 0.1331275 0.1301353 0.1271006 0.1250836 0.1223190 0.1198012 0.1159790 0.1133998 0.1101975 0.1069344 0.1052351 0.1024635 9.7754180E-02 9.4810069E-02
