LUCAS_GEMMES_COP27/includes/subsidence/Scenario_B2/TOT_SUBSIDENCE_2080_SINCE_2018_MKD_ONLY.ASC
NCOLS                318
NROWS                364
XLLCORNER      400000.00
YLLCORNER      907000.00
CELLSIZE         1000.00
NODATA_VALUE    0.3402823E+39
[rows 120 to 143 of 364, columns 220 to 274 of 318]
0.5114407 0.5176236 0.5214402 0.5290730 0.5346595 0.5401664 0.5440317 0.5523977 0.5580771 0.5673752 0.5733334 0.5790834 0.5829291 0.5823194 0.5971425 0.6055498 0.6103311 0.6155435 0.6390540 0.6555763 0.6709389 0.6854594 0.7026784 0.7181982 0.7338395 0.7533007 0.7720705 0.7928777 0.8177800 0.8424376 0.8673415 0.8799253 0.8951574 0.9072934 0.9133005 0.9349276 0.9582577 0.9762988 0.9839860 0.9934567 0.9995838 1.000696 1.003230 1.000342 0.9780757 0.9564612 0.9470855 0.9384390 0.9277177 0.9056636 0.8832918 0.8559402 0.8270567 0.7962135 0.7623041
0.5083675 0.5139197 0.5207381 0.5284800 0.5336121 0.5398639 0.5441231 0.5532204 0.5560831 0.5584844 0.5647699 0.5774696 0.5835617 0.5829042 0.5983796 0.6074557 0.6143325 0.6122961 0.6368187 0.6548529 0.6721838 0.6862809 0.7028119 0.7186906 0.7347915 0.7539176 0.7734094 0.7966565 0.8221555 0.8526903 0.8687384 0.8755201 0.8892558 0.9095231 0.9169297 0.9343619 0.9581124 0.9776354 0.9854124 0.9915876 1.000291 1.002485 1.004064 1.000575 0.9900393 0.9775507 0.9556363 0.9445845 0.9292678 0.9004911 0.8763621 0.8535351 0.8266504 0.7970777 0.7633900
0.5073333 0.5126600 0.5210375 0.5268260 0.5329040 0.5385475 0.5418317 0.5506489 0.5546287 0.5549818 0.5640372 0.5781941 0.5846925 0.5899335 0.6008188 0.6098284 0.6182978 0.6263527 0.6362418 0.6547247 0.6713754 0.6867788 0.7018832 0.7189511 0.7361940 0.7558320 0.7749358 0.7982548 0.8227502 0.8498154 0.8639985 0.8739531 0.8893117 0.9096264 0.9244241 0.9317249 0.9489224 0.9778730 0.9881458 0.9811205 0.9896291 1.000355 0.9894394 0.9894027 0.9897896 0.9772546 0.9627184 0.9471438 0.9324807 0.8910247 0.8641533 0.8468968 0.8229958 0.7933084 0.7618363
0.5075274 0.5150499 0.5203210 0.5259736 0.5319721 0.5378492 0.5414962 0.5500656 0.5554541 0.5603800 0.5690924 0.5783718 0.5838287 0.5913685 0.6004425 0.6111956 0.6208665 0.6304957 0.6410718 0.6546825 0.6704857 0.6859106 0.7002104 0.7174228 0.7362739 0.7557248 0.7750838 0.7975219 0.8211541 0.8443031 0.8602396 0.8774320 0.8946230 0.9119030 0.9225308 0.9304055 0.9488848 0.9782532 0.9858679 0.9919540 0.9997644 1.001083 0.9936684 0.9766046 0.9799594 0.9730570 0.9604226 0.9346486 0.9169328 0.8960072 0.8695630 0.8471698 0.8186558 0.7877478 0.7551610
0.5103238 0.5145945 0.5195018 0.5255710 0.5318360 0.5357187 0.5413735 0.5489795 0.5546907 0.5623272 0.5695983 0.5776012 0.5849860 0.5940585 0.6014342 0.6110698 0.6226901 0.6337886 0.6465535 0.6555817 0.6723844 0.6869543 0.6992028 0.7169397 0.7364142 0.7560247 0.7748329 0.7961186 0.8194882 0.8347746 0.8526934 0.8713813 0.8886849 0.9085724 0.9212537 0.9291514 0.9555086 0.9759456 0.9767869 0.9804813 0.9898186 0.9762848 0.9794346 0.9813049 0.9749240 0.9652179 0.9505202 0.9258876 0.9010357 0.8869359 0.8679726 0.8405393 0.8098377 0.7792859 0.7467128
0.5098166 0.5138239 0.5192336 0.5252655 0.5311615 0.5351505 0.5424066 0.5479550 0.5538428 0.5611531 0.5694181 0.5771167 0.5849260 0.5938468 0.6021959 0.6109927 0.6225130 0.6350135 0.6476125 0.6602632 0.6689137 0.6836770 0.6988757 0.7167490 0.7353444 0.7527228 0.7696460 0.7887502 0.8061420 0.8161192 0.8383023 0.8583480 0.8797820 0.9018011 0.9126837 0.9225795 0.9472886 0.9575112 0.9587080 0.9644834 0.9666734 0.9739168 0.9753443 0.9703652 0.9614089 0.9392251 0.9190179 0.9075082 0.8873187 0.8711739 0.8564804 0.8281306 0.7981814 0.7668775 0.7334195
0.5082211 0.5117989 0.5188502 0.5250249 0.5299670 0.5344025 0.5414089 0.5469386 0.5534520 0.5600539 0.5679185 0.5759933 0.5836480 0.5918186 0.6012822 0.6119519 0.6228722 0.6357844 0.6483785 0.6599947 0.6709768 0.6799682 0.6987144 0.7139810 0.7303459 0.7443532 0.7569270 0.7734125 0.7833030 0.7729686 0.8135946 0.8325384 0.8481061 0.8738016 0.8925034 0.9105969 0.9238267 0.9351657 0.9448636 0.9510213 0.9600140 0.9652302 0.9480509 0.9409907 0.9416487 0.9309831 0.9107093 0.9007075 0.8771917 0.8588577 0.8412033 0.8142745 0.7846732 0.7525094 0.7191802
0.5045662 0.5077355 0.5161535 0.5234481 0.5244715 0.5295041 0.5404226 0.5477548 0.5533517 0.5590017 0.5665939 0.5753983 0.5832118 0.5924927 0.6020889 0.6123741 0.6232684 0.6362763 0.6490291 0.6619978 0.6754018 0.6909349 0.6977678 0.7065203 0.7212228 0.7294970 0.7347133 0.7491627 0.7643812 0.7771149 0.7864325 0.7902314 0.7928783 0.8386738 0.8690588 0.8897022 0.9018971 0.9116426 0.9211570 0.9331172 0.9426175 0.9441338 0.9351022 0.9265985 0.9211614 0.9113442 0.8954819 0.8786790 0.8590869 0.8391550 0.8170873 0.7937465 0.7651525 0.7344261 0.7026434
0.5033937 0.5061584 0.5142910 0.5223169 0.5279832 0.5318577 0.5395932 0.5459702 0.5525231 0.5595865 0.5671985 0.5756998 0.5837741 0.5921177 0.6034330 0.6133025 0.6243099 0.6373532 0.6508704 0.6645296 0.6820080 0.6943895 0.6847325 0.6877686 0.7022635 0.7158182 0.7419804 0.7607750 0.7807226 0.7988296 0.8020732 0.8034071 0.8030155 0.8077068 0.8087004 0.8523193 0.8728371 0.8926400 0.9037605 0.9160476 0.9192979 0.9168727 0.9113228 0.9028311 0.8919940 0.8814702 0.8661068 0.8499659 0.8344601 0.8129118 0.7899952 0.7677514 0.7409704 0.7144996 0.6868259
0.5024700 0.5076289 0.5149286 0.5215347 0.5279163 0.5343348 0.5400287 0.5468597 0.5541028 0.5613073 0.5699549 0.5776510 0.5821744 0.5888354 0.6033460 0.6146784 0.6257915 0.6402255 0.6538124 0.6673510 0.6881472 0.6929651 0.6768814 0.6942638 0.7129212 0.7261005 0.7527498 0.8372933 0.9088458 1.010293 0.9213417 0.8937110 0.8799260 0.8592806 0.8113628 0.8052182 0.8006526 0.8491544 0.8762041 0.8841468 0.8834407 0.8776028 0.8707846 0.8606238 0.8482306 0.8383412 0.8282479 0.8144068 0.7997686 0.7803512 0.7583814 0.7368417 0.7135150 0.6879133 0.6618679
0.5008329 0.5064715 0.5135066 0.5203667 0.5273111 0.5344772 0.5404791 0.5490719 0.5555717 0.5620441 0.5700669 0.5780181 0.5813712 0.5895994 0.6040417 0.6163862 0.6287641 0.6435198 0.6575381 0.6675190 0.6870927 0.7081579 0.7177159 0.7347099 0.7582784 0.7883517 0.8410527 0.9197578 1.019809 1.024624 0.9817384 0.9517817 0.9346924 0.9052669 0.8737705 0.8468264 0.7980298 0.7908517 0.8295379 0.8347498 0.8301812 0.8226144 0.8124477 0.7999709 0.7870724 0.7770858 0.7743000 0.7646726 0.7545308 0.7397543 0.7226194 0.7035765 0.6820358 0.6588874 0.6360242
0.4963086 0.5016289 0.5108282 0.5184207 0.5272403 0.5352475 0.5411069 0.5503418 0.5578514 0.5646634 0.5717052 0.5796276 0.5874079 0.5967624 0.6075438 0.6191230 0.6323001 0.6484830 0.6596436 0.6718884 0.6907051 0.7167178 0.7463399 0.7733640 0.8027183 0.8396173 0.8999337 0.9888970 1.114359 1.095666 1.026775 0.9886806 0.9875626 0.9348025 0.9028894 0.8755203 0.8393174 0.7880648 0.7765758 0.7640820 0.7512530 0.7375498 0.7215238 0.7054364 0.6900770 0.6766465 0.7086318 0.7063441 0.6956158 0.6845806 0.6785002 0.6627748 0.6430584 0.6209274 0.5999749
0.4974158 0.5023594 0.5078943 0.5139125 0.5273337 0.5367591 0.5437418 0.5521514 0.5586917 0.5631262 0.5733300 0.5826353 0.5910345 0.6003579 0.6107787 0.6221628 0.6360934 0.6489228 0.6612794 0.6803542 0.7052566 0.7339584 0.7678983 0.8066964 0.8273795 0.8758563 0.9366598 1.028883 1.164417 1.098985 1.040149 0.9895387 0.9466788 0.9309789 0.9099674 0.8894192 0.8641026 0.8316488 0.8023810 0.7589847 0.7420287 0.7253923 0.7077302 0.6911464 0.6752788 0.6585301 0.6407196 0.6236373 0.6074163 0.5924816 0.6176897 0.6083195 0.5899078 0.5686658 0.5495652
0.4987393 0.5042077 0.5094606 0.5201417 0.5301482 0.5390037 0.5462078 0.5536503 0.5609093 0.5631913 0.5724521 0.5855116 0.5943714 0.6036803 0.6142523 0.6268289 0.6394476 0.6483037 0.6692747 0.6940812 0.7233640 0.7506816 0.7773894 0.8097448 0.8441925 0.8944916 0.9404932 1.032752 1.140599 1.087746 1.038009 0.9750852 0.8728883 0.9074727 0.8947271 0.8899329 0.8709892 0.8410460 0.8073988 0.7830526 0.7414458 0.7219334 0.7019298 0.6822902 0.6643656 0.6461630 0.6271915 0.6086843 0.5908453 0.5723403 0.5541055 0.5344394 0.5146993 0.4941365 0.4748962
0.5022393 0.5109175 0.5125234 0.5242238 0.5344805 0.5430102 0.5499920 0.5572447 0.5647916 0.5709552 0.5798402 0.5904710 0.5999025 0.6087582 0.6199443 0.6319703 0.6448222 0.6514277 0.6711869 0.6935498 0.7336930 0.7625237 0.7836158 0.8229030 0.8554211 0.8998916 0.9551783 1.025777 1.082351 1.073624 1.047269 0.9951965 0.9434590 0.9144381 0.8489771 0.8781163 0.8645401 0.8269533 0.7761804 0.7907565 0.7771459 0.7509139 0.7016714 0.6794131 0.6587547 0.6406763 0.6213642 0.6011884 0.5819585 0.5624547 0.5417942 0.5207862 0.5009527 0.4806691 0.4616584
0.5124429 0.5196596 0.5246409 0.5311457 0.5402082 0.5478489 0.5549320 0.5620804 0.5697577 0.5766180 0.5855873 0.5950650 0.6054708 0.6151696 0.6261557 0.6403463 0.6500424 0.6539837 0.6648294 0.6826569 0.7093655 0.7372469 0.7841214 0.8352172 0.8573673 0.8982826 0.9504544 1.017899 1.100244 1.074975 1.072925 1.013915 0.9706677 0.9408383 0.9076435 0.8885874 0.8606819 0.7991061 0.7933545 0.7980163 0.7925389 0.7741788 0.7426229 0.7111517 0.6622152 0.6426300 0.6218783 0.5999639 0.5788013 0.5583704 0.5366254 0.5155690 0.4952604 0.4755060 0.4562043
0.5204753 0.5291533 0.5321079 0.5386405 0.5470074 0.5538794 0.5607820 0.5685233 0.5746785 0.5804267 0.5869833 0.5987895 0.6141745 0.6231407 0.6346439 0.6462244 0.6554027 0.6613261 0.6596539 0.6737202 0.6895313 0.7136756 0.7625215 0.8053503 0.8430196 0.8842258 0.9309570 0.9806603 1.031196 1.038300 1.030770 1.002291 0.9730166 0.9483473 0.9263506 0.8982719 0.8667401 0.8181437 0.7796147 0.7900452 0.7945579 0.7835463 0.7576727 0.7338240 0.7096270 0.6895274 0.6656762 0.6350073 0.5834526 0.5607041 0.5349560 0.5168405 0.4955029 0.4750899 0.4542201
0.5289401 0.5360138 0.5409135 0.5466835 0.5550056 0.5606328 0.5641508 0.5711981 0.5819304 0.5893933 0.5960326 0.6054345 0.6199486 0.6336848 0.6459503 0.6582265 0.6698663 0.6764625 0.6726573 0.6891239 0.7056345 0.7255495 0.7513319 0.7763894 0.8226447 0.8613930 0.9077477 0.9494327 0.9915320 1.010769 1.001111 0.9807122 0.9586234 0.9397062 0.9240106 0.9026211 0.8687279 0.8057836 0.7956322 0.7641470 0.7929577 0.7811487 0.7523528 0.7386714 0.7265389 0.7130733 0.6919994 0.6673005 0.6391808 0.6131219 0.5876037 0.5568769 0.5032609 0.4796242 0.4564198
0.5352730 0.5419819 0.5481541 0.5543935 0.5636964 0.5686665 0.5706455 0.5766570 0.5918429 0.6006964 0.6101407 0.6211155 0.6331202 0.6461040 0.6596646 0.6737491 0.6884545 0.7009706 0.7090930 0.7214093 0.7240498 0.7430857 0.7630197 0.7828051 0.8049239 0.8281211 0.8802589 0.9214198 0.9573143 0.9996966 0.9758961 0.9487590 0.9306080 0.9183477 0.9167187 0.9063454 0.8782772 0.8468466 0.8292440 0.8100507 0.8077849 0.7809576 0.7178790 0.7277008 0.7312868 0.7225333 0.7061981 0.6878345 0.6679047 0.6504979 0.6410266 0.5948951 0.5532925 0.5165320 0.4660711
0.5427422 0.5489868 0.5555552 0.5639144 0.5717982 0.5767813 0.5774983 0.5878904 0.6025472 0.6118773 0.6223819 0.6336303 0.6467188 0.6609355 0.6753831 0.6914667 0.7083427 0.7251691 0.7393294 0.7522865 0.7597986 0.7815014 0.7940220 0.7959392 0.8132768 0.8307461 0.8512200 0.8919889 0.9230506 0.9363934 0.9349035 0.8950174 0.8842602 0.8766500 0.9079293 0.9041924 0.8798780 0.8595971 0.8529512 0.8400135 0.8253903 0.7982689 0.7573267 0.7062133 0.7351150 0.7295355 0.7110989 0.6966677 0.6811034 0.6639754 0.6443680 0.6131626 0.5803298 0.5487193 0.5168216
0.5519245 0.5575340 0.5639363 0.5725810 0.5808640 0.5819756 0.5872901 0.6014985 0.6142082 0.6239198 0.6345692 0.6469387 0.6614025 0.6766176 0.6925849 0.7070709 0.7281812 0.7479962 0.7671655 0.7840171 0.7968279 0.8136580 0.8267647 0.8349857 0.8430715 0.8398777 0.8517308 0.8617229 0.8850372 0.8816177 0.9119033 0.9179363 0.9165469 0.9177700 0.9178833 0.9075972 0.8882560 0.8647628 0.8584025 0.8483469 0.8390895 0.8175882 0.7909515 0.7653614 0.7527292 0.7330590 0.7033399 0.6962349 0.6870591 0.6710103 0.6475001 0.6205860 0.5947548 0.5693161 0.5447314
0.5596576 0.5661489 0.5734560 0.5815812 0.5877688 0.5974428 0.6049068 0.6156209 0.6267040 0.6372104 0.6481009 0.6606593 0.6752270 0.6864311 0.7009526 0.7198054 0.7409316 0.7663131 0.7965556 0.8111124 0.8255929 0.8368713 0.8565423 0.8652048 0.8685012 0.8626159 0.8510070 0.8570642 0.8647460 0.8811740 0.9042503 0.9158373 0.9230827 0.9292784 0.9277947 0.9105934 0.8826022 0.8258904 0.8529329 0.8533348 0.8470197 0.8298952 0.8110622 0.7934183 0.7678096 0.7336118 0.6631744 0.6924502 0.6903639 0.6710019 0.6406695 0.6117178 0.5931522 0.5782143 0.5597368
0.5629512 0.5736912 0.5820716 0.5888026 0.5986896 0.6125120 0.6201904 0.6277244 0.6388828 0.6498493 0.6611096 0.6737298 0.6861713 0.6963268 0.7144648 0.7344265 0.7555552 0.7815558 0.8119707 0.8332696 0.8479230 0.8661330 0.8835142 0.8830953 0.8835530 0.8810316 0.8735090 0.8563036 0.8580828 0.8642485 0.8914967 0.9086875 0.9208753 0.9268665 0.9301112 0.9191058 0.8949623 0.8681248 0.8567947 0.8543493 0.8502322 0.8313576 0.8175323 0.8089885 0.7886336 0.7596344 0.7253428 0.7127091 0.6951767 0.6662654 0.6227257 0.5935460 0.5829870 0.5782706 0.5646104
0.5725387 0.5820337 0.5915925 0.5982524 0.6041769 0.6186291 0.6274955 0.6357231 0.6516537 0.6641606 0.6734962 0.6853911 0.6967196 0.7122023 0.7311121 0.7530749 0.7769781 0.8031929 0.8282954 0.8485473 0.8628318 0.8772472 0.8881034 0.8935509 0.8945625 0.8928137 0.8867562 0.8647130 0.8471864 0.8560571 0.8798541 0.8997390 0.9134796 0.9219937 0.9240854 0.9211802 0.9047840 0.8768790 0.8441863 0.8418642 0.8502800 0.8387914 0.8262288 0.8183848 0.8019240 0.7787688 0.7533824 0.7300204 0.7027172 0.6619157 0.5841318 0.5568930 0.5680426 0.5722387 0.5609308
