LUCAS_GEMMES_COP27/includes/subsidence/Scenario_B2/TOT_SUBSIDENCE_2030_SINCE_2018_MKD_ONLY.ASC
NCOLS                318
NROWS                364
XLLCORNER      400000.00
YLLCORNER      907000.00
CELLSIZE         1000.00
NODATA_VALUE    0.3402823E+39
[rows 120 to 143 of 364, columns 108 to 161 of 318]
2.8302431E-02 2.7752608E-02 2.7426563E-02 2.7268536E-02 2.7248845E-02 2.7475409E-02 2.7727671E-02 2.8077364E-02 2.8415143E-02 2.8758794E-02 2.9058449E-02 2.9122375E-02 2.9317014E-02 2.9228128E-02 2.9185861E-02 3.0034922E-02 3.0565366E-02 3.1201161E-02 3.2133497E-02 3.3031933E-02 3.4215145E-02 3.5534948E-02 3.6984026E-02 3.8446955E-02 3.9853178E-02 4.1118719E-02 4.2827696E-02 4.4441134E-02 4.6095029E-02 4.7667831E-02 4.9394928E-02 5.0867841E-02 5.2585483E-02 5.4501057E-02 5.6303367E-02 5.8139279E-02 5.9669197E-02 6.1402842E-02 6.2065110E-02 6.3515186E-02 6.4874902E-02 6.6680580E-02 6.8564728E-02 6.9663972E-02 7.0351437E-02 7.0643246E-02 7.1713075E-02 7.2214231E-02 7.2134152E-02 7.2070330E-02 7.2012991E-02 7.2176754E-02 7.2422922E-02 7.2791561E-02
2.9052213E-02 2.8485253E-02 2.8215252E-02 2.7986132E-02 2.7920410E-02 2.8008908E-02 2.8262183E-02 2.8517731E-02 2.8738126E-02 2.8980888E-02 2.9194236E-02 2.9477611E-02 2.9475644E-02 3.0068599E-02 3.0551247E-02 3.1067200E-02 3.1674966E-02 3.2566212E-02 3.3406891E-02 3.4515694E-02 3.5792999E-02 3.7204906E-02 3.8624674E-02 4.0052198E-02 4.1637361E-02 4.2698324E-02 4.4190213E-02 4.6106972E-02 4.7790706E-02 4.9539484E-02 5.0947741E-02 5.2730560E-02 5.4549590E-02 5.6675270E-02 5.8561534E-02 6.0154572E-02 6.1527520E-02 6.3475460E-02 6.4791828E-02 6.5253243E-02 6.6436097E-02 6.7970291E-02 7.0383981E-02 7.1176708E-02 7.1800902E-02 7.2292119E-02 7.2896019E-02 7.2889045E-02 7.2973520E-02 7.3268995E-02 7.3404357E-02 7.3761016E-02 7.4094951E-02 7.4096382E-02
2.9944666E-02 2.9269941E-02 2.8959021E-02 2.8703362E-02 2.8687090E-02 2.8668895E-02 2.8901353E-02 2.9067554E-02 2.9255889E-02 2.9456779E-02 2.9452510E-02 2.9595971E-02 3.0451775E-02 3.0972265E-02 3.1551994E-02 3.2181010E-02 3.2815985E-02 3.3689007E-02 3.4835957E-02 3.6154449E-02 3.7411131E-02 3.8633928E-02 4.0000327E-02 4.1625865E-02 4.3148458E-02 4.4455625E-02 4.5935765E-02 4.7820546E-02 4.9595319E-02 5.1394537E-02 5.3019404E-02 5.4743603E-02 5.6550279E-02 5.8357134E-02 6.0431927E-02 6.2320426E-02 6.4128488E-02 6.5580100E-02 6.6809088E-02 6.7206934E-02 7.0413083E-02 7.0162311E-02 7.2035253E-02 7.2858065E-02 7.3427305E-02 7.3984310E-02 7.4469134E-02 7.4358761E-02 7.3762953E-02 7.4064255E-02 7.4744150E-02 7.5663224E-02 7.5636253E-02 7.5148985E-02
3.0542865E-02 3.0069239E-02 2.9662915E-02 2.9563800E-02 2.9584169E-02 2.9475562E-02 2.9575296E-02 2.9768966E-02 2.9710129E-02 2.9671185E-02 3.0428812E-02 3.0959658E-02 3.1373806E-02 3.1890683E-02 3.2575741E-02 3.3275284E-02 3.4210712E-02 3.5174154E-02 3.6459081E-02 3.7663788E-02 3.8949177E-02 4.0150553E-02 4.1605607E-02 4.3278471E-02 4.4761099E-02 4.6369225E-02 4.7799386E-02 4.9728006E-02 5.1429801E-02 5.3202957E-02 5.5131212E-02 5.6906477E-02 5.8825150E-02 6.0573325E-02 6.2408373E-02 6.4951420E-02 6.6676795E-02 6.7646578E-02 6.8881124E-02 7.0255160E-02 7.1471170E-02 7.4328467E-02 7.4389547E-02 7.5708807E-02 7.6091096E-02 7.5536445E-02 7.5877279E-02 7.6049507E-02 7.5766921E-02 7.5097561E-02 7.6476008E-02 7.7059925E-02 7.6589763E-02 7.6145992E-02
3.1292960E-02 3.0793764E-02 3.0545764E-02 3.0369803E-02 3.0369848E-02 3.0468941E-02 3.0212216E-02 3.0116469E-02 3.0551463E-02 3.0908741E-02 3.1271599E-02 3.1817742E-02 3.2514431E-02 3.3092730E-02 3.3710696E-02 3.4658588E-02 3.5523184E-02 3.6861464E-02 3.8011640E-02 3.9171480E-02 4.0378466E-02 4.1923486E-02 4.3388955E-02 4.4702560E-02 4.6358988E-02 4.8040695E-02 4.9687527E-02 5.1520236E-02 5.3146571E-02 5.5186406E-02 5.7356402E-02 5.9133396E-02 6.1531320E-02 6.3146308E-02 6.5046459E-02 6.7459852E-02 6.8398580E-02 7.0218235E-02 7.1847394E-02 7.3007390E-02 7.4131295E-02 7.6655746E-02 7.5482070E-02 7.7040255E-02 7.8417748E-02 7.7787995E-02 7.8581467E-02 7.8380629E-02 7.7878192E-02 7.7841550E-02 7.8202710E-02 7.7847153E-02 7.7534154E-02 7.7264354E-02
3.2068387E-02 3.1789340E-02 3.1419449E-02 3.1154133E-02 3.1175874E-02 3.0888312E-02 3.1134389E-02 3.1319119E-02 3.1527460E-02 3.1802393E-02 3.2413483E-02 3.2884523E-02 3.3498533E-02 3.4147650E-02 3.5073712E-02 3.6028586E-02 3.7044585E-02 3.8273066E-02 3.9487079E-02 4.0669113E-02 4.2042606E-02 4.3498993E-02 4.4823200E-02 4.6360709E-02 4.8351951E-02 4.9782738E-02 5.1671408E-02 5.3457737E-02 5.5327863E-02 5.7542890E-02 5.9571669E-02 6.1321944E-02 6.3407525E-02 6.5548673E-02 6.7943037E-02 6.9865376E-02 7.1335435E-02 7.3339000E-02 7.4290410E-02 7.5709894E-02 7.6762944E-02 7.7818170E-02 7.7497855E-02 7.8252286E-02 7.9800159E-02 8.0264702E-02 8.0999777E-02 8.1076160E-02 8.0192313E-02 8.0015570E-02 7.8922033E-02 7.9181075E-02 7.8751191E-02 7.8631103E-02
3.2970063E-02 3.3848487E-02 3.2368831E-02 3.1868100E-02 3.1630807E-02 3.1947069E-02 3.2092243E-02 3.2307692E-02 3.2540083E-02 3.2937825E-02 3.3509545E-02 3.3983693E-02 3.4722283E-02 3.5725750E-02 3.6547109E-02 3.7597582E-02 3.8656101E-02 3.9836556E-02 4.1226186E-02 4.2296052E-02 4.3799296E-02 4.5234904E-02 4.6675280E-02 4.8235409E-02 4.9946420E-02 5.1815234E-02 5.3943172E-02 5.5669531E-02 5.7674974E-02 5.9755877E-02 6.2006772E-02 6.4160451E-02 6.5461084E-02 6.7984223E-02 7.0493206E-02 7.2639227E-02 7.4408904E-02 7.6180071E-02 7.7515751E-02 7.8478083E-02 7.9109266E-02 7.9971194E-02 8.0678076E-02 8.0540761E-02 8.2514614E-02 8.2863018E-02 8.3117932E-02 8.3476663E-02 8.2866743E-02 8.2369849E-02 8.1441998E-02 8.1327483E-02 8.0278024E-02 7.9993308E-02
3.3883244E-02 3.3521272E-02 3.2924652E-02 3.2986663E-02 3.2942578E-02 3.2966755E-02 3.3110298E-02 3.3345267E-02 3.3612937E-02 3.4076519E-02 3.4732342E-02 3.5416991E-02 3.6179602E-02 3.7115254E-02 3.8206980E-02 3.9233573E-02 4.0384844E-02 4.1469119E-02 4.2846903E-02 4.3933928E-02 4.5436643E-02 4.7108285E-02 4.8660435E-02 5.0339520E-02 5.3502515E-02 5.4062933E-02 5.5985987E-02 5.7862043E-02 5.8967143E-02 6.1051518E-02 6.4246923E-02 6.6883251E-02 6.9057986E-02 7.0504263E-02 7.2865680E-02 7.5189710E-02 7.7067256E-02 7.9215467E-02 7.9628676E-02 8.1556931E-02 8.2714245E-02 8.3462700E-02 8.3540916E-02 8.4501296E-02 8.4895030E-02 8.5450545E-02 8.6612746E-02 8.6592078E-02 8.6108729E-02 8.5115522E-02 8.4124506E-02 8.3591193E-02 8.2454488E-02 8.2386941E-02
3.4391880E-02 3.4333609E-02 3.4113862E-02 3.4081109E-02 3.4050584E-02 3.4083463E-02 3.4216039E-02 3.4459479E-02 3.4761094E-02 3.5328716E-02 3.6029980E-02 3.6875717E-02 3.7805721E-02 3.8828224E-02 3.9930895E-02 4.0994808E-02 4.2240478E-02 4.3513529E-02 4.4806369E-02 4.6215303E-02 4.7632150E-02 4.9121864E-02 5.0684161E-02 5.2319050E-02 5.4168269E-02 5.5828229E-02 5.7943523E-02 6.0232073E-02 6.2069491E-02 6.4405039E-02 6.7026168E-02 6.9559947E-02 7.1638137E-02 7.4238792E-02 7.5377807E-02 7.7213913E-02 7.9288036E-02 8.1428990E-02 8.2472667E-02 8.4468618E-02 8.5793585E-02 8.6691260E-02 8.6874396E-02 8.7920532E-02 8.8780344E-02 8.8768065E-02 9.0488315E-02 9.0348795E-02 8.9500904E-02 8.8392362E-02 8.7489352E-02 8.6808503E-02 8.5205048E-02 8.5381210E-02
3.5368338E-02 3.5290271E-02 3.5241239E-02 3.5302348E-02 3.5270624E-02 3.5278611E-02 3.5384469E-02 3.5621881E-02 3.5936467E-02 3.6627196E-02 3.7459508E-02 3.8398333E-02 3.9446652E-02 4.0394425E-02 4.1454904E-02 4.2917237E-02 4.4402495E-02 4.5692928E-02 4.6818443E-02 4.8232175E-02 4.9672499E-02 5.1161684E-02 5.2762322E-02 5.4553285E-02 5.6563079E-02 5.8648139E-02 6.0058951E-02 6.2945113E-02 6.4749405E-02 6.7210078E-02 6.9611102E-02 7.2057232E-02 7.4186936E-02 7.6338649E-02 7.8630507E-02 8.0413610E-02 8.1989005E-02 8.3904713E-02 8.5665762E-02 8.7133750E-02 8.8243172E-02 8.9657813E-02 9.1038391E-02 9.2046157E-02 9.3206644E-02 9.4092607E-02 9.2519641E-02 9.3633488E-02 9.3034789E-02 9.1910079E-02 9.0962768E-02 9.0233013E-02 8.9050561E-02 8.8526636E-02
3.6507651E-02 3.6452487E-02 3.6538631E-02 3.6714457E-02 3.6629580E-02 3.6556944E-02 3.6600284E-02 3.6804587E-02 3.7128337E-02 3.7983082E-02 3.8908623E-02 3.9996088E-02 4.1031070E-02 4.2149305E-02 4.3496937E-02 4.5035362E-02 4.6617091E-02 4.7992073E-02 4.9213447E-02 5.0273076E-02 5.1651090E-02 5.3487547E-02 5.4930367E-02 5.6403935E-02 5.8611274E-02 6.0995877E-02 6.2579155E-02 6.5159693E-02 6.7106336E-02 6.9711283E-02 7.2272882E-02 7.4630767E-02 7.6840177E-02 7.8889698E-02 8.1284389E-02 8.3188236E-02 8.5107610E-02 8.6390421E-02 8.8226512E-02 8.9715123E-02 9.1608092E-02 9.2985079E-02 9.4679654E-02 9.6446067E-02 9.7111419E-02 9.7383499E-02 9.6805483E-02 9.5054358E-02 9.6849918E-02 9.5847055E-02 9.3025148E-02 9.3769372E-02 9.2698932E-02 9.1260225E-02
3.7675545E-02 3.7746176E-02 3.8026497E-02 3.8324162E-02 3.8140550E-02 3.7892438E-02 3.7820555E-02 3.7989721E-02 3.8293757E-02 3.9254487E-02 4.0221035E-02 4.1338883E-02 4.3066792E-02 4.4507891E-02 4.5985021E-02 4.7276385E-02 4.8871338E-02 5.0261505E-02 5.1846474E-02 5.2557945E-02 5.4167591E-02 5.6033045E-02 5.7351887E-02 5.8597118E-02 6.1113566E-02 6.3307673E-02 6.5312564E-02 6.7478091E-02 6.9500625E-02 7.2005495E-02 7.4700937E-02 7.6650426E-02 7.9337582E-02 8.1454620E-02 8.3343491E-02 8.5495800E-02 8.6906657E-02 8.8579684E-02 9.0519607E-02 9.2549056E-02 9.4243035E-02 9.5904440E-02 9.7974092E-02 9.8783150E-02 9.9721923E-02 0.1002549 9.9711806E-02 9.9304751E-02 9.8030642E-02 9.7835511E-02 9.8499328E-02 9.7430930E-02 9.6435651E-02 9.4675988E-02
3.8931727E-02 3.9098941E-02 3.9779946E-02 4.0783428E-02 3.9607279E-02 3.9129041E-02 3.9030440E-02 3.8992442E-02 3.9402038E-02 4.0328413E-02 4.1735686E-02 4.3034941E-02 4.5154542E-02 4.6725839E-02 4.8328809E-02 4.9581893E-02 5.1216900E-02 5.2604146E-02 5.3955756E-02 5.4899529E-02 5.5827856E-02 5.7708785E-02 5.9021696E-02 6.1135471E-02 6.3487247E-02 6.5289333E-02 6.7443535E-02 6.9824100E-02 7.2188646E-02 7.4175313E-02 7.6338068E-02 7.8834683E-02 8.1813246E-02 8.3664566E-02 8.4866732E-02 8.6598873E-02 8.8317603E-02 9.0555876E-02 9.2828602E-02 9.5011607E-02 9.7007737E-02 9.8980740E-02 0.1001831 0.1011808 0.1026173 0.1035119 0.1023856 0.1012708 0.1005847 0.1007367 0.1000718 9.9333629E-02 9.9242851E-02 9.7114146E-02
4.0215455E-02 4.0384337E-02 4.0976316E-02 4.1478842E-02 4.0697478E-02 4.0250450E-02 4.0146507E-02 3.9915793E-02 4.0291689E-02 4.0726699E-02 4.2870156E-02 4.5502864E-02 4.7397666E-02 4.8874684E-02 5.0743163E-02 5.2053668E-02 5.3702503E-02 5.5034511E-02 5.6732252E-02 5.7463586E-02 5.8589861E-02 6.0223415E-02 6.1435580E-02 6.3551307E-02 6.5707177E-02 6.6997230E-02 6.9166437E-02 7.1965411E-02 7.4415863E-02 7.6473892E-02 7.8902677E-02 8.1939057E-02 8.4131986E-02 8.5486412E-02 8.6768657E-02 8.8332340E-02 9.0388209E-02 9.2568278E-02 9.4901711E-02 9.6722782E-02 9.9705279E-02 0.1009519 0.1019807 0.1035592 0.1040315 0.1046481 0.1046809 0.1032047 0.1037257 0.1023658 0.1017290 0.1018756 0.1002955 9.9580169E-02
4.1402400E-02 4.1745409E-02 4.2225696E-02 4.2362653E-02 4.2052306E-02 4.1445464E-02 4.1076139E-02 4.0669933E-02 3.4028235E+38 3.4028235E+38 3.4028235E+38 4.7558039E-02 4.9841449E-02 5.0729722E-02 5.3428203E-02 5.4688781E-02 5.6275345E-02 5.7522498E-02 5.9028968E-02 6.0382307E-02 6.1675400E-02 6.2889084E-02 6.4087301E-02 6.5804601E-02 6.7311987E-02 6.8984509E-02 7.2243914E-02 7.4528784E-02 7.6448783E-02 7.8818589E-02 8.0876574E-02 8.4167585E-02 8.5803211E-02 8.7552071E-02 8.9619547E-02 9.1314569E-02 9.3014911E-02 9.5304191E-02 9.7289249E-02 9.8855406E-02 0.1004909 0.1019367 0.1036762 0.1046607 0.1044788 0.1052750 0.1050413 0.1066082 0.1064060 0.1052703 0.1035310 0.1040319 0.1030080 0.1015361
4.2979240E-02 4.3538466E-02 4.3797821E-02 4.3920748E-02 4.3609962E-02 4.2868815E-02 4.2390667E-02 3.4028235E+38 3.4028235E+38 3.4028235E+38 3.4028235E+38 5.0387792E-02 5.2743636E-02 3.4028235E+38 5.5581950E-02 5.7618245E-02 5.8944002E-02 5.9989452E-02 6.1524004E-02 6.1730444E-02 6.3679308E-02 6.4665839E-02 6.6320032E-02 6.8310425E-02 6.9509819E-02 7.1181133E-02 7.4033529E-02 7.6194867E-02 7.8667432E-02 8.0786467E-02 8.2581982E-02 8.4872350E-02 8.7025195E-02 8.9375824E-02 9.1257676E-02 9.3063399E-02 9.4932452E-02 9.7000867E-02 9.8770216E-02 0.1001307 0.1015278 0.1034207 0.1047202 0.1055748 0.1056512 0.1054835 0.1065528 0.1076359 0.1075328 0.1065020 0.1067239 0.1054370 0.1052908 0.1039370
4.4923760E-02 4.5470513E-02 4.5871057E-02 4.6023272E-02 4.5643874E-02 4.3954603E-02 4.3170892E-02 3.4028235E+38 3.4028235E+38 3.4028235E+38 3.4028235E+38 3.4028235E+38 5.5762812E-02 3.4028235E+38 5.8790155E-02 6.0447350E-02 6.1241284E-02 6.2423602E-02 6.3477844E-02 6.3547730E-02 6.4537078E-02 6.6370353E-02 6.8813622E-02 7.0551902E-02 7.1813896E-02 7.3669270E-02 7.6009065E-02 7.8096196E-02 8.0320477E-02 8.2466468E-02 8.4068805E-02 8.6265519E-02 8.8982880E-02 9.0660810E-02 9.2267290E-02 9.4144240E-02 9.6101850E-02 9.8066181E-02 9.9442407E-02 0.1010023 0.1025432 0.1041093 0.1055180 0.1066814 0.1072137 0.1076635 0.1078914 0.1086607 0.1091327 0.1086402 0.1083147 0.1087979 0.1070094 0.1062377
4.7017701E-02 4.7691986E-02 4.8265375E-02 4.8817493E-02 4.9156837E-02 3.4028235E+38 3.4028235E+38 3.4028235E+38 3.4028235E+38 3.4028235E+38 3.4028235E+38 6.3031778E-02 6.0836434E-02 6.1620519E-02 6.2205955E-02 6.3435212E-02 6.4073414E-02 6.5322831E-02 6.5937862E-02 6.5910861E-02 6.6986993E-02 6.8632275E-02 7.0954636E-02 7.2642684E-02 7.4281678E-02 7.5638920E-02 7.8026474E-02 7.9720840E-02 8.1806421E-02 8.3239540E-02 8.5323334E-02 8.7313220E-02 8.9258358E-02 9.1673657E-02 9.3469769E-02 9.5324948E-02 9.7351804E-02 9.8771021E-02 0.1002992 0.1023821 0.1040663 0.1047733 0.1064458 0.1074625 0.1078543 0.1087069 0.1088094 0.1095160 0.1098963 0.1100699 0.1098891 0.1097754 0.1095243 0.1076632
4.9198419E-02 5.0028808E-02 5.0829649E-02 5.1641241E-02 5.2599430E-02 5.1853828E-02 5.1886477E-02 3.4028235E+38 3.4028235E+38 3.4028235E+38 6.5548673E-02 6.4960152E-02 6.4570770E-02 6.5031439E-02 6.5615758E-02 6.5816805E-02 6.6525459E-02 6.7564428E-02 6.8383783E-02 6.9173768E-02 6.9852263E-02 7.1120337E-02 7.2546855E-02 7.4206531E-02 7.6153159E-02 7.7281147E-02 7.9180166E-02 8.1430346E-02 8.3065346E-02 8.4895208E-02 8.7393612E-02 8.9217320E-02 9.0386182E-02 9.2848524E-02 9.4720960E-02 9.6733704E-02 9.7934559E-02 9.9557400E-02 0.1011928 0.1034289 0.1048478 0.1055116 0.1063205 0.1073195 0.1080850 0.1094830 0.1099569 0.1101439 0.1101705 0.1107330 0.1106086 0.1103110 0.1100870 0.1091825
5.1478162E-02 5.2348018E-02 5.3063408E-02 5.4081544E-02 5.4560781E-02 5.2955046E-02 3.4028235E+38 3.4028235E+38 3.4028235E+38 6.6484764E-02 6.6435963E-02 6.6511288E-02 6.6244096E-02 6.6323742E-02 6.7529589E-02 6.8005115E-02 6.8869188E-02 6.9663331E-02 7.0474148E-02 7.0898294E-02 7.2138339E-02 7.3663101E-02 7.4981987E-02 7.5885594E-02 7.7778488E-02 7.9344139E-02 8.0544859E-02 8.2157120E-02 8.3990350E-02 8.5944146E-02 8.8371262E-02 9.0008155E-02 9.1035187E-02 9.2838749E-02 9.5070615E-02 9.7154781E-02 9.8266080E-02 0.1007029 0.1018659 0.1039273 0.1052440 0.1062412 0.1065895 0.1074643 0.1087079 0.1091737 0.1100660 0.1103790 0.1104038 0.1108067 0.1108692 0.1104687 0.1105479 0.1098025
5.3265974E-02 5.4198734E-02 5.5192359E-02 5.6018539E-02 5.7307266E-02 5.9388101E-02 6.2652595E-02 6.3354805E-02 6.5886229E-02 6.6501766E-02 6.7693740E-02 6.7118019E-02 6.7496195E-02 6.8370670E-02 6.9093779E-02 6.9917887E-02 7.0637643E-02 7.1373612E-02 7.1676701E-02 7.2740361E-02 7.4245781E-02 7.5501919E-02 7.6770827E-02 7.7474937E-02 7.8783467E-02 8.0809355E-02 8.2193851E-02 8.3142698E-02 8.5112810E-02 8.7510392E-02 8.9152664E-02 9.0764314E-02 9.2124462E-02 9.3153715E-02 9.5401719E-02 9.6728042E-02 9.8781675E-02 0.1011856 0.1021508 0.1036268 0.1052877 0.1063399 0.1067508 0.1077754 0.1091600 0.1095013 0.1104499 0.1107489 0.1105625 0.1111633 0.1111064 0.1108217 0.1108332 0.1101334
5.5037625E-02 5.6097068E-02 5.6794837E-02 5.7994664E-02 5.9768692E-02 6.1479785E-02 6.3509636E-02 6.5217823E-02 6.6570267E-02 6.7516848E-02 6.7920461E-02 6.8388581E-02 6.9278806E-02 6.9954067E-02 7.0552915E-02 7.1523592E-02 7.2286546E-02 7.2651446E-02 7.3539540E-02 7.4209884E-02 7.5293347E-02 7.7030718E-02 7.8444049E-02 7.9583064E-02 8.0067083E-02 8.1493124E-02 8.2717553E-02 8.4170192E-02 8.5887745E-02 8.8206887E-02 8.9818493E-02 9.1340423E-02 9.2565209E-02 9.3347266E-02 9.5091447E-02 9.7302541E-02 9.9230826E-02 0.1013940 0.1026325 0.1037033 0.1053110 0.1059309 0.1069225 0.1078951 0.1089902 0.1095420 0.1107332 0.1109555 0.1107114 0.1110541 0.1112012 0.1111385 0.1108017 0.1100519
5.6685925E-02 5.7792686E-02 5.8581106E-02 6.0169235E-02 6.1491378E-02 6.2986933E-02 6.4652883E-02 6.6195577E-02 6.7408159E-02 6.8423405E-02 6.8714797E-02 6.9970801E-02 7.0600420E-02 7.1314439E-02 7.2069958E-02 7.3131740E-02 7.3837161E-02 7.4282959E-02 7.5161606E-02 7.6321587E-02 7.6753214E-02 7.8535229E-02 7.9620749E-02 8.0819800E-02 8.1794590E-02 8.2763791E-02 8.3995849E-02 8.5825816E-02 8.6576268E-02 8.8124841E-02 9.0235054E-02 9.1639116E-02 9.2713386E-02 9.3517646E-02 9.5797777E-02 9.8428994E-02 9.9601895E-02 0.1016495 0.1030107 0.1039509 0.1051264 0.1060951 0.1073125 0.1080230 0.1088924 0.1098166 0.1104131 0.1108211 0.1108461 0.1113107 0.1116447 0.1112569 0.1106320 0.1100369
5.8235437E-02 5.8972232E-02 6.0180694E-02 6.1766051E-02 6.3075222E-02 6.4452209E-02 6.5844983E-02 6.7183092E-02 6.8389371E-02 6.8898201E-02 6.9785982E-02 7.1060017E-02 7.1755186E-02 7.2600827E-02 7.3850244E-02 7.4640751E-02 7.4505672E-02 7.5425699E-02 7.6368883E-02 7.7075467E-02 7.7990726E-02 7.9067796E-02 8.0717072E-02 8.1747904E-02 8.2142711E-02 8.3368167E-02 8.4620759E-02 8.6473569E-02 8.7696582E-02 8.8359863E-02 9.0324029E-02 9.1494396E-02 9.2283338E-02 9.4409451E-02 9.7056091E-02 9.8843575E-02 9.9896833E-02 0.1014217 0.1032357 0.1041433 0.1053642 0.1065643 0.1075002 0.1082306 0.1093593 0.1100289 0.1101681 0.1107125 0.1111512 0.1114085 0.1116921 0.1112311 0.1107896 0.1100213
