LUCAS_GEMMES_COP27/includes/subsidence/Scenario_B2/TOT_SUBSIDENCE_2070_SINCE_2018_MKD_ONLY.ASC
NCOLS                318
NROWS                364
XLLCORNER      400000.00
YLLCORNER      907000.00
CELLSIZE         1000.00
NODATA_VALUE    0.3402823E+39
[rows 216 to 239 of 364, columns 55 to 109 of 318]
3.4028235E+38 3.4028235E+38 3.4028235E+38 3.4028235E+38 3.4028235E+38 3.4028235E+38 3.4028235E+38 3.4028235E+38 3.4028235E+38 3.4028235E+38 3.4028235E+38 3.4028235E+38 3.4028235E+38 3.4028235E+38 3.4028235E+38 3.4028235E+38 3.4028235E+38 3.4028235E+38 3.4028235E+38 3.4028235E+38 3.4028235E+38 3.4028235E+38 3.4028235E+38 3.4028235E+38 3.4028235E+38 3.4028235E+38 3.4028235E+38 0.3968211 0.4074224 0.4162114 0.4283786 0.4382184 0.4478741 0.4577179 0.4669955 0.4740557 0.4829579 0.4956557 0.5049938 0.5134233 0.5432464 0.5770670 0.6042370 0.6323293 0.6485816 0.6680043 0.6884700 0.7069431 0.7222539 0.7362957 0.7503483 0.7667675 0.7826962 0.7951945 0.8073087
3.4028235E+38 3.4028235E+38 3.4028235E+38 3.4028235E+38 3.4028235E+38 3.4028235E+38 3.4028235E+38 3.4028235E+38 3.4028235E+38 3.4028235E+38 3.4028235E+38 3.4028235E+38 3.4028235E+38 3.4028235E+38 3.4028235E+38 3.4028235E+38 3.4028235E+38 3.4028235E+38 3.4028235E+38 3.4028235E+38 3.4028235E+38 3.4028235E+38 3.4028235E+38 3.4028235E+38 3.4028235E+38 3.4028235E+38 3.4028235E+38 0.3988129 0.4090679 0.4196009 0.4317787 0.4420481 0.4520234 0.4617660 0.4708053 0.4789345 0.4886891 0.5010359 0.5093946 0.5179667 0.5482643 0.5830994 0.6145760 0.6515265 0.6627462 0.6824093 0.7031349 0.7200378 0.7389946 0.7532167 0.7689842 0.7846977 0.7997165 0.8122801 0.8242735
3.4028235E+38 3.4028235E+38 3.4028235E+38 3.4028235E+38 3.4028235E+38 3.4028235E+38 3.4028235E+38 3.4028235E+38 3.4028235E+38 3.4028235E+38 3.4028235E+38 3.4028235E+38 3.4028235E+38 3.4028235E+38 3.4028235E+38 3.4028235E+38 3.4028235E+38 3.4028235E+38 3.4028235E+38 3.4028235E+38 3.4028235E+38 3.4028235E+38 3.4028235E+38 3.4028235E+38 3.4028235E+38 3.4028235E+38 3.4028235E+38 0.4041730 0.4123461 0.4228032 0.4352220 0.4455283 0.4551373 0.4649839 0.4741375 0.4835099 0.4933671 0.5030868 0.5117474 0.5219955 0.5541058 0.5908092 0.6247628 0.6549091 0.6841059 0.6973835 0.7160950 0.7376394 0.7563920 0.7743105 0.7891685 0.8018807 0.8164405 0.8298781 0.8424633
3.4028235E+38 3.4028235E+38 3.4028235E+38 3.4028235E+38 3.4028235E+38 3.4028235E+38 3.4028235E+38 3.4028235E+38 3.4028235E+38 3.4028235E+38 3.4028235E+38 3.4028235E+38 3.4028235E+38 3.4028235E+38 3.4028235E+38 3.4028235E+38 3.4028235E+38 3.4028235E+38 3.4028235E+38 3.4028235E+38 3.4028235E+38 3.4028235E+38 3.4028235E+38 3.4028235E+38 3.4028235E+38 3.4028235E+38 3.4028235E+38 0.4081595 0.4186281 0.4266757 0.4372470 0.4493263 0.4589940 0.4688076 0.4782882 0.4890063 0.5002088 0.5096242 0.5175921 0.5254013 0.5596765 0.5966855 0.6321821 0.6649236 0.7031694 0.7178570 0.7353089 0.7539101 0.7758235 0.7942382 0.8099558 0.8243114 0.8377471 0.8495492 0.8624513
3.4028235E+38 3.4028235E+38 3.4028235E+38 3.4028235E+38 3.4028235E+38 3.4028235E+38 3.4028235E+38 3.4028235E+38 3.4028235E+38 3.4028235E+38 3.4028235E+38 3.4028235E+38 3.4028235E+38 3.4028235E+38 3.4028235E+38 3.4028235E+38 3.4028235E+38 3.4028235E+38 3.4028235E+38 3.4028235E+38 3.4028235E+38 3.4028235E+38 3.4028235E+38 3.4028235E+38 3.4028235E+38 3.4028235E+38 3.4028235E+38 0.4116589 0.4219522 0.4324429 0.4418803 0.4520509 0.4641848 0.4746421 0.4838009 0.4946840 0.5054802 0.5144698 0.5251788 0.5325531 0.5632350 0.6025549 0.6398182 0.6740752 0.7064040 0.7421737 0.7555947 0.7723843 0.7958199 0.8159744 0.8342848 0.8467696 0.8603127 0.8730451 0.8824860
3.4028235E+38 3.4028235E+38 3.4028235E+38 3.4028235E+38 3.4028235E+38 3.4028235E+38 3.4028235E+38 3.4028235E+38 3.4028235E+38 3.4028235E+38 3.4028235E+38 3.4028235E+38 3.4028235E+38 3.4028235E+38 3.4028235E+38 3.4028235E+38 3.4028235E+38 3.4028235E+38 3.4028235E+38 3.4028235E+38 3.4028235E+38 3.4028235E+38 3.4028235E+38 3.4028235E+38 3.4028235E+38 3.4028235E+38 3.4028235E+38 0.4154992 0.4259540 0.4372227 0.4489644 0.4577892 0.4678587 0.4804614 0.4839307 0.4998196 0.5089036 0.5183486 0.5294583 0.5423709 0.5733333 0.6105987 0.6457012 0.6817315 0.7169855 0.7473630 0.7680128 0.7892476 0.8128809 0.8352935 0.8564646 0.8703594 0.8875309 0.8967969 0.9051316
3.4028235E+38 3.4028235E+38 3.4028235E+38 3.4028235E+38 3.4028235E+38 3.4028235E+38 3.4028235E+38 3.4028235E+38 3.4028235E+38 3.4028235E+38 3.4028235E+38 3.4028235E+38 3.4028235E+38 3.4028235E+38 3.4028235E+38 3.4028235E+38 3.4028235E+38 3.4028235E+38 3.4028235E+38 3.4028235E+38 3.4028235E+38 3.4028235E+38 3.4028235E+38 3.4028235E+38 3.4028235E+38 3.4028235E+38 3.4028235E+38 0.4159144 0.4308048 0.4421470 0.4536690 0.4640130 0.4723846 0.4806654 0.4870522 0.4931952 0.5040547 0.5183644 0.5389373 0.5467345 0.5784439 0.6165172 0.6494490 0.6878998 0.7248011 0.7587079 0.8010823 0.8183057 0.8347061 0.8584508 0.8754647 0.8919877 0.9078374 0.9179987 0.9298906
3.4028235E+38 3.4028235E+38 3.4028235E+38 3.4028235E+38 3.4028235E+38 3.4028235E+38 3.4028235E+38 3.4028235E+38 3.4028235E+38 3.4028235E+38 3.4028235E+38 3.4028235E+38 3.4028235E+38 3.4028235E+38 3.4028235E+38 3.4028235E+38 3.4028235E+38 3.4028235E+38 3.4028235E+38 3.4028235E+38 3.4028235E+38 3.4028235E+38 3.4028235E+38 3.4028235E+38 3.4028235E+38 3.4028235E+38 3.4028235E+38 0.4144634 0.4299474 0.4466051 0.4577176 0.4682297 0.4776816 0.4868036 0.4969285 0.5007292 0.5130490 0.5298758 0.5424405 0.5457016 0.5755739 0.6220523 0.6554683 0.6963444 0.7352538 0.7719163 0.8070291 0.8409935 0.8588038 0.8763315 0.8958959 0.9132900 0.9246666 0.9354276 0.9499879
3.4028235E+38 3.4028235E+38 3.4028235E+38 3.4028235E+38 3.4028235E+38 3.4028235E+38 3.4028235E+38 3.4028235E+38 3.4028235E+38 3.4028235E+38 3.4028235E+38 3.4028235E+38 3.4028235E+38 3.4028235E+38 3.4028235E+38 3.4028235E+38 3.4028235E+38 3.4028235E+38 3.4028235E+38 3.4028235E+38 3.4028235E+38 3.4028235E+38 3.4028235E+38 3.4028235E+38 3.4028235E+38 3.4028235E+38 3.4028235E+38 0.4273849 0.4370998 0.4486074 0.4619032 0.4720187 0.4818391 0.4957374 0.5052068 0.5160397 0.5289788 0.5398604 0.5454873 0.5539266 0.5885345 0.6284693 0.6618711 0.7055491 0.7457768 0.7827320 0.8201156 0.8665180 0.8833007 0.8965784 0.9201906 0.9392752 0.9519929 0.9602187 0.9713041
3.4028235E+38 3.4028235E+38 3.4028235E+38 3.4028235E+38 3.4028235E+38 3.4028235E+38 3.4028235E+38 3.4028235E+38 3.4028235E+38 3.4028235E+38 3.4028235E+38 3.4028235E+38 3.4028235E+38 3.4028235E+38 3.4028235E+38 3.4028235E+38 3.4028235E+38 3.4028235E+38 3.4028235E+38 3.4028235E+38 3.4028235E+38 3.4028235E+38 3.4028235E+38 3.4028235E+38 3.4028235E+38 3.4028235E+38 3.4028235E+38 0.4294953 0.4373702 0.4540209 0.4649662 0.4765096 0.4900219 0.5023658 0.5141112 0.5233535 0.5374723 0.5483015 0.5586040 0.5690539 0.5975364 0.6336578 0.6712412 0.7126886 0.7549468 0.7934513 0.8340170 0.8739328 0.9053547 0.9196596 0.9405621 0.9626753 0.9778622 0.9875158 0.9975169
3.4028235E+38 3.4028235E+38 3.4028235E+38 3.4028235E+38 3.4028235E+38 3.4028235E+38 3.4028235E+38 3.4028235E+38 3.4028235E+38 3.4028235E+38 3.4028235E+38 3.4028235E+38 3.4028235E+38 3.4028235E+38 3.4028235E+38 3.4028235E+38 3.4028235E+38 3.4028235E+38 3.4028235E+38 3.4028235E+38 3.4028235E+38 3.4028235E+38 3.4028235E+38 3.4028235E+38 3.4028235E+38 3.4028235E+38 3.4028235E+38 0.4371423 0.4482644 0.4577456 0.4716868 0.4819304 0.4936152 0.5073449 0.5195968 0.5260249 0.5372581 0.5537819 0.5651876 0.5768026 0.6052725 0.6382625 0.6770762 0.7189414 0.7639354 0.8036312 0.8447332 0.8874786 0.9246396 0.9352670 0.9598134 0.9857054 1.005434 1.017067 1.026333
3.4028235E+38 3.4028235E+38 3.4028235E+38 3.4028235E+38 3.4028235E+38 3.4028235E+38 3.4028235E+38 3.4028235E+38 3.4028235E+38 3.4028235E+38 3.4028235E+38 3.4028235E+38 3.4028235E+38 3.4028235E+38 3.4028235E+38 3.4028235E+38 3.4028235E+38 3.4028235E+38 3.4028235E+38 3.4028235E+38 3.4028235E+38 3.4028235E+38 3.4028235E+38 3.4028235E+38 3.4028235E+38 3.4028235E+38 3.4028235E+38 0.4421157 0.4522021 0.4613739 0.4770516 0.4892284 0.4996694 0.5114961 0.5236012 0.5310563 0.5379314 0.5564331 0.5696626 0.5812178 0.6080920 0.6397983 0.6813011 0.7241684 0.7688257 0.8131521 0.8549038 0.8966161 0.9373509 0.9603282 0.9780785 1.001608 1.029111 1.048178 1.056220
3.4028235E+38 3.4028235E+38 3.4028235E+38 3.4028235E+38 3.4028235E+38 3.4028235E+38 3.4028235E+38 3.4028235E+38 3.4028235E+38 3.4028235E+38 3.4028235E+38 3.4028235E+38 3.4028235E+38 3.4028235E+38 3.4028235E+38 3.4028235E+38 3.4028235E+38 3.4028235E+38 3.4028235E+38 3.4028235E+38 3.4028235E+38 3.4028235E+38 3.4028235E+38 3.4028235E+38 3.4028235E+38 3.4028235E+38 3.4028235E+38 0.4465344 0.4587965 0.4692328 0.4826477 0.4925938 0.5075580 0.5183416 0.5279490 0.5390307 0.5526624 0.5668874 0.5755526 0.5898030 0.5993314 0.6435198 0.6859738 0.7300385 0.7757216 0.8210293 0.8640082 0.9055446 0.9511765 0.9787877 0.9952856 1.021369 1.050496 1.073725 1.084163
3.4028235E+38 3.4028235E+38 3.4028235E+38 3.4028235E+38 3.4028235E+38 3.4028235E+38 3.4028235E+38 3.4028235E+38 3.4028235E+38 3.4028235E+38 3.4028235E+38 3.4028235E+38 3.4028235E+38 3.4028235E+38 3.4028235E+38 3.4028235E+38 3.4028235E+38 3.4028235E+38 3.4028235E+38 3.4028235E+38 3.4028235E+38 3.4028235E+38 3.4028235E+38 3.4028235E+38 3.4028235E+38 3.4028235E+38 3.4028235E+38 0.4505171 0.4639024 0.4757660 0.4874111 0.4990963 0.5108193 0.5248760 0.5371762 0.5500566 0.5625338 0.5770667 0.5842556 0.5961257 0.6105237 0.6494427 0.6914302 0.7352000 0.7805114 0.8250171 0.8705828 0.9173365 0.9593292 0.9943804 1.025108 1.040164 1.069392 1.093620 1.108181
3.4028235E+38 3.4028235E+38 3.4028235E+38 3.4028235E+38 3.4028235E+38 3.4028235E+38 3.4028235E+38 3.4028235E+38 3.4028235E+38 3.4028235E+38 3.4028235E+38 3.4028235E+38 3.4028235E+38 3.4028235E+38 3.4028235E+38 3.4028235E+38 3.4028235E+38 3.4028235E+38 3.4028235E+38 3.4028235E+38 3.4028235E+38 3.4028235E+38 3.4028235E+38 3.4028235E+38 3.4028235E+38 3.4028235E+38 3.4028235E+38 0.4523604 0.4657496 0.4790636 0.4913869 0.5047965 0.5176449 0.5324104 0.5449715 0.5575049 0.5681726 0.5815128 0.5933124 0.6051683 0.6172065 0.6592988 0.6995746 0.7387197 0.7839665 0.8316391 0.8790815 0.9242880 0.9693993 1.011122 1.039448 1.063179 1.085134 1.112000 1.134470
3.4028235E+38 3.4028235E+38 3.4028235E+38 3.4028235E+38 3.4028235E+38 3.4028235E+38 3.4028235E+38 3.4028235E+38 3.4028235E+38 3.4028235E+38 3.4028235E+38 3.4028235E+38 3.4028235E+38 3.4028235E+38 3.4028235E+38 3.4028235E+38 3.4028235E+38 3.4028235E+38 3.4028235E+38 3.4028235E+38 3.4028235E+38 3.4028235E+38 3.4028235E+38 3.4028235E+38 3.4028235E+38 3.4028235E+38 3.4028235E+38 0.4573525 0.4712529 0.4868931 0.5002491 0.5130764 0.5266619 0.5398777 0.5524776 0.5649761 0.5776103 0.5899429 0.6022317 0.6145260 0.6242840 0.6624769 0.7023001 0.7428271 0.7889639 0.8378646 0.8863264 0.9336938 0.9772123 1.024075 1.051776 1.087444 1.103489 1.138107 1.153777
3.4028235E+38 3.4028235E+38 3.4028235E+38 3.4028235E+38 3.4028235E+38 3.4028235E+38 3.4028235E+38 3.4028235E+38 3.4028235E+38 3.4028235E+38 3.4028235E+38 3.4028235E+38 3.4028235E+38 3.4028235E+38 3.4028235E+38 3.4028235E+38 3.4028235E+38 3.4028235E+38 3.4028235E+38 3.4028235E+38 3.4028235E+38 3.4028235E+38 3.4028235E+38 3.4028235E+38 3.4028235E+38 3.4028235E+38 0.4498951 0.4617233 0.4746564 0.4917077 0.5062951 0.5192450 0.5323314 0.5464314 0.5584966 0.5716624 0.5842052 0.5953156 0.6054390 0.6182427 0.6297847 0.6686511 0.7059634 0.7461485 0.7949505 0.8454379 0.8922652 0.9399726 0.9906005 1.036890 1.075624 1.100873 1.128612 1.155292 1.176832
3.4028235E+38 3.4028235E+38 3.4028235E+38 3.4028235E+38 3.4028235E+38 3.4028235E+38 3.4028235E+38 3.4028235E+38 3.4028235E+38 3.4028235E+38 3.4028235E+38 3.4028235E+38 3.4028235E+38 3.4028235E+38 3.4028235E+38 3.4028235E+38 3.4028235E+38 3.4028235E+38 3.4028235E+38 3.4028235E+38 3.4028235E+38 3.4028235E+38 3.4028235E+38 3.4028235E+38 3.4028235E+38 3.4028235E+38 0.4540999 0.4676322 0.4803470 0.4959157 0.5111172 0.5241362 0.5375619 0.5513132 0.5625618 0.5757413 0.5877619 0.5977315 0.6099141 0.6241509 0.6354968 0.6713338 0.7113413 0.7542728 0.8020986 0.8481936 0.9000098 0.9464530 0.9970427 1.046142 1.089696 1.121216 1.148185 1.168941 1.205406
3.4028235E+38 3.4028235E+38 3.4028235E+38 3.4028235E+38 3.4028235E+38 3.4028235E+38 3.4028235E+38 3.4028235E+38 3.4028235E+38 3.4028235E+38 3.4028235E+38 3.4028235E+38 3.4028235E+38 3.4028235E+38 3.4028235E+38 3.4028235E+38 3.4028235E+38 3.4028235E+38 3.4028235E+38 3.4028235E+38 3.4028235E+38 3.4028235E+38 3.4028235E+38 3.4028235E+38 3.4028235E+38 3.4028235E+38 0.4592292 0.4736332 0.4872810 0.5018088 0.5169469 0.5296585 0.5401542 0.5539996 0.5689686 0.5829875 0.5937883 0.6056822 0.6203387 0.6334119 0.6446002 0.6807476 0.7210554 0.7628396 0.8112544 0.8511205 0.9030197 0.9520486 1.000951 1.051255 1.102153 1.145294 1.171037 1.194491 1.226016
3.4028235E+38 3.4028235E+38 3.4028235E+38 3.4028235E+38 3.4028235E+38 3.4028235E+38 3.4028235E+38 3.4028235E+38 3.4028235E+38 3.4028235E+38 3.4028235E+38 3.4028235E+38 3.4028235E+38 3.4028235E+38 3.4028235E+38 3.4028235E+38 3.4028235E+38 3.4028235E+38 3.4028235E+38 3.4028235E+38 3.4028235E+38 3.4028235E+38 3.4028235E+38 3.4028235E+38 3.4028235E+38 3.4028235E+38 0.4631632 0.4784889 0.4935266 0.5078251 0.5206040 0.5324442 0.5455841 0.5616000 0.5734377 0.5863293 0.6008185 0.6137153 0.6262169 0.6379902 0.6492857 0.6863481 0.7274660 0.7702843 0.8155790 0.8573974 0.9046560 0.9532129 1.006393 1.057158 1.110570 1.160444 1.197955 1.227091 1.246789
3.4028235E+38 3.4028235E+38 3.4028235E+38 3.4028235E+38 3.4028235E+38 3.4028235E+38 3.4028235E+38 3.4028235E+38 3.4028235E+38 3.4028235E+38 3.4028235E+38 3.4028235E+38 3.4028235E+38 3.4028235E+38 3.4028235E+38 3.4028235E+38 3.4028235E+38 3.4028235E+38 3.4028235E+38 3.4028235E+38 3.4028235E+38 3.4028235E+38 3.4028235E+38 3.4028235E+38 3.4028235E+38 3.4028235E+38 0.4676957 0.4827560 0.4978854 0.5085316 0.5216302 0.5367483 0.5485283 0.5630513 0.5766866 0.5917344 0.6053106 0.6192589 0.6327298 0.6433500 0.6544011 0.6911407 0.7313473 0.7785034 0.8238221 0.8683376 0.9125155 0.9628719 1.015958 1.067160 1.116429 1.169023 1.215667 1.253413 1.287399
3.4028235E+38 3.4028235E+38 3.4028235E+38 3.4028235E+38 3.4028235E+38 3.4028235E+38 3.4028235E+38 3.4028235E+38 3.4028235E+38 3.4028235E+38 3.4028235E+38 3.4028235E+38 3.4028235E+38 3.4028235E+38 3.4028235E+38 3.4028235E+38 3.4028235E+38 3.4028235E+38 3.4028235E+38 3.4028235E+38 3.4028235E+38 3.4028235E+38 3.4028235E+38 3.4028235E+38 3.4028235E+38 3.4028235E+38 0.4725513 0.4848028 0.4988030 0.5113701 0.5263040 0.5395557 0.5532450 0.5671602 0.5806924 0.5938680 0.6082478 0.6225187 0.6363754 0.6474504 0.6593912 0.6965780 0.7374389 0.7833436 0.8283358 0.8724532 0.9212846 0.9759073 1.024606 1.075572 1.124948 1.177030 1.229689 1.280899 1.345880
3.4028235E+38 3.4028235E+38 3.4028235E+38 3.4028235E+38 3.4028235E+38 3.4028235E+38 3.4028235E+38 3.4028235E+38 3.4028235E+38 3.4028235E+38 3.4028235E+38 3.4028235E+38 3.4028235E+38 3.4028235E+38 3.4028235E+38 3.4028235E+38 3.4028235E+38 3.4028235E+38 3.4028235E+38 3.4028235E+38 3.4028235E+38 3.4028235E+38 3.4028235E+38 3.4028235E+38 3.4028235E+38 3.4028235E+38 0.4754363 0.4886625 0.5048085 0.5166007 0.5284558 0.5451075 0.5610890 0.5742667 0.5873567 0.6025795 0.6166320 0.6298343 0.6423470 0.6558589 0.6694975 0.7059408 0.7456836 0.7916076 0.8367500 0.8800082 0.9275475 0.9788326 1.027981 1.080602 1.132639 1.183100 1.237462 1.288443 1.328192
3.4028235E+38 3.4028235E+38 3.4028235E+38 3.4028235E+38 3.4028235E+38 3.4028235E+38 3.4028235E+38 3.4028235E+38 3.4028235E+38 3.4028235E+38 3.4028235E+38 3.4028235E+38 3.4028235E+38 3.4028235E+38 3.4028235E+38 3.4028235E+38 3.4028235E+38 3.4028235E+38 3.4028235E+38 3.4028235E+38 3.4028235E+38 3.4028235E+38 3.4028235E+38 3.4028235E+38 3.4028235E+38 3.4028235E+38 0.4784591 0.4939644 0.5078189 0.5201091 0.5351066 0.5518990 0.5659900 0.5798494 0.5943063 0.6086243 0.6227325 0.6353065 0.6475648 0.6625048 0.6749892 0.7111688 0.7526067 0.7995326 0.8444063 0.8876250 0.9346974 0.9858010 1.034752 1.085449 1.137019 1.183882 1.235896 1.283968 1.328893
