LUCAS_GEMMES_COP27/includes/subsidence/Scenario_B2/TOT_SUBSIDENCE_2070_SINCE_2018_MKD_ONLY.ASC
NCOLS                318
NROWS                364
XLLCORNER      400000.00
YLLCORNER      907000.00
CELLSIZE         1000.00
NODATA_VALUE    0.3402823E+39
[rows 120 to 143 of 364, columns 55 to 109 of 318]
2.7957253E-02 2.8245253E-02 2.8659211E-02 2.8199054E-02 2.8392078E-02 2.9377954E-02 2.9532332E-02 3.0034963E-02 3.0434074E-02 3.1047564E-02 3.1816266E-02 3.2100834E-02 3.3888042E-02 3.4290493E-02 3.6098942E-02 3.7245490E-02 3.8907271E-02 3.9632984E-02 4.0663753E-02 4.1866168E-02 4.3121990E-02 4.4406213E-02 4.5722269E-02 4.7081307E-02 4.8399843E-02 4.9889233E-02 5.1604565E-02 5.3290207E-02 5.5059310E-02 5.6748122E-02 5.8982968E-02 6.2105462E-02 6.4999774E-02 6.8449594E-02 7.0285052E-02 7.1387187E-02 7.2896577E-02 7.3979452E-02 7.5406887E-02 3.4028235E+38 3.4028235E+38 3.4028235E+38 3.4028235E+38 3.4028235E+38 3.4028235E+38 0.2313638 0.2231039 0.1953175 0.1693906 0.1507706 0.1353708 0.1256192 0.1188335 0.1142462 0.1111969
2.8622407E-02 2.8831877E-02 2.8447624E-02 2.8610490E-02 2.9304992E-02 2.9664077E-02 2.9963551E-02 3.0613631E-02 3.0877389E-02 3.1474844E-02 3.2293655E-02 3.3249892E-02 3.3711355E-02 3.4916863E-02 3.6425784E-02 3.8131680E-02 3.9443396E-02 4.0399347E-02 4.1554235E-02 4.2790953E-02 4.4106539E-02 4.5472234E-02 4.6852034E-02 4.8259530E-02 4.9702186E-02 5.1537775E-02 5.3076692E-02 5.4826204E-02 5.6660131E-02 5.8396943E-02 6.0719248E-02 6.3777164E-02 6.6516049E-02 6.8904482E-02 7.0743158E-02 7.3078036E-02 7.5012565E-02 7.6312460E-02 7.7211097E-02 3.4028235E+38 3.4028235E+38 3.4028235E+38 3.4028235E+38 3.4028235E+38 3.4028235E+38 0.2379715 0.2526496 0.2114749 0.1783209 0.1565555 0.1409094 0.1305053 0.1232215 0.1181269 0.1149237
2.9252173E-02 2.9429901E-02 2.8962344E-02 2.9651027E-02 2.9723277E-02 2.9893111E-02 3.0084964E-02 3.0713696E-02 3.1252228E-02 3.1908419E-02 3.2667339E-02 3.3675328E-02 3.4311786E-02 3.6206964E-02 3.7237085E-02 3.8830288E-02 4.0179431E-02 4.1439634E-02 4.2532727E-02 4.3714985E-02 4.5137938E-02 4.6579808E-02 4.8005231E-02 4.9253874E-02 5.0915670E-02 5.2870560E-02 5.4652676E-02 5.6496553E-02 5.8182199E-02 6.0197007E-02 6.2971190E-02 6.5686792E-02 6.7557111E-02 7.0233896E-02 7.2707169E-02 7.5257301E-02 7.7382386E-02 7.9561532E-02 8.0510065E-02 8.2044035E-02 3.4028235E+38 3.4028235E+38 3.4028235E+38 3.4028235E+38 3.4028235E+38 3.4028235E+38 0.2861285 0.2179116 0.1810629 0.1586332 0.1435279 0.1346992 0.1269949 0.1223409 0.1187616
2.9988742E-02 2.9629728E-02 2.9584954E-02 2.9591303E-02 2.9594250E-02 2.9595116E-02 2.9764852E-02 3.0935431E-02 3.1698454E-02 3.2387517E-02 3.2969527E-02 3.3751860E-02 3.5037164E-02 3.6675055E-02 3.8198229E-02 3.9719369E-02 4.1101083E-02 4.2386454E-02 4.3453708E-02 4.4747155E-02 4.6249408E-02 4.7753863E-02 4.9268786E-02 5.0656751E-02 5.2716825E-02 5.4454055E-02 5.6267194E-02 5.8150031E-02 5.9893474E-02 6.2548906E-02 6.5072432E-02 6.7072704E-02 6.9419220E-02 7.2653338E-02 7.5197153E-02 7.8141883E-02 8.0702469E-02 8.3219334E-02 8.5156858E-02 3.4028235E+38 3.4028235E+38 3.4028235E+38 3.4028235E+38 3.4028235E+38 3.4028235E+38 3.4028235E+38 3.4028235E+38 0.1847332 0.1705947 0.1561558 0.1451590 0.1374711 0.1301086 0.1255203 0.1226249
3.0238034E-02 3.0943986E-02 3.0917574E-02 3.0604390E-02 3.0314773E-02 3.0286616E-02 3.0072179E-02 3.0712504E-02 3.1574201E-02 3.2227136E-02 3.3010736E-02 3.4218103E-02 3.5624914E-02 3.7175521E-02 3.9668716E-02 4.0079795E-02 4.1878745E-02 4.3108683E-02 4.4409510E-02 4.5852922E-02 4.7443330E-02 4.9043812E-02 5.0417028E-02 5.2263875E-02 5.4152548E-02 5.6260172E-02 5.7988245E-02 5.9767783E-02 6.1957933E-02 6.4748570E-02 6.6804953E-02 7.0502520E-02 7.2105192E-02 7.5336426E-02 7.8397706E-02 8.1587121E-02 8.4731512E-02 8.8466644E-02 9.2039034E-02 3.4028235E+38 3.4028235E+38 3.4028235E+38 3.4028235E+38 3.4028235E+38 3.4028235E+38 3.4028235E+38 3.4028235E+38 0.1679641 0.1630984 0.1533065 0.1446674 0.1391285 0.1331133 0.1292011 0.1263948
3.0776320E-02 3.1487588E-02 3.1297572E-02 3.0871386E-02 2.9817207E-02 3.0450374E-02 3.0940136E-02 3.1553417E-02 3.2404598E-02 3.2830223E-02 3.3399425E-02 3.4661621E-02 3.6546540E-02 3.8110051E-02 3.9753314E-02 4.0624574E-02 4.2078458E-02 4.3662895E-02 4.5200374E-02 4.6782285E-02 4.8483495E-02 5.0291974E-02 5.1797997E-02 5.4339133E-02 5.6123972E-02 5.7767503E-02 5.9700642E-02 6.2033717E-02 6.4762376E-02 6.7148715E-02 6.9253385E-02 7.1658157E-02 7.5246818E-02 7.8358263E-02 8.1735313E-02 8.5149005E-02 8.9374334E-02 9.4577357E-02 0.1017550 0.1113291 0.1215625 0.1313011 3.4028235E+38 3.4028235E+38 3.4028235E+38 3.4028235E+38 3.4028235E+38 0.1621776 0.1575990 0.1509244 0.1451124 0.1403760 0.1362281 0.1330828 0.1310889
3.2263704E-02 3.1912100E-02 3.1490605E-02 3.1004265E-02 3.0033795E-02 3.0424433E-02 3.1058369E-02 3.1837367E-02 3.2888420E-02 3.4325138E-02 3.3880182E-02 3.5578597E-02 3.6994025E-02 3.8561627E-02 4.0174615E-02 4.1757215E-02 4.3428052E-02 4.5081660E-02 4.6886776E-02 4.8447680E-02 5.0173096E-02 5.1695123E-02 5.3795107E-02 5.6006469E-02 5.7892658E-02 5.9684966E-02 6.1797287E-02 6.4502016E-02 6.6571519E-02 6.8825990E-02 7.1778953E-02 7.4430823E-02 7.7789351E-02 8.1500232E-02 8.4988102E-02 8.9082137E-02 9.4076820E-02 9.9952571E-02 0.1073893 0.1173709 0.1272585 0.1405516 0.1608728 0.2013696 0.2524298 3.4028235E+38 3.4028235E+38 0.1546842 0.1557583 0.1506553 0.1468046 0.1429481 0.1396219 0.1374515 0.1393627
3.3354349E-02 3.2423407E-02 3.1673115E-02 3.1031312E-02 3.0129334E-02 3.0392881E-02 3.0795205E-02 3.1757716E-02 3.2709397E-02 3.3184048E-02 3.3885323E-02 3.5701547E-02 3.7279386E-02 3.8662203E-02 4.0688843E-02 4.2402528E-02 4.4200171E-02 4.6069440E-02 4.8068095E-02 4.9929522E-02 5.1443666E-02 5.3477280E-02 5.5910431E-02 5.7689503E-02 6.0324542E-02 6.2127668E-02 6.4194717E-02 6.7314580E-02 6.9799498E-02 7.1876720E-02 7.4840561E-02 7.8005485E-02 8.1147015E-02 8.4659770E-02 8.8480592E-02 9.2931189E-02 9.7979724E-02 0.1042143 0.1114415 0.1205991 0.1308152 0.1380092 0.1496026 3.4028235E+38 0.2032190 0.1740428 0.1611565 0.1617134 0.1561747 0.1518074 0.1485818 0.1456212 0.1435688 0.1421679 0.1400328
3.3847585E-02 3.2781586E-02 3.1860288E-02 3.1230941E-02 3.0526694E-02 3.0530974E-02 3.0328603E-02 3.1407211E-02 3.2532141E-02 3.2910407E-02 3.4378674E-02 3.5903938E-02 3.7510362E-02 3.9215449E-02 4.1050591E-02 4.3132462E-02 4.5064088E-02 4.7083102E-02 4.9215272E-02 5.1315088E-02 5.2996885E-02 5.5810813E-02 5.7841431E-02 6.0066227E-02 6.2588617E-02 6.4450637E-02 6.7073256E-02 7.0385143E-02 7.2469369E-02 7.5050987E-02 7.8023404E-02 8.1057087E-02 8.4674910E-02 8.8218600E-02 9.2321739E-02 9.7079262E-02 0.1019680 0.1078527 0.1146856 0.1227870 0.1320019 0.1423949 0.1522291 0.1587848 0.1759449 0.1644661 0.1631275 0.1616219 0.1570775 0.1545628 0.1523250 0.1501494 0.1473240 0.1455553 0.1449578
3.3070967E-02 3.2672293E-02 3.2133296E-02 3.0808678E-02 3.0361528E-02 3.0298278E-02 3.0362606E-02 3.1142231E-02 3.1681418E-02 3.2659512E-02 3.4465250E-02 3.6032822E-02 3.7833124E-02 3.9773557E-02 4.1797422E-02 4.3812703E-02 4.5982119E-02 4.8180174E-02 5.0412714E-02 5.2166946E-02 5.4643955E-02 5.7161864E-02 5.9790328E-02 6.2252279E-02 6.4242929E-02 6.6833019E-02 7.0060536E-02 7.2861522E-02 7.5452700E-02 7.8596577E-02 8.1497878E-02 8.4778324E-02 8.8054895E-02 9.2013150E-02 9.6571416E-02 0.1005347 0.1060405 0.1117866 0.1185316 0.1258305 0.1334224 0.1418541 0.1497543 0.1558941 0.1644703 0.1654180 0.1643167 0.1619386 0.1589953 0.1578415 0.1567453 0.1536880 0.1519783 0.1510697 0.1504192
3.2479119E-02 3.2451779E-02 2.9997759E-02 2.8941428E-02 2.8258134E-02 2.9690584E-02 2.9854378E-02 3.0598339E-02 3.1357918E-02 3.3006229E-02 3.4377918E-02 3.6064249E-02 3.8102970E-02 3.9930329E-02 4.2320509E-02 4.4575732E-02 4.6933420E-02 4.9394716E-02 5.1790603E-02 5.3801719E-02 5.6795914E-02 5.9634075E-02 6.2537953E-02 6.4825639E-02 6.7072511E-02 7.0741907E-02 7.3650181E-02 7.6495528E-02 7.9440251E-02 8.2153529E-02 8.5435390E-02 8.8927463E-02 9.2407458E-02 9.6760496E-02 0.1008172 0.1045924 0.1103513 0.1165372 0.1221692 0.1289569 0.1361209 0.1432983 0.1497335 0.1560314 0.1617345 0.1633356 0.1635363 0.1627308 0.1624023 0.1608158 0.1593875 0.1587779 0.1581638 0.1578758 0.1570275
3.4028235E+38 3.4028235E+38 3.4028235E+38 3.4028235E+38 2.7536599E-02 2.7655330E-02 2.9457824E-02 2.9717747E-02 3.0896984E-02 3.3098664E-02 3.4687676E-02 3.6387000E-02 3.8273718E-02 4.0584460E-02 4.2940099E-02 4.5428164E-02 4.7990967E-02 5.0603345E-02 5.2716441E-02 5.5534009E-02 5.8926951E-02 6.2072698E-02 6.4946212E-02 6.7354508E-02 7.0318282E-02 7.4050553E-02 7.7476799E-02 7.9832949E-02 8.2989007E-02 8.6223781E-02 8.9878470E-02 9.3123615E-02 9.7059742E-02 0.1014326 0.1052128 0.1099472 0.1153443 0.1208416 0.1264960 0.1326977 0.1390131 0.1451085 0.1512980 0.1575610 0.1619530 0.1646229 0.1660525 0.1653423 0.1649802 0.1648953 0.1643670 0.1644394 0.1647097 0.1648257 0.1647607
3.4028235E+38 3.4028235E+38 3.4028235E+38 3.4028235E+38 2.5480503E-02 2.7124668E-02 2.7288491E-02 2.9050287E-02 3.1488165E-02 3.3062354E-02 3.4930415E-02 3.6619145E-02 3.8523290E-02 4.1058116E-02 4.3716099E-02 4.6333257E-02 4.9216509E-02 5.1977880E-02 5.4312386E-02 5.8051597E-02 6.1240833E-02 6.4409748E-02 6.6906042E-02 7.0213035E-02 7.4325964E-02 7.7960312E-02 8.0974333E-02 8.4313869E-02 8.7352470E-02 9.1110133E-02 9.4797298E-02 9.7958997E-02 0.1017442 0.1058416 0.1105135 0.1159150 0.1206854 0.1259695 0.1314815 0.1373140 0.1432351 0.1487747 0.1549692 0.1601177 0.1653728 0.1663634 0.1674437 0.1689297 0.1693116 0.1697865 0.1703216 0.1708924 0.1715557 0.1723065 0.1727752
3.4028235E+38 3.4028235E+38 3.4028235E+38 3.4028235E+38 2.6730601E-02 2.4361387E-02 2.5941879E-02 2.8292414E-02 3.0507509E-02 3.2746494E-02 3.4526370E-02 3.6553320E-02 3.8703077E-02 4.1506678E-02 4.4406366E-02 4.7407996E-02 5.0454624E-02 5.2915715E-02 5.6138117E-02 6.0100738E-02 6.3424781E-02 6.6864826E-02 6.9788739E-02 7.4179068E-02 7.8054503E-02 8.1866130E-02 8.5196882E-02 8.8961326E-02 9.2438415E-02 9.5929056E-02 9.9909037E-02 0.1035478 0.1076146 0.1114139 0.1167072 0.1222384 0.1264129 0.1319062 0.1372861 0.1428689 0.1481925 0.1534517 0.1593743 0.1645970 0.1658704 0.1693518 0.1719735 0.1734166 0.1748787 0.1760093 0.1771496 0.1782272 0.1795339 0.1802125 0.1806513
3.4028235E+38 3.4028235E+38 3.4028235E+38 3.4028235E+38 2.5681300E-02 2.4653517E-02 2.4846323E-02 2.7666286E-02 3.2237034E-02 3.1264432E-02 3.3943623E-02 3.6146719E-02 3.8482748E-02 4.1545682E-02 4.4654913E-02 4.7904164E-02 5.1353633E-02 5.4702457E-02 5.7992149E-02 6.1725993E-02 6.5207250E-02 6.8851449E-02 7.2939031E-02 7.7367790E-02 8.1404924E-02 8.5572824E-02 8.9546442E-02 9.3487628E-02 9.7623333E-02 0.1013303 0.1055492 0.1095429 0.1135861 0.1178134 0.1227511 0.1278288 0.1333934 0.1386051 0.1440966 0.1491618 0.1544042 0.1607098 0.1650747 0.1640850 0.1660005 0.1739692 0.1775709 0.1796687 0.1815660 0.1830700 0.1846223 0.1861322 0.1874930 0.1880718 0.1892055
3.4028235E+38 3.4028235E+38 3.4028235E+38 3.4028235E+38 2.6756477E-02 2.5871703E-02 2.6444560E-02 2.8412301E-02 3.1072559E-02 3.2963533E-02 3.6979079E-02 3.7344933E-02 3.8969003E-02 4.2368386E-02 4.6500955E-02 4.9956474E-02 5.3042710E-02 5.7082403E-02 6.0543895E-02 6.4965814E-02 6.8519540E-02 7.1989097E-02 7.6393567E-02 8.0578908E-02 8.5310370E-02 9.0201408E-02 9.5029235E-02 9.9206857E-02 0.1042159 0.1079916 0.1127635 0.1165832 0.1205272 0.1247455 0.1298247 0.1352760 0.1408901 0.1461909 0.1512148 0.1574914 0.1622937 0.1663572 0.1694237 0.1698401 0.1776776 0.1812695 0.1841420 0.1868119 0.1901318 0.1910662 0.1929370 0.1950431 0.1961429 0.1978876 0.2005772
3.1125713E-02 2.9722800E-02 3.0039081E-02 2.9216809E-02 2.7674275E-02 2.8618786E-02 2.8740119E-02 3.0604057E-02 3.2482028E-02 3.3945866E-02 3.7143257E-02 3.9387740E-02 4.1369125E-02 4.5143869E-02 4.7844529E-02 5.1019970E-02 5.5036820E-02 5.9508182E-02 6.4193204E-02 6.8312213E-02 7.1855545E-02 7.6204613E-02 8.1374794E-02 8.6227313E-02 9.0651974E-02 9.5499679E-02 0.1007370 0.1055814 0.1099195 0.1149304 0.1200999 0.1242132 0.1282441 0.1327575 0.1377190 0.1432346 0.1490370 0.1557226 0.1596890 0.1646706 0.1688797 0.1734997 0.1775270 0.1813938 0.1850850 0.1889813 0.1922477 0.1950859 0.1981965 0.2015842 0.2028473 0.2054427 0.2068387 0.2100079 0.2128377
3.2090195E-02 3.1038124E-02 3.0545224E-02 2.9739434E-02 3.0096419E-02 2.9567920E-02 2.9687615E-02 3.0698862E-02 3.3198927E-02 3.4962721E-02 3.8157515E-02 4.1012626E-02 4.3505713E-02 4.7722477E-02 5.1158678E-02 5.4202508E-02 5.8788490E-02 6.3482262E-02 6.7119710E-02 7.0917025E-02 7.5737432E-02 8.1212357E-02 8.6104624E-02 9.1498144E-02 9.6225306E-02 0.1012941 0.1062864 0.1115078 0.1166636 0.1222968 0.1279521 0.1324875 0.1369418 0.1428568 0.1466881 0.1519822 0.1583065 0.1625243 0.1667390 0.1718020 0.1772059 0.1819928 0.1852063 0.1904841 0.1941476 0.1977411 0.2012956 0.2043291 0.2085362 0.2110897 0.2138321 0.2161245 0.2192088 0.2235160 0.2268923
3.2147899E-02 3.1509183E-02 3.1955961E-02 3.1721190E-02 3.1038472E-02 3.1276137E-02 3.1436373E-02 3.2291308E-02 3.4362338E-02 3.6021098E-02 3.9323270E-02 4.2525984E-02 4.5256730E-02 4.9927372E-02 5.4025244E-02 5.7551865E-02 6.2491540E-02 6.6949934E-02 7.1225435E-02 7.5018026E-02 8.0809623E-02 8.6771846E-02 9.0244964E-02 9.7238980E-02 0.1025303 0.1080582 0.1131363 0.1174024 0.1236572 0.1286177 0.1359296 0.1412898 0.1463179 0.1519238 0.1567760 0.1612544 0.1654396 0.1700746 0.1762032 0.1804904 0.1848606 0.1895352 0.1949705 0.2004996 0.2041535 0.2074162 0.2114004 0.2149395 0.2190253 0.2226655 0.2245724 0.2286118 0.2340572 0.2375474 0.2419329
3.4028235E+38 3.4028235E+38 3.4028235E+38 3.4028235E+38 3.4028235E+38 3.3210713E-02 3.3238687E-02 3.3119895E-02 3.4928739E-02 3.7131704E-02 4.0106017E-02 4.4143885E-02 4.7240689E-02 5.2009922E-02 5.5809032E-02 6.0435556E-02 6.6055387E-02 7.0689648E-02 7.4542671E-02 7.9466753E-02 8.5625008E-02 9.0044864E-02 9.6422061E-02 0.1020807 0.1078348 0.1144174 0.1196516 0.1256017 0.1312508 0.1368293 0.1437584 0.1501075 0.1562480 0.1601858 0.1650883 0.1696682 0.1734744 0.1791490 0.1849664 0.1904567 0.1930393 0.1986429 0.2056639 0.2099128 0.2139705 0.2181909 0.2222685 0.2263686 0.2307684 0.2337580 0.2376378 0.2429571 0.2470331 0.2525210 0.2570454
3.4028235E+38 3.4028235E+38 3.4028235E+38 3.4028235E+38 3.4028235E+38 3.6791518E-02 3.6128432E-02 3.5673998E-02 3.6557920E-02 3.9229549E-02 4.1722119E-02 4.5922522E-02 4.9391381E-02 5.4296989E-02 5.8265958E-02 3.4028235E+38 3.4028235E+38 7.3978290E-02 7.8736462E-02 8.4927127E-02 9.0566829E-02 9.4550282E-02 9.9842414E-02 0.1070526 0.1143955 0.1205311 0.1274181 0.1322186 0.1380365 0.1457790 0.1525450 0.1587792 0.1638281 0.1669197 0.1721322 0.1769216 0.1820691 0.1881787 0.1937678 0.1984709 0.2030383 0.2103380 0.2160913 0.2206744 0.2260183 0.2296012 0.2335127 0.2382549 0.2409935 0.2449839 0.2505565 0.2551989 0.2589026 0.2641434 0.2692878
3.4028235E+38 3.4028235E+38 3.4028235E+38 3.4028235E+38 3.4028235E+38 4.2929791E-02 3.8914077E-02 3.8094044E-02 3.8054094E-02 4.0032253E-02 4.3500453E-02 4.7893345E-02 5.1590610E-02 3.4028235E+38 3.4028235E+38 3.4028235E+38 3.4028235E+38 3.4028235E+38 3.4028235E+38 3.4028235E+38 9.4912551E-02 9.9401057E-02 0.1056817 0.1135404 0.1209593 0.1270618 0.1330426 0.1393102 0.1455399 0.1524740 0.1598999 0.1652402 0.1691781 0.1731549 0.1794216 0.1854228 0.1914772 0.1972767 0.2034941 0.2078097 0.2130026 0.2203255 0.2263803 0.2302976 0.2351275 0.2401826 0.2454179 0.2494273 0.2518697 0.2575713 0.2612120 0.2659921 0.2705266 0.2756577 0.2813178
3.4028235E+38 3.4028235E+38 3.4028235E+38 3.4028235E+38 3.4028235E+38 3.9608568E-02 4.0915817E-02 4.0864430E-02 4.0916480E-02 4.1886594E-02 4.5430765E-02 4.9410596E-02 3.4028235E+38 3.4028235E+38 3.4028235E+38 3.4028235E+38 3.4028235E+38 3.4028235E+38 3.4028235E+38 3.4028235E+38 3.4028235E+38 3.4028235E+38 0.1112163 0.1178136 0.1259777 0.1327407 0.1391050 0.1457425 0.1527416 0.1584636 0.1655745 0.1714884 0.1761466 0.1812381 0.1880969 0.1942322 0.2010628 0.2070982 0.2124151 0.2179822 0.2241449 0.2297144 0.2346287 0.2394289 0.2452755 0.2517777 0.2560506 0.2576221 0.2620693 0.2686599 0.2728617 0.2768285 0.2813249 0.2863936 0.2923221
3.4028235E+38 3.4028235E+38 3.4028235E+38 3.4028235E+38 3.4028235E+38 3.4028235E+38 4.2823263E-02 4.3204051E-02 4.3989927E-02 4.4753287E-02 4.5958675E-02 3.4028235E+38 3.4028235E+38 3.4028235E+38 3.4028235E+38 3.4028235E+38 3.4028235E+38 3.4028235E+38 3.4028235E+38 3.4028235E+38 3.4028235E+38 3.4028235E+38 3.4028235E+38 0.1189455 0.1290047 0.1360029 0.1443089 0.1515917 0.1596386 0.1653902 0.1729355 0.1784057 0.1838587 0.1917074 0.1968594 0.2033816 0.2091184 0.2155543 0.2227054 0.2300729 0.2355926 0.2391456 0.2443973 0.2497642 0.2544076 0.2600723 0.2631885 0.2666884 0.2730329 0.2781925 0.2828094 0.2865751 0.2916865 0.2965545 0.3001358
