LUCAS_GEMMES_COP27/includes/subsidence/Scenario_B2/TOT_SUBSIDENCE_2020_SINCE_2018_MKD_ONLY.ASC
NCOLS                318
NROWS                364
XLLCORNER      400000.00
YLLCORNER      907000.00
CELLSIZE         1000.00
NODATA_VALUE    0.3402823E+39
[rows 176 to 197 of 364, columns 200 to 249 of 318]
2.4122298E-02 2.4189204E-02 2.4192631E-02 2.4273902E-02 2.4018735E-02 2.4155915E-02 2.4257720E-02 2.4528086E-02 2.5163382E-02 2.5321931E-02 2.5654703E-02 2.6224047E-02 2.6165694E-02 2.6735693E-02 2.6935816E-02 2.6835799E-02 2.7390599E-02 2.7564228E-02 2.7314335E-02 2.7632952E-02 2.7809769E-02 2.7911007E-02 2.7809769E-02 2.7879179E-02 2.7881503E-02 2.7585953E-02 2.7346998E-02 2.7299017E-02 2.6877642E-02 2.6604325E-02 2.6007593E-02 2.5384814E-02 2.4745271E-02 2.4166271E-02 2.3651555E-02 2.3069143E-02 2.2510543E-02 2.2058353E-02 2.1431968E-02 2.0832703E-02 2.0318985E-02 2.0215526E-02 2.0213723E-02 2.0069733E-02 2.0300910E-02 2.0464197E-02 2.0261362E-02 2.0253897E-02 2.0298690E-02 2.0459905E-02
2.4143219E-02 2.4170190E-02 2.4208754E-02 2.4216384E-02 2.3959160E-02 2.4057984E-02 2.4224609E-02 2.4618298E-02 2.5016159E-02 2.5205404E-02 2.5468647E-02 2.5714487E-02 2.6411086E-02 2.6970327E-02 2.7068734E-02 2.7310967E-02 2.7590632E-02 2.7763188E-02 2.7574420E-02 2.7511269E-02 2.7620584E-02 2.7998179E-02 2.8316170E-02 2.8322011E-02 2.8070211E-02 2.7965844E-02 2.7783990E-02 2.7576327E-02 2.7284950E-02 2.6866972E-02 2.6340008E-02 2.5942445E-02 2.5435477E-02 2.4835914E-02 2.4440169E-02 2.3761079E-02 2.3268759E-02 2.2717327E-02 2.2038773E-02 2.1281600E-02 2.0831376E-02 2.0866960E-02 2.0836949E-02 2.0768762E-02 2.0980671E-02 2.0826131E-02 2.0784900E-02 2.0791739E-02 2.0812884E-02 2.0975739E-02
2.4153441E-02 2.4184018E-02 2.4188370E-02 2.4237603E-02 2.3931593E-02 2.3989081E-02 2.4096370E-02 2.4353623E-02 2.4566293E-02 2.4766445E-02 2.5210947E-02 2.5611609E-02 2.6237190E-02 2.6817560E-02 2.7022153E-02 2.7345628E-02 2.7559817E-02 2.7750641E-02 2.7885675E-02 2.8214246E-02 2.8049499E-02 2.7952254E-02 2.8074682E-02 2.8341234E-02 2.8436542E-02 2.8521985E-02 2.8250635E-02 2.7931124E-02 2.7700275E-02 2.7275592E-02 2.6970595E-02 2.6579857E-02 2.6067138E-02 2.5634646E-02 2.5095940E-02 2.4582192E-02 2.3950219E-02 2.3340181E-02 2.2599652E-02 2.1815330E-02 2.1464884E-02 2.1390602E-02 2.1346614E-02 2.1372437E-02 2.1272391E-02 2.1413550E-02 2.1565676E-02 2.1752343E-02 2.1554336E-02 2.1751091E-02
2.4027795E-02 2.4063826E-02 2.4099827E-02 2.3965001E-02 2.3909956E-02 2.3990601E-02 2.4147362E-02 2.4098545E-02 2.4348795E-02 2.4590939E-02 2.5037050E-02 2.5445580E-02 2.6070982E-02 2.6514500E-02 2.6964188E-02 2.7246296E-02 2.7359247E-02 2.7464777E-02 2.7610749E-02 2.8146327E-02 2.8090596E-02 2.8094143E-02 2.8444022E-02 2.8163970E-02 2.8509289E-02 2.8568238E-02 2.8398961E-02 2.8177023E-02 2.8018385E-02 2.7632505E-02 2.7365595E-02 2.6966393E-02 2.6675016E-02 2.6166201E-02 2.5678843E-02 2.5166571E-02 2.4541140E-02 2.3918986E-02 2.3193002E-02 2.2551626E-02 2.2005081E-02 2.1879524E-02 2.1727040E-02 2.1547228E-02 2.1707550E-02 2.1743864E-02 2.1784022E-02 2.1749914E-02 2.2194147E-02 2.2303700E-02
2.3821563E-02 2.3954898E-02 2.3961604E-02 2.4052501E-02 2.3964405E-02 2.4101108E-02 2.3874849E-02 2.3925751E-02 2.4134696E-02 2.4366260E-02 2.4772286E-02 2.5284708E-02 2.5768489E-02 2.6189327E-02 2.6869982E-02 2.6962548E-02 2.7528316E-02 2.7828991E-02 2.7582020E-02 2.8192133E-02 2.7985513E-02 2.8523237E-02 2.8629154E-02 2.8858870E-02 2.8705448E-02 2.8783351E-02 2.8508544E-02 2.8295130E-02 2.8220594E-02 2.7982891E-02 2.7851194E-02 2.7480185E-02 2.7076185E-02 2.6693940E-02 2.6097864E-02 2.5515556E-02 2.5042862E-02 2.4484545E-02 2.3955509E-02 2.3331016E-02 2.2561148E-02 2.2287652E-02 2.2042140E-02 2.1951765E-02 2.2035688E-02 2.2101969E-02 2.1945596E-02 2.2029638E-02 2.2379622E-02 2.2867307E-02
2.3587018E-02 2.3799211E-02 2.3890734E-02 2.3979604E-02 2.4026722E-02 2.3978353E-02 2.3857117E-02 2.3909569E-02 2.3924440E-02 2.4203688E-02 2.4739504E-02 2.5250316E-02 2.5700301E-02 2.6257813E-02 2.6603818E-02 2.6824594E-02 2.7567416E-02 2.7717561E-02 2.7603507E-02 2.8143436E-02 2.8051764E-02 2.8686225E-02 2.8773278E-02 2.8925329E-02 2.8874755E-02 2.8859973E-02 2.8890371E-02 2.8562814E-02 2.8411329E-02 2.8380871E-02 2.7957201E-02 2.7810454E-02 2.7385831E-02 2.6992232E-02 2.6458621E-02 2.5910735E-02 2.5546849E-02 2.5014967E-02 2.4395958E-02 2.3841292E-02 2.3242071E-02 2.2567779E-02 2.2404969E-02 2.2355556E-02 2.2405416E-02 2.2402376E-02 2.2584707E-02 2.2868067E-02 2.3050189E-02 2.3119375E-02
2.3522884E-02 2.3806900E-02 2.3758560E-02 2.3854464E-02 2.3913980E-02 2.3982435E-02 2.4006516E-02 2.4043679E-02 2.3937523E-02 2.4341732E-02 2.4655253E-02 2.5049984E-02 2.5530845E-02 2.5985181E-02 2.6410341E-02 2.6644319E-02 2.7288705E-02 2.7694821E-02 2.7973920E-02 2.8120309E-02 2.8461397E-02 2.8895825E-02 2.8913319E-02 2.8969228E-02 2.9043466E-02 2.9131174E-02 2.9116750E-02 2.8804094E-02 2.8804243E-02 2.8659701E-02 2.8249055E-02 2.8223485E-02 2.7618885E-02 2.7350664E-02 2.6982039E-02 2.6382595E-02 2.5825649E-02 2.5406539E-02 2.4713635E-02 2.4364054E-02 2.3910537E-02 2.3395076E-02 2.2886127E-02 2.2910461E-02 2.2709832E-02 2.2912443E-02 2.2954449E-02 2.3487002E-02 2.3697123E-02 2.3526773E-02
2.3245186E-02 2.3444504E-02 2.3544312E-02 2.3650616E-02 2.3700893E-02 2.3832053E-02 2.4004072E-02 2.4095327E-02 2.4206549E-02 2.4290204E-02 2.4138987E-02 2.4722546E-02 2.5148988E-02 2.5579005E-02 2.5935858E-02 2.6294231E-02 2.6877135E-02 2.7579576E-02 2.8036952E-02 2.8280437E-02 2.8522849E-02 2.8716773E-02 2.8932899E-02 2.8992236E-02 2.9099673E-02 2.9260278E-02 2.9242337E-02 2.9131591E-02 2.9053926E-02 2.8773725E-02 2.8433502E-02 2.8120697E-02 2.7983099E-02 2.7558655E-02 2.6974648E-02 2.6655436E-02 2.6251853E-02 2.5667399E-02 2.5042564E-02 2.4492562E-02 2.4172217E-02 2.3730472E-02 2.3388132E-02 2.3063257E-02 2.2984445E-02 2.2968054E-02 2.2922292E-02 2.3278773E-02 2.3377985E-02 2.3164615E-02
2.3037970E-02 2.3219258E-02 2.3229390E-02 2.3357183E-02 2.3506701E-02 2.3823947E-02 2.3999780E-02 2.4149448E-02 2.4244368E-02 2.4291039E-02 2.4202555E-02 2.4558753E-02 2.4804085E-02 2.5203556E-02 2.5842756E-02 2.6205361E-02 2.6523888E-02 2.7457863E-02 2.7991146E-02 2.8462321E-02 2.8508693E-02 2.8797150E-02 2.8934449E-02 2.9191494E-02 2.9328287E-02 2.9393733E-02 2.9284507E-02 2.9278338E-02 2.9010683E-02 2.8742939E-02 2.8448462E-02 2.8232306E-02 2.7847707E-02 2.7521908E-02 2.7083933E-02 2.6794851E-02 2.6196122E-02 2.5837362E-02 2.5237054E-02 2.4686307E-02 2.4266049E-02 2.4140492E-02 2.3645461E-02 2.3253530E-02 2.3055181E-02 2.2942588E-02 2.2861749E-02 2.3483008E-02 2.3290321E-02 2.3396745E-02
2.2560790E-02 2.2770271E-02 2.3092538E-02 2.3208335E-02 2.3398533E-02 2.3665279E-02 2.3883671E-02 2.4072379E-02 2.4268508E-02 2.4389714E-02 2.4397671E-02 2.4305016E-02 2.4400741E-02 2.5003582E-02 2.5529325E-02 2.6035339E-02 2.6419222E-02 2.7294785E-02 2.7801424E-02 2.8059334E-02 2.8326899E-02 2.8782010E-02 2.8993458E-02 2.9258847E-02 2.9494762E-02 2.9549390E-02 2.9578298E-02 2.9378325E-02 2.8937221E-02 2.8698385E-02 2.8286725E-02 2.8264880E-02 2.7778447E-02 2.7385801E-02 2.6863456E-02 2.6578397E-02 2.6062936E-02 2.5537312E-02 2.5285840E-02 2.4932653E-02 2.4492055E-02 2.4132028E-02 2.3600742E-02 2.3097336E-02 2.2983611E-02 2.2715598E-02 2.2995412E-02 2.3400173E-02 2.3463577E-02 2.3396701E-02
2.2266030E-02 2.2456840E-02 2.2691369E-02 2.2971228E-02 2.3241654E-02 2.3554489E-02 2.3788422E-02 2.4071366E-02 2.4267793E-02 2.4404913E-02 2.4381071E-02 2.4037540E-02 2.4278522E-02 2.4833530E-02 2.5166154E-02 2.5725752E-02 2.6341051E-02 2.6948333E-02 2.7428299E-02 2.7884215E-02 2.8198481E-02 2.8609723E-02 2.8878212E-02 2.9183537E-02 2.9332817E-02 2.9505104E-02 2.9491603E-02 2.9647797E-02 2.9060900E-02 2.8712600E-02 2.8277308E-02 2.7928352E-02 2.7587563E-02 2.7251750E-02 2.6713789E-02 2.6372671E-02 2.5894612E-02 2.5562257E-02 2.5342286E-02 2.5153309E-02 2.4661422E-02 2.4280876E-02 2.3930714E-02 2.3560792E-02 2.2952735E-02 2.2976443E-02 2.3347899E-02 2.3728877E-02 2.3751527E-02 2.3955673E-02
2.1954015E-02 2.1894336E-02 2.2133082E-02 2.2545010E-02 2.2937208E-02 2.3322701E-02 2.3646295E-02 2.4001986E-02 2.4251997E-02 2.4468392E-02 2.4554282E-02 2.4373442E-02 2.4373382E-02 2.4675399E-02 2.4943382E-02 2.5370926E-02 2.5966734E-02 2.6580006E-02 2.7158231E-02 2.7511179E-02 2.7924836E-02 2.8427541E-02 2.8834611E-02 2.9166013E-02 2.9320270E-02 2.9446036E-02 2.9492468E-02 2.9536933E-02 2.9195637E-02 2.8649122E-02 2.7948260E-02 2.7511626E-02 2.7170837E-02 2.6694626E-02 2.6310533E-02 2.5950640E-02 2.5749654E-02 2.5401086E-02 2.5152683E-02 2.4894983E-02 2.4749488E-02 2.4337888E-02 2.4196535E-02 2.3986623E-02 2.3731604E-02 2.3670882E-02 2.3790613E-02 2.3975894E-02 2.4060100E-02 2.4104506E-02
2.1848798E-02 2.1812171E-02 2.1862373E-02 2.2125095E-02 2.2547305E-02 2.3016825E-02 2.3519263E-02 2.3955643E-02 2.4295062E-02 2.4612337E-02 2.4779797E-02 2.4835110E-02 2.4788439E-02 2.4685919E-02 2.4845243E-02 2.5239974E-02 2.5657505E-02 2.6112646E-02 2.6701391E-02 2.7261466E-02 2.7644575E-02 2.8155506E-02 2.8687239E-02 2.9090226E-02 2.9354811E-02 2.9390723E-02 2.9351115E-02 2.9203296E-02 2.8588474E-02 2.7986765E-02 2.7355313E-02 2.7052045E-02 2.6586533E-02 2.6377857E-02 2.6023954E-02 2.5940597E-02 2.5389344E-02 2.5116950E-02 2.4914533E-02 2.4762630E-02 2.4529517E-02 2.4517626E-02 2.4365097E-02 2.4370521E-02 2.4129137E-02 2.4083227E-02 2.4173081E-02 2.4303108E-02 2.4366915E-02 2.4548799E-02
2.1701857E-02 2.1713495E-02 2.1706417E-02 2.1983683E-02 2.2002280E-02 2.2694483E-02 2.3320600E-02 2.3875445E-02 2.4328917E-02 2.4672776E-02 2.4722844E-02 2.4981648E-02 2.5141507E-02 2.5011003E-02 2.4834752E-02 2.5091797E-02 2.5446951E-02 2.5643587E-02 2.6175112E-02 2.6819825E-02 2.7333558E-02 2.7999073E-02 2.8457671E-02 2.8877854E-02 2.9167026E-02 2.9112220E-02 2.9038429E-02 2.8357387E-02 2.7805984E-02 2.7301162E-02 2.6773810E-02 2.6323527E-02 2.6041389E-02 2.5781542E-02 2.5422513E-02 2.5212497E-02 2.5046289E-02 2.4824083E-02 2.4582297E-02 2.4618477E-02 2.4441838E-02 2.4251521E-02 2.4331152E-02 2.4373919E-02 2.4190784E-02 2.4199843E-02 2.4401665E-02 2.4428785E-02 2.4495512E-02 2.4710983E-02
2.2027045E-02 2.2236243E-02 2.2085592E-02 2.2177294E-02 2.1932468E-02 2.2219360E-02 2.2820890E-02 2.3607239E-02 2.4407536E-02 2.4802893E-02 2.4965882E-02 2.5253564E-02 2.5466025E-02 2.5401324E-02 2.5253445E-02 2.5069952E-02 2.5295675E-02 2.5409281E-02 2.5629163E-02 2.6252002E-02 2.6753992E-02 2.7443707E-02 2.7968287E-02 2.8677523E-02 2.8772533E-02 2.8372437E-02 2.7798980E-02 2.7411848E-02 2.6870757E-02 2.6617825E-02 2.6063025E-02 2.5749981E-02 2.5320768E-02 2.5178701E-02 2.4939716E-02 2.4756640E-02 2.4676353E-02 2.4369836E-02 2.4246961E-02 2.4214536E-02 2.4257034E-02 2.4083436E-02 2.4259835E-02 2.4482101E-02 2.4443448E-02 2.4522483E-02 2.4678975E-02 2.4804503E-02 2.4969220E-02 2.5119364E-02
2.2875786E-02 2.2977173E-02 2.3183540E-02 2.3096353E-02 2.3203462E-02 2.3490340E-02 2.3642689E-02 2.3757294E-02 2.4263054E-02 2.5038183E-02 2.5511354E-02 2.5720716E-02 2.5849342E-02 2.5796354E-02 2.5723010E-02 2.5230169E-02 2.5146425E-02 2.5271505E-02 2.5459915E-02 2.5616467E-02 2.5799304E-02 2.6844025E-02 2.7434945E-02 2.7881712E-02 2.7375937E-02 2.7140498E-02 2.6833475E-02 2.6395261E-02 2.6069373E-02 2.5673151E-02 2.5413185E-02 2.5111288E-02 2.4738342E-02 2.4579138E-02 2.4334520E-02 2.4136603E-02 2.4055377E-02 2.3668140E-02 2.3644015E-02 2.3623124E-02 2.3833543E-02 2.3826376E-02 2.4030238E-02 2.4289787E-02 2.4470091E-02 2.4548918E-02 2.4877638E-02 2.5094956E-02 2.5239885E-02 2.5318861E-02
2.3463130E-02 2.3654699E-02 2.3698062E-02 2.3823678E-02 2.4152189E-02 2.4432540E-02 2.4664521E-02 2.4892747E-02 2.5236189E-02 2.5772482E-02 2.5987446E-02 2.6262134E-02 2.6275456E-02 2.6260018E-02 2.5997907E-02 2.5634706E-02 2.5172114E-02 2.5242984E-02 2.5253475E-02 2.5209278E-02 2.5208324E-02 2.5638103E-02 2.6035190E-02 2.6249588E-02 2.6246101E-02 2.6188821E-02 2.5789231E-02 2.5665134E-02 2.5223315E-02 2.4970770E-02 2.4623662E-02 2.4409652E-02 2.3995131E-02 2.3763299E-02 2.3489341E-02 2.3369446E-02 2.3278534E-02 2.3117945E-02 2.3052201E-02 2.3221761E-02 2.3533672E-02 2.3679703E-02 2.3626566E-02 2.4072975E-02 2.4356365E-02 2.4708748E-02 2.5099933E-02 2.5338262E-02 2.5209397E-02 2.5343537E-02
2.4066567E-02 2.4258971E-02 2.4380147E-02 2.4541348E-02 2.4859428E-02 2.5102913E-02 2.5326550E-02 2.5581777E-02 2.6211202E-02 2.6372015E-02 2.6594818E-02 2.6914150E-02 2.6865661E-02 2.6791334E-02 2.6447654E-02 2.6092470E-02 2.5661260E-02 2.5285721E-02 2.5285453E-02 2.5103867E-02 2.5079310E-02 2.4598300E-02 2.4548858E-02 2.4755120E-02 2.4987787E-02 2.4925441E-02 2.4723679E-02 2.4666280E-02 2.4138451E-02 2.3880675E-02 2.3575351E-02 2.3340225E-02 2.3113027E-02 2.2820815E-02 2.2670478E-02 2.2394106E-02 2.2494197E-02 2.2548795E-02 2.2435993E-02 2.2758156E-02 2.3166180E-02 2.3553506E-02 2.3697123E-02 2.3934513E-02 2.4176955E-02 2.4308503E-02 2.4697125E-02 2.5033057E-02 2.5286436E-02 2.5381267E-02
2.4666727E-02 2.5016040E-02 2.5211066E-02 2.5311857E-02 2.5567740E-02 2.5903910E-02 2.5822669E-02 2.6180565E-02 2.6760101E-02 2.7002692E-02 2.7160853E-02 2.7352631E-02 2.7299851E-02 2.7392387E-02 2.6982605E-02 2.6751250E-02 2.6170224E-02 2.5857240E-02 2.5185674E-02 2.4174690E-02 2.3969769E-02 2.3790628E-02 2.3618370E-02 2.3496807E-02 2.3779541E-02 2.3689583E-02 2.3615211E-02 2.3512676E-02 2.3165479E-02 2.2831962E-02 2.2422671E-02 2.2246465E-02 2.2251204E-02 2.2175074E-02 2.1730587E-02 2.1513060E-02 2.1486878E-02 2.1900401E-02 2.2191197E-02 2.2351846E-02 2.2429481E-02 2.2570655E-02 2.3155406E-02 2.3414850E-02 2.3592308E-02 2.3945928E-02 2.4159878E-02 2.4511874E-02 2.4755567E-02 2.5199443E-02
2.5231332E-02 2.5615364E-02 2.5784016E-02 2.6064605E-02 2.6281744E-02 2.6517510E-02 2.6479721E-02 2.6968211E-02 2.7341783E-02 2.7562648E-02 2.7622938E-02 2.7711600E-02 2.7649939E-02 2.7605861E-02 2.7110457E-02 2.7028829E-02 2.6507884E-02 2.6019245E-02 2.3779482E-02 2.3490727E-02 2.3192570E-02 2.3518920E-02 2.3346961E-02 2.3162350E-02 2.3029104E-02 2.2904798E-02 2.2780046E-02 2.2401273E-02 2.1983996E-02 2.1748990E-02 2.1631300E-02 2.1590889E-02 2.1676838E-02 2.1467626E-02 2.1222323E-02 2.0809010E-02 2.1155268E-02 2.1674395E-02 2.2081643E-02 2.2369906E-02 2.2510022E-02 2.2554711E-02 2.2674575E-02 2.2740319E-02 2.3241445E-02 2.3535177E-02 2.3813322E-02 2.4197310E-02 2.4493650E-02 2.4821371E-02
2.5719166E-02 2.6140422E-02 2.6293159E-02 2.6658535E-02 2.6926219E-02 2.7204931E-02 2.7081758E-02 2.7651221E-02 2.7920455E-02 2.8151512E-02 2.8078318E-02 2.8050363E-02 2.7956486E-02 2.7723938E-02 2.7115703E-02 2.5985688E-02 2.5349140E-02 2.5327057E-02 2.4508446E-02 2.3863375E-02 2.3425490E-02 2.3238614E-02 2.2900507E-02 2.2636294E-02 2.2373542E-02 2.2212669E-02 2.1931976E-02 2.1464616E-02 2.1517441E-02 2.1352410E-02 2.1136329E-02 2.1207184E-02 2.1217808E-02 2.1137476E-02 2.0951465E-02 2.0738423E-02 2.1214738E-02 2.1662682E-02 2.2069126E-02 2.2507161E-02 2.2576630E-02 2.2792533E-02 2.2712514E-02 2.2784382E-02 2.2833034E-02 2.2965088E-02 2.3502395E-02 2.3953930E-02 2.4093181E-02 2.4621427E-02
2.6280701E-02 2.6654750E-02 2.6894540E-02 2.7258128E-02 2.7514696E-02 2.7567744E-02 2.7731895E-02 2.8204173E-02 2.8432012E-02 2.8483510E-02 2.8438330E-02 2.8521389E-02 2.8298408E-02 2.7796239E-02 2.7057499E-02 2.6396424E-02 2.5761247E-02 2.5146723E-02 2.4282277E-02 2.3928046E-02 2.3664802E-02 2.3478448E-02 2.3216948E-02 2.3026913E-02 2.2716373E-02 2.2399083E-02 2.1872908E-02 2.1142334E-02 2.1045327E-02 2.0901412E-02 2.0779386E-02 2.0821586E-02 2.0620719E-02 2.0387724E-02 2.0544648E-02 2.0870790E-02 2.1359146E-02 2.1668300E-02 2.2313520E-02 2.2531405E-02 2.2784933E-02 2.2936851E-02 2.2942141E-02 2.3107395E-02 2.3166865E-02 2.3077235E-02 2.3161560E-02 2.3243517E-02 2.2980914E-02 2.3724839E-02
