LUCAS_GEMMES_COP27/includes/subsidence/Scenario_B2/TOT_SUBSIDENCE_2020_SINCE_2018_MKD_ONLY.ASC
NCOLS                318
NROWS                364
XLLCORNER      400000.00
YLLCORNER      907000.00
CELLSIZE         1000.00
NODATA_VALUE    0.3402823E+39
[rows 154 to 175 of 364, columns 250 to 299 of 318]
1.9497842E-02 1.9432873E-02 1.9289628E-02 1.9195035E-02 1.9109830E-02 1.9216478E-02 1.9403458E-02 1.9539341E-02 1.9652233E-02 1.9804209E-02 1.9954756E-02 2.0102084E-02 2.0131156E-02 2.0123616E-02 2.0100906E-02 2.0087466E-02 2.0051450E-02 2.0001367E-02 2.0079583E-02 1.9888267E-02 1.9335046E-02 1.8741354E-02 1.8030047E-02 1.7215535E-02 1.6361967E-02 1.5450925E-02 1.4594868E-02 1.3848484E-02 1.3368130E-02 1.2877509E-02 1.2469754E-02 1.1964634E-02 1.1587739E-02 1.1156350E-02 1.0966331E-02 1.1037007E-02 1.1121348E-02 1.0839865E-02 1.0461554E-02 9.9811554E-03 9.3479156E-03 9.4005018E-03 9.2784986E-03 8.8945776E-03 8.5313097E-03 3.4028235E+38 3.4028235E+38 3.4028235E+38 3.4028235E+38 3.4028235E+38
1.9275829E-02 1.9193679E-02 1.9109577E-02 1.9021735E-02 1.8813267E-02 1.9005284E-02 1.9123212E-02 1.9136027E-02 1.9106254E-02 1.9264445E-02 1.9438386E-02 1.9585803E-02 1.9651249E-02 1.9671142E-02 1.9654959E-02 1.9654199E-02 1.9650504E-02 1.9678131E-02 1.9663870E-02 1.9927606E-02 1.9740060E-02 1.9067019E-02 1.8407628E-02 1.7523646E-02 1.6510278E-02 1.5456870E-02 1.4188647E-02 1.4015064E-02 1.3279065E-02 1.2963489E-02 1.2669176E-02 1.2284115E-02 1.1858568E-02 1.1360943E-02 1.0650843E-02 1.0949895E-02 1.1677578E-02 1.1044323E-02 1.0652378E-02 1.0214046E-02 9.5619485E-03 9.6456632E-03 9.5336437E-03 9.1552064E-03 8.7847859E-03 3.4028235E+38 3.4028235E+38 3.4028235E+38 3.4028235E+38 3.4028235E+38
1.9156501E-02 1.9046903E-02 1.9025147E-02 1.8901393E-02 1.8677711E-02 1.8783346E-02 1.8807545E-02 1.8689930E-02 1.8321827E-02 1.8612280E-02 1.8841475E-02 1.9036219E-02 1.9157842E-02 1.9179747E-02 1.9180611E-02 1.9180268E-02 1.9219667E-02 1.9224197E-02 1.9150689E-02 1.9416377E-02 1.9755721E-02 1.9584879E-02 1.8809646E-02 1.7967507E-02 1.6708985E-02 1.5483737E-02 1.4324114E-02 1.3819084E-02 1.3512507E-02 1.3213620E-02 1.2864739E-02 1.2492597E-02 1.2079537E-02 1.1614203E-02 1.1046320E-02 1.0569885E-02 1.1046633E-02 1.0982290E-02 1.0788932E-02 1.0518536E-02 1.0197684E-02 1.0023259E-02 9.7776055E-03 9.5711946E-03 3.4028235E+38 3.4028235E+38 3.4028235E+38 3.4028235E+38 3.4028235E+38 3.4028235E+38
1.9034341E-02 1.8885300E-02 1.8788517E-02 1.8650636E-02 1.8517196E-02 1.8454671E-02 1.8523186E-02 1.8437982E-02 1.8209845E-02 1.7946601E-02 1.8291846E-02 1.8506587E-02 1.8627942E-02 1.8661797E-02 1.8688232E-02 1.8709421E-02 1.8699855E-02 1.8706352E-02 1.8766448E-02 1.8954769E-02 1.9141883E-02 1.9620940E-02 1.9490942E-02 1.8648803E-02 1.7257571E-02 1.4716581E-02 1.4464885E-02 1.3978481E-02 1.3681605E-02 1.3382092E-02 1.3012126E-02 1.2657434E-02 1.2257800E-02 1.1822194E-02 1.1350170E-02 1.0928467E-02 1.0904878E-02 1.0964841E-02 1.0908574E-02 1.0746345E-02 1.0457776E-02 1.0273509E-02 1.0101691E-02 3.4028235E+38 3.4028235E+38 3.4028235E+38 3.4028235E+38 3.4028235E+38 3.4028235E+38 3.4028235E+38
1.8920809E-02 1.8719718E-02 1.8571809E-02 1.8434614E-02 1.8325031E-02 1.8259034E-02 1.8315166E-02 1.8242210E-02 1.8074036E-02 1.7901480E-02 1.7877430E-02 1.7976955E-02 1.8063411E-02 1.8104032E-02 1.8105760E-02 1.8114343E-02 1.8095985E-02 1.8079460E-02 1.8158168E-02 1.8253461E-02 1.8410087E-02 1.8617377E-02 1.9555464E-02 1.9486129E-02 1.9406810E-02 1.4873594E-02 1.4432862E-02 1.4155343E-02 1.3825044E-02 1.3523117E-02 1.3153523E-02 1.2785107E-02 1.2371883E-02 1.1915728E-02 1.1389837E-02 1.0702237E-02 1.0558099E-02 1.0937914E-02 1.1007845E-02 1.0821700E-02 1.0674939E-02 1.0545939E-02 3.4028235E+38 3.4028235E+38 3.4028235E+38 3.4028235E+38 3.4028235E+38 3.4028235E+38 3.4028235E+38 3.4028235E+38
1.8750593E-02 1.8546879E-02 1.8396452E-02 1.8290505E-02 1.8156901E-02 1.8156111E-02 1.8131390E-02 1.8041372E-02 1.7866328E-02 1.7620414E-02 1.7248437E-02 1.7379224E-02 1.7474279E-02 1.7501667E-02 1.7363220E-02 1.7324179E-02 1.7370179E-02 1.7380595E-02 1.7369390E-02 1.7353237E-02 1.7384678E-02 1.7438143E-02 1.7443880E-02 1.7265275E-02 1.5389219E-02 1.5010223E-02 1.4599681E-02 1.4232814E-02 1.3930291E-02 1.3628528E-02 1.3268396E-02 1.2877822E-02 1.2423128E-02 1.1925876E-02 3.4028235E+38 1.0803282E-02 1.0982022E-02 1.0988131E-02 1.1019871E-02 1.0978118E-02 1.0900527E-02 3.4028235E+38 3.4028235E+38 3.4028235E+38 3.4028235E+38 3.4028235E+38 3.4028235E+38 3.4028235E+38 3.4028235E+38 3.4028235E+38
1.8540457E-02 1.8362299E-02 1.8229917E-02 1.8147334E-02 1.7995745E-02 1.7992452E-02 1.7939582E-02 1.7823666E-02 1.7647400E-02 1.7401278E-02 1.7078280E-02 1.6767696E-02 1.6866609E-02 1.6909510E-02 1.6770631E-02 1.6730189E-02 1.6714841E-02 1.6619816E-02 1.6486526E-02 1.6380206E-02 1.6297400E-02 1.6206518E-02 1.5349343E-02 1.5570790E-02 1.6329378E-02 1.5265405E-02 1.4692083E-02 1.4327273E-02 1.4018863E-02 1.3710126E-02 1.3362095E-02 1.2955427E-02 1.2449235E-02 1.1870608E-02 3.4028235E+38 3.4028235E+38 3.4028235E+38 1.1228234E-02 3.4028235E+38 3.4028235E+38 3.4028235E+38 3.4028235E+38 3.4028235E+38 3.4028235E+38 3.4028235E+38 3.4028235E+38 3.4028235E+38 3.4028235E+38 3.4028235E+38 3.4028235E+38
1.8341228E-02 1.8230513E-02 1.8091381E-02 1.8007398E-02 1.7833799E-02 1.7803133E-02 1.7717913E-02 1.7589286E-02 1.7397910E-02 1.7156288E-02 1.6833991E-02 1.6450614E-02 1.6294643E-02 1.6296372E-02 1.6160607E-02 1.6014665E-02 1.5874133E-02 1.5784159E-02 1.5643373E-02 1.5160292E-02 1.5181005E-02 1.5190706E-02 1.5260965E-02 1.5208378E-02 1.5251204E-02 1.4948830E-02 1.4637366E-02 1.4350116E-02 1.4083102E-02 1.3780981E-02 1.3454795E-02 1.3043761E-02 1.2470663E-02 1.1530966E-02 1.1262745E-02 3.4028235E+38 3.4028235E+38 3.4028235E+38 3.4028235E+38 3.4028235E+38 3.4028235E+38 3.4028235E+38 3.4028235E+38 3.4028235E+38 3.4028235E+38 3.4028235E+38 3.4028235E+38 3.4028235E+38 3.4028235E+38 3.4028235E+38
1.8219888E-02 1.8107876E-02 1.8036589E-02 1.8113211E-02 1.7683640E-02 1.7591104E-02 1.7483532E-02 1.7334685E-02 1.7116740E-02 1.6886160E-02 1.6601026E-02 1.6255945E-02 1.5926003E-02 1.5678495E-02 1.5428960E-02 1.5200317E-02 1.4999524E-02 1.4821738E-02 1.4863312E-02 1.4954090E-02 1.4914438E-02 1.4902040E-02 1.4878392E-02 1.4850169E-02 1.4770761E-02 1.4675096E-02 1.4519423E-02 1.4307633E-02 1.4101937E-02 1.3855755E-02 1.3563856E-02 1.3207108E-02 1.2746185E-02 1.2138367E-02 1.1478066E-02 3.4028235E+38 3.4028235E+38 3.4028235E+38 3.4028235E+38 3.4028235E+38 3.4028235E+38 3.4028235E+38 3.4028235E+38 3.4028235E+38 3.4028235E+38 3.4028235E+38 3.4028235E+38 3.4028235E+38 3.4028235E+38 3.4028235E+38
1.8052459E-02 1.7926604E-02 1.7783254E-02 1.7608866E-02 1.7415836E-02 1.7361820E-02 1.7244309E-02 1.7068118E-02 1.6828254E-02 1.6604871E-02 1.6345859E-02 1.6016528E-02 1.5618876E-02 1.5354529E-02 1.4929682E-02 1.4800236E-02 1.4673725E-02 1.4527902E-02 1.4312997E-02 1.4498487E-02 1.4574364E-02 1.4557749E-02 1.4537558E-02 1.4515370E-02 1.4462665E-02 1.4464974E-02 1.4305025E-02 1.4271870E-02 1.4120966E-02 1.3920426E-02 1.3684437E-02 1.3402700E-02 1.3065010E-02 1.2676314E-02 1.2351409E-02 3.4028235E+38 3.4028235E+38 3.4028235E+38 3.4028235E+38 3.4028235E+38 3.4028235E+38 3.4028235E+38 3.4028235E+38 3.4028235E+38 3.4028235E+38 3.4028235E+38 3.4028235E+38 3.4028235E+38 3.4028235E+38 3.4028235E+38
1.7865345E-02 1.7702281E-02 1.7509803E-02 1.7319515E-02 1.7201096E-02 1.7111331E-02 1.6948581E-02 1.6731888E-02 1.6490042E-02 1.6269118E-02 1.6047716E-02 1.5830383E-02 1.5443042E-02 1.5281305E-02 1.5035748E-02 1.4830142E-02 1.4647231E-02 1.4378935E-02 1.4165923E-02 1.4060304E-02 1.4189467E-02 1.4168531E-02 1.4174059E-02 1.4190599E-02 1.4205724E-02 1.4291480E-02 1.4149979E-02 1.4169857E-02 1.4125019E-02 1.3974294E-02 1.3795644E-02 1.3583854E-02 1.3325363E-02 1.3079658E-02 3.4028235E+38 3.4028235E+38 3.4028235E+38 3.4028235E+38 3.4028235E+38 3.4028235E+38 3.4028235E+38 3.4028235E+38 3.4028235E+38 3.4028235E+38 3.4028235E+38 3.4028235E+38 3.4028235E+38 3.4028235E+38 3.4028235E+38 3.4028235E+38
1.7672986E-02 1.7456889E-02 1.7259791E-02 1.7052457E-02 1.6948789E-02 1.6810581E-02 1.6622469E-02 1.6347572E-02 1.6130164E-02 1.5807435E-02 1.5697539E-02 1.5659168E-02 1.5602782E-02 1.5479863E-02 1.5272260E-02 1.5042827E-02 1.4696836E-02 1.4409125E-02 1.4197171E-02 1.4061257E-02 1.3860986E-02 1.3665587E-02 1.3785303E-02 1.3782367E-02 1.3969824E-02 1.4124319E-02 1.4127865E-02 1.4177591E-02 1.4125839E-02 1.4010057E-02 1.3880223E-02 1.3723165E-02 3.4028235E+38 3.4028235E+38 3.4028235E+38 3.4028235E+38 3.4028235E+38 3.4028235E+38 3.4028235E+38 3.4028235E+38 3.4028235E+38 3.4028235E+38 3.4028235E+38 3.4028235E+38 3.4028235E+38 3.4028235E+38 3.4028235E+38 3.4028235E+38 3.4028235E+38 3.4028235E+38
1.7539918E-02 1.7287120E-02 1.7083243E-02 1.6871110E-02 1.6714513E-02 1.6535878E-02 1.6326278E-02 1.6035736E-02 1.6026720E-02 1.5959397E-02 1.5832216E-02 1.5651494E-02 1.5693247E-02 1.5649840E-02 1.5499011E-02 1.5308768E-02 1.5069902E-02 1.4755249E-02 1.4597818E-02 1.4392361E-02 1.3897315E-02 1.3629660E-02 1.3405338E-02 3.4028235E+38 1.3859510E-02 1.4015958E-02 1.4090464E-02 1.4119416E-02 1.4083937E-02 1.4017239E-02 1.3928205E-02 1.3816774E-02 3.4028235E+38 3.4028235E+38 3.4028235E+38 3.4028235E+38 3.4028235E+38 3.4028235E+38 3.4028235E+38 3.4028235E+38 3.4028235E+38 3.4028235E+38 3.4028235E+38 3.4028235E+38 3.4028235E+38 3.4028235E+38 3.4028235E+38 3.4028235E+38 3.4028235E+38 3.4028235E+38
1.7425582E-02 1.7184734E-02 1.7024755E-02 1.6828984E-02 1.6471654E-02 1.6287163E-02 1.6206011E-02 1.6205952E-02 1.6225770E-02 1.6120136E-02 1.5956834E-02 1.5737653E-02 1.5816629E-02 1.5802026E-02 1.5701875E-02 1.5545368E-02 1.5354007E-02 1.5045986E-02 1.4953181E-02 1.4875755E-02 1.4377400E-02 1.4073059E-02 3.4028235E+38 3.4028235E+38 3.4028235E+38 3.4028235E+38 1.3853475E-02 1.4006436E-02 1.4008000E-02 1.3982907E-02 1.3935372E-02 3.4028235E+38 3.4028235E+38 3.4028235E+38 3.4028235E+38 3.4028235E+38 3.4028235E+38 3.4028235E+38 3.4028235E+38 3.4028235E+38 3.4028235E+38 3.4028235E+38 3.4028235E+38 3.4028235E+38 3.4028235E+38 3.4028235E+38 3.4028235E+38 3.4028235E+38 3.4028235E+38 3.4028235E+38
1.7370194E-02 1.7199099E-02 1.6923785E-02 1.6789153E-02 1.6532183E-02 1.6488582E-02 1.6517773E-02 1.6509399E-02 1.6434848E-02 1.6302422E-02 1.6102806E-02 1.5857041E-02 1.5953869E-02 1.5964121E-02 1.5884995E-02 1.5742287E-02 1.5586630E-02 1.5386134E-02 1.5195906E-02 1.4987200E-02 1.4710963E-02 1.4540285E-02 1.3970673E-02 1.3212278E-02 3.4028235E+38 3.4028235E+38 3.4028235E+38 3.4028235E+38 3.4028235E+38 3.4028235E+38 3.4028235E+38 3.4028235E+38 3.4028235E+38 3.4028235E+38 3.4028235E+38 3.4028235E+38 3.4028235E+38 3.4028235E+38 3.4028235E+38 3.4028235E+38 3.4028235E+38 3.4028235E+38 3.4028235E+38 3.4028235E+38 3.4028235E+38 3.4028235E+38 3.4028235E+38 3.4028235E+38 3.4028235E+38 3.4028235E+38
1.7266601E-02 1.7188683E-02 1.7095104E-02 1.7087847E-02 1.6863406E-02 1.6880333E-02 1.6845986E-02 1.6781479E-02 1.6653612E-02 1.6469851E-02 1.6217425E-02 1.5991345E-02 1.6100258E-02 1.6123727E-02 1.6051039E-02 1.5918359E-02 1.5772656E-02 1.5593380E-02 1.5384689E-02 1.5154734E-02 1.4928401E-02 1.4715359E-02 1.4412254E-02 1.3787001E-02 3.4028235E+38 3.4028235E+38 3.4028235E+38 3.4028235E+38 3.4028235E+38 3.4028235E+38 3.4028235E+38 3.4028235E+38 3.4028235E+38 3.4028235E+38 3.4028235E+38 3.4028235E+38 3.4028235E+38 3.4028235E+38 3.4028235E+38 3.4028235E+38 3.4028235E+38 3.4028235E+38 3.4028235E+38 3.4028235E+38 3.4028235E+38 3.4028235E+38 3.4028235E+38 3.4028235E+38 3.4028235E+38 3.4028235E+38
1.7634049E-02 1.7629996E-02 1.7558202E-02 1.7462581E-02 1.7350525E-02 1.7288402E-02 1.7191842E-02 1.7064527E-02 1.6887590E-02 1.6626030E-02 1.6270876E-02 1.6121626E-02 1.6255394E-02 1.6285494E-02 1.6206279E-02 1.6072482E-02 1.5925080E-02 1.5742153E-02 1.5537545E-02 1.5321955E-02 1.5133232E-02 1.5009388E-02 1.4552519E-02 1.4092669E-02 1.4016941E-02 1.3798475E-02 1.3240069E-02 1.3159692E-02 3.4028235E+38 3.4028235E+38 3.4028235E+38 3.4028235E+38 3.4028235E+38 3.4028235E+38 3.4028235E+38 3.4028235E+38 3.4028235E+38 3.4028235E+38 3.4028235E+38 3.4028235E+38 3.4028235E+38 3.4028235E+38 3.4028235E+38 3.4028235E+38 3.4028235E+38 3.4028235E+38 3.4028235E+38 3.4028235E+38 3.4028235E+38 3.4028235E+38
1.8022358E-02 1.8083990E-02 1.8005475E-02 1.7897710E-02 1.7775804E-02 1.7664060E-02 1.7528921E-02 1.7338425E-02 1.7138496E-02 1.6842991E-02 1.6435042E-02 1.6462639E-02 1.6502097E-02 1.6473547E-02 1.6376331E-02 1.6223565E-02 1.6059577E-02 1.5865639E-02 1.5661895E-02 1.5451834E-02 1.5254885E-02 1.5071511E-02 1.4672041E-02 1.4452517E-02 1.4285967E-02 1.4050946E-02 1.3683036E-02 1.3250545E-02 1.3155743E-02 1.3078272E-02 3.4028235E+38 3.4028235E+38 3.4028235E+38 3.4028235E+38 3.4028235E+38 3.4028235E+38 3.4028235E+38 3.4028235E+38 3.4028235E+38 3.4028235E+38 3.4028235E+38 3.4028235E+38 3.4028235E+38 3.4028235E+38 3.4028235E+38 3.4028235E+38 3.4028235E+38 3.4028235E+38 3.4028235E+38 3.4028235E+38
1.8590733E-02 1.8574476E-02 1.8477499E-02 1.8348530E-02 1.8205732E-02 1.8036708E-02 1.7845243E-02 1.7629862E-02 1.7393619E-02 1.7086908E-02 1.6682908E-02 1.6747162E-02 1.6727582E-02 1.6637534E-02 1.6536400E-02 1.6394377E-02 1.6163856E-02 1.5953928E-02 1.5744150E-02 1.5545264E-02 1.5395522E-02 1.5300676E-02 1.4713734E-02 1.4663100E-02 1.4498293E-02 1.4339402E-02 1.4099121E-02 1.3764799E-02 1.3307035E-02 1.3165891E-02 1.3067350E-02 3.4028235E+38 3.4028235E+38 3.4028235E+38 3.4028235E+38 3.4028235E+38 3.4028235E+38 3.4028235E+38 3.4028235E+38 3.4028235E+38 3.4028235E+38 3.4028235E+38 3.4028235E+38 3.4028235E+38 3.4028235E+38 3.4028235E+38 3.4028235E+38 3.4028235E+38 3.4028235E+38 3.4028235E+38
1.9126236E-02 1.9036323E-02 1.8933281E-02 1.8813848E-02 1.8647641E-02 1.8439874E-02 1.8195152E-02 1.7917231E-02 1.7673671E-02 1.7413452E-02 1.7159358E-02 1.7040223E-02 1.6919181E-02 1.6785726E-02 1.6651809E-02 1.6619444E-02 1.6226172E-02 1.5985683E-02 1.5788168E-02 1.5590608E-02 1.5469074E-02 1.5488833E-02 1.4776409E-02 1.4917716E-02 1.4743000E-02 1.4647990E-02 1.4497608E-02 1.4290646E-02 1.3980672E-02 1.3683155E-02 1.3311014E-02 1.3303697E-02 3.4028235E+38 3.4028235E+38 3.4028235E+38 3.4028235E+38 3.4028235E+38 3.4028235E+38 3.4028235E+38 3.4028235E+38 3.4028235E+38 3.4028235E+38 3.4028235E+38 3.4028235E+38 3.4028235E+38 3.4028235E+38 3.4028235E+38 3.4028235E+38 3.4028235E+38 3.4028235E+38
1.9569591E-02 1.9496843E-02 1.9398272E-02 1.9278139E-02 1.9059286E-02 1.8805310E-02 1.8528223E-02 1.8284574E-02 1.7932251E-02 1.7610222E-02 1.7440528E-02 1.7266586E-02 1.7071873E-02 1.6854480E-02 1.6613632E-02 1.6381726E-02 1.6127452E-02 1.5924200E-02 1.5743360E-02 1.5570521E-02 1.5373543E-02 1.5127972E-02 1.4681637E-02 1.4855117E-02 1.4922187E-02 1.4926255E-02 1.4870837E-02 1.4762595E-02 1.4570013E-02 1.4284477E-02 1.4106855E-02 1.3976961E-02 1.4067203E-02 3.4028235E+38 3.4028235E+38 3.4028235E+38 3.4028235E+38 3.4028235E+38 3.4028235E+38 3.4028235E+38 3.4028235E+38 3.4028235E+38 3.4028235E+38 3.4028235E+38 3.4028235E+38 3.4028235E+38 3.4028235E+38 3.4028235E+38 3.4028235E+38 3.4028235E+38
1.9992262E-02 1.9928992E-02 1.9860595E-02 1.9763365E-02 1.9561023E-02 1.9218177E-02 1.8878356E-02 1.8560514E-02 1.8146455E-02 1.7741695E-02 1.7619282E-02 1.7444834E-02 1.7187253E-02 1.6877532E-02 1.6510606E-02 1.6143277E-02 1.5958846E-02 1.5808865E-02 1.5649348E-02 1.5469149E-02 1.5263587E-02 1.5014440E-02 1.4663115E-02 1.4921516E-02 1.5094250E-02 1.5193462E-02 1.5220031E-02 1.5180409E-02 1.5073508E-02 1.4841601E-02 1.4672622E-02 1.4449403E-02 1.4394194E-02 1.4358997E-02 3.4028235E+38 3.4028235E+38 3.4028235E+38 3.4028235E+38 3.4028235E+38 3.4028235E+38 3.4028235E+38 3.4028235E+38 3.4028235E+38 3.4028235E+38 3.4028235E+38 3.4028235E+38 3.4028235E+38 3.4028235E+38 3.4028235E+38 3.4028235E+38
