LUCAS_GEMMES_COP27/includes/subsidence/Scenario_B2/TOT_SUBSIDENCE_2080_SINCE_2018_MKD_ONLY.ASC
NCOLS                318
NROWS                364
XLLCORNER      400000.00
YLLCORNER      907000.00
CELLSIZE         1000.00
NODATA_VALUE    0.3402823E+39
[rows 72 to 95 of 364, columns 110 to 164 of 318]
5.5929706E-02 5.6492016E-02 5.7071105E-02 5.7688892E-02 5.8451649E-02 5.9211809E-02 6.0361095E-02 6.1471019E-02 6.6633709E-02 7.1117766E-02 7.0749491E-02 6.8084687E-02 7.6514482E-02 7.7841185E-02 7.3079616E-02 7.3576517E-02 7.5659871E-02 7.7628061E-02 7.9971991E-02 8.2857549E-02 8.5532613E-02 8.8630788E-02 9.1789305E-02 9.5085807E-02 9.8505199E-02 0.1025220 0.1055407 0.1092222 0.1133364 0.1169300 0.1206537 0.1247602 0.1286237 0.1329797 0.1381868 0.1436320 0.1484525 0.1529299 0.1582448 0.1636618 0.1694098 0.1756280 0.1830233 0.1876092 0.1942815 0.2015167 0.2083324 0.2143525 0.2214878 0.2277962 0.2346035 0.2396044 0.2440346 0.2478050 0.2539524
5.5374347E-02 5.5998027E-02 5.6604568E-02 5.7037082E-02 5.7820536E-02 5.8696270E-02 5.9935432E-02 6.1009288E-02 6.2988460E-02 6.4897902E-02 6.6694856E-02 7.4877113E-02 8.4745981E-02 7.9148017E-02 7.9284184E-02 7.4051425E-02 7.5534150E-02 7.7363566E-02 7.9977915E-02 8.2874812E-02 8.5974097E-02 8.8215604E-02 9.1823831E-02 9.5162913E-02 9.8319978E-02 0.1017165 0.1053444 0.1095390 0.1142292 0.1184725 0.1224155 0.1265467 0.1315577 0.1348967 0.1406017 0.1458416 0.1507721 0.1555263 0.1622181 0.1688372 0.1742298 0.1792631 0.1859675 0.1924407 0.2002906 0.2075817 0.2134144 0.2201742 0.2274816 0.2321818 0.2394731 0.2354231 0.2471084 0.2504629 0.2576121
5.4777745E-02 5.5185739E-02 5.5870317E-02 5.6524601E-02 5.7630099E-02 5.8464788E-02 5.9280928E-02 6.1757460E-02 6.2666416E-02 7.0390075E-02 6.5353848E-02 6.5786690E-02 6.9036767E-02 7.3124260E-02 7.1699135E-02 7.3278487E-02 7.4787274E-02 7.7223256E-02 8.3587237E-02 8.6960517E-02 8.6461127E-02 8.8687338E-02 9.2514411E-02 9.6621953E-02 9.9323831E-02 0.1028071 0.1056031 0.1092802 0.1137353 0.1187127 0.1241641 0.1280036 0.1325539 0.1367313 0.1417650 0.1472315 0.1527775 0.1577470 0.1659573 0.1732632 0.1796366 0.1843335 0.1917043 0.1984723 0.2063398 0.2141572 0.2194746 0.2236782 0.2295396 0.2350761 0.2413854 0.2379172 0.2515851 0.2566382 0.2617804
5.4005735E-02 5.4585267E-02 5.5466469E-02 5.6220885E-02 5.7025488E-02 5.7925127E-02 5.8960896E-02 5.9500277E-02 6.1482359E-02 6.6248059E-02 7.1251042E-02 6.6393405E-02 6.7669615E-02 6.9972336E-02 7.7654749E-02 7.2834194E-02 7.4589700E-02 7.7697664E-02 8.0677956E-02 8.2871720E-02 8.4971368E-02 8.7517828E-02 9.1573775E-02 0.1021565 9.9369340E-02 0.1089836 0.1057170 0.1099582 0.1132002 0.1190978 0.1249864 0.1281773 0.1338584 0.1385423 0.1438147 0.1504320 0.1554218 0.1631483 0.1702522 0.1751876 0.1821933 0.1889711 0.1960796 0.2039894 0.2096392 0.2158592 0.2226397 0.2289065 0.2348575 0.2400803 0.2464326 0.2515100 0.2568729 0.2618859 0.2658976
5.3648036E-02 5.4256309E-02 5.4933466E-02 5.5346191E-02 5.6149360E-02 5.7039518E-02 5.8080330E-02 5.8838662E-02 6.0240135E-02 6.1806213E-02 6.4710945E-02 7.2183400E-02 6.7724951E-02 7.6544583E-02 7.8129247E-02 7.3449194E-02 7.5198904E-02 8.4068283E-02 8.7661460E-02 9.0299435E-02 8.4136561E-02 8.6328633E-02 8.9197308E-02 9.3160532E-02 0.1062555 0.1019049 0.1086693 0.1099102 0.1142602 0.1192271 0.1245879 0.1300347 0.1346584 0.1400506 0.1457047 0.1515874 0.1576547 0.1639431 0.1705646 0.1777643 0.1850153 0.1919703 0.1990792 0.2075659 0.2142930 0.2211693 0.2265064 0.2327167 0.2387614 0.2458210 0.2510926 0.2567424 0.2618157 0.2675264 0.2711086
5.3608719E-02 5.4986484E-02 5.6954108E-02 5.5325650E-02 5.5595238E-02 5.6735031E-02 5.7508867E-02 5.8930766E-02 6.0068961E-02 6.1046470E-02 6.4642787E-02 7.1069315E-02 6.7034647E-02 6.8582729E-02 7.0489258E-02 7.1616933E-02 7.2792657E-02 7.4869141E-02 7.8497507E-02 8.7795191E-02 8.2743317E-02 8.4859967E-02 8.8551283E-02 9.3479417E-02 9.7872987E-02 0.1034791 0.1133359 0.1114790 0.1153499 0.1195213 0.1251163 0.1310843 0.1358764 0.1419048 0.1479546 0.1539125 0.1610719 0.1670219 0.1736695 0.1806140 0.1877508 0.1948959 0.2020115 0.2088535 0.2163445 0.2248735 0.2316647 0.2371476 0.2439499 0.2518578 0.2562451 0.2616813 0.2678030 0.2716044 0.2758520
5.4490082E-02 5.5469833E-02 5.6054596E-02 5.6361582E-02 5.6209881E-02 5.6707162E-02 5.7419736E-02 5.8359127E-02 5.9501737E-02 5.9957370E-02 6.1696611E-02 6.4661220E-02 6.5191410E-02 6.6301912E-02 6.8068616E-02 6.8971701E-02 7.1189500E-02 7.4428953E-02 7.5939707E-02 7.8955106E-02 8.1426248E-02 9.3216434E-02 9.0208538E-02 9.3870416E-02 9.8204955E-02 0.1037552 0.1081472 0.1124541 0.1167627 0.1203596 0.1256019 0.1315504 0.1386725 0.1444567 0.1507513 0.1579041 0.1639856 0.1712699 0.1767031 0.1836880 0.1905967 0.1978676 0.2051916 0.2122570 0.2196611 0.2285503 0.2344000 0.2414279 0.2493915 0.2581567 0.2613317 0.2670808 0.2716215 0.2765339 0.2810201
5.3846832E-02 5.4970283E-02 5.5752825E-02 5.6066912E-02 5.6408957E-02 5.6994434E-02 5.7562426E-02 5.8307488E-02 5.8922697E-02 5.9886470E-02 6.0675867E-02 6.3056424E-02 6.3753888E-02 6.5270066E-02 6.7054816E-02 6.7581534E-02 6.9864340E-02 7.3022425E-02 7.4899554E-02 7.8902617E-02 8.2899496E-02 8.6735114E-02 9.0244994E-02 9.4717808E-02 9.8886810E-02 0.1036071 0.1083855 0.1191337 0.1154718 0.1224925 0.1264720 0.1321108 0.1396800 0.1474381 0.1528641 0.1594950 0.1670945 0.1743984 0.1798503 0.1867310 0.1938990 0.2011248 0.2088003 0.2161480 0.2233686 0.2310073 0.2387356 0.2462469 0.2545919 0.2620816 0.2650311 0.2702327 0.2764362 0.2811875 0.2867267
5.4155882E-02 5.4612722E-02 5.5258378E-02 5.5876140E-02 5.7316329E-02 5.6997873E-02 5.7940710E-02 5.8639672E-02 6.0339835E-02 6.0253806E-02 6.1050694E-02 6.2327426E-02 6.2535554E-02 6.4342186E-02 6.7557558E-02 6.7008942E-02 7.1165211E-02 7.4303389E-02 7.7187255E-02 8.0804095E-02 8.4268048E-02 8.8016883E-02 9.2181012E-02 9.5316112E-02 9.9637449E-02 0.1040150 0.1083456 0.1135092 0.1165575 0.1232757 0.1266457 0.1328235 0.1395064 0.1481377 0.1550388 0.1633762 0.1707194 0.1768229 0.1844339 0.1906890 0.1973709 0.2048067 0.2149521 0.2229405 0.2295469 0.2353054 0.2434204 0.2519256 0.2583351 0.2651074 0.2706456 0.2762521 0.2819366 0.2866835 0.2917681
5.5501208E-02 5.4978304E-02 5.6656681E-02 5.7525262E-02 5.8263391E-02 5.7616640E-02 5.8505274E-02 5.9199613E-02 6.0877472E-02 6.0718346E-02 6.1593875E-02 6.2086437E-02 6.2585838E-02 6.3303322E-02 6.6328362E-02 6.8771705E-02 7.1782008E-02 7.5252019E-02 7.8967728E-02 8.1878938E-02 8.5854590E-02 8.8521689E-02 9.2872292E-02 9.6729286E-02 0.1005777 0.1047652 0.1091317 0.1134578 0.1170748 0.1198713 0.1271593 0.1330310 0.1411977 0.1492451 0.1574912 0.1651455 0.1732606 0.1791952 0.1877785 0.1947927 0.2011330 0.2082964 0.2161111 0.2253700 0.2322948 0.2396978 0.2476948 0.2557946 0.2630351 0.2696689 0.2782016 0.2820338 0.2869692 0.2937470 0.2976831
5.4848503E-02 5.5325970E-02 5.6834821E-02 5.7440631E-02 5.8127388E-02 5.7932213E-02 5.8792997E-02 6.1162174E-02 6.0708530E-02 6.1059173E-02 6.1777301E-02 6.1914533E-02 6.3200995E-02 6.4935371E-02 6.7709461E-02 7.0633918E-02 7.3660031E-02 7.6334804E-02 7.9340592E-02 8.3101995E-02 8.6511061E-02 9.0351045E-02 9.4521761E-02 9.7999439E-02 0.1016935 0.1057645 0.1098393 0.1139301 0.1177327 0.1231367 0.1277291 0.1337610 0.1411134 0.1505098 0.1582020 0.1672430 0.1755516 0.1834830 0.1909020 0.1984139 0.2060671 0.2135578 0.2198704 0.2279598 0.2364187 0.2460638 0.2526921 0.2608801 0.2694235 0.2753881 0.2847345 0.2874954 0.2926509 0.2997412 0.3055509
5.5227991E-02 5.6983303E-02 5.6081630E-02 5.6657806E-02 5.7322256E-02 5.8119249E-02 5.9223522E-02 6.1388295E-02 6.0678538E-02 6.1069768E-02 6.1460525E-02 6.2604755E-02 6.4518034E-02 6.7007512E-02 6.9563530E-02 7.2580010E-02 7.5177960E-02 7.8132182E-02 8.1483297E-02 8.4705964E-02 8.8271648E-02 9.1844499E-02 9.5660985E-02 9.9254251E-02 0.1028429 0.1067218 0.1106626 0.1147036 0.1190661 0.1216090 0.1247252 0.1334096 0.1408502 0.1512025 0.1611230 0.1693694 0.1784855 0.1884669 0.1954048 0.2024038 0.2097884 0.2189628 0.2273358 0.2342456 0.2428142 0.2514462 0.2597435 0.2648401 0.2738533 0.2804281 0.2866327 0.2939371 0.2989615 0.3037626 0.3097084
5.6502532E-02 5.5831932E-02 5.6236517E-02 5.6866419E-02 5.8108196E-02 5.8384750E-02 6.0397912E-02 6.0319036E-02 6.3994855E-02 6.1713692E-02 6.2339112E-02 6.3810721E-02 6.6395432E-02 6.9201283E-02 7.1416110E-02 7.4123517E-02 7.6914907E-02 8.0062471E-02 8.3072759E-02 8.6689867E-02 9.0564847E-02 9.3001917E-02 9.6635684E-02 0.1002662 0.1040430 0.1078248 0.1116867 0.1156774 0.1225709 0.1257237 0.1283295 0.1341944 0.1411387 0.1519305 0.1639944 0.1719705 0.1813417 0.1911037 0.1984119 0.2054641 0.2130895 0.2232966 0.2323579 0.2386810 0.2463348 0.2567851 0.2645685 0.2695589 0.2798877 0.2858865 0.2928540 0.3020123 0.3057647 0.3083179 0.3095576
3.4028235E+38 5.6042254E-02 5.7139076E-02 5.7995070E-02 5.7240069E-02 5.8581408E-02 5.9627660E-02 6.0691942E-02 6.1818749E-02 6.4101592E-02 6.3588664E-02 6.5737478E-02 6.8505615E-02 7.0826828E-02 7.3269963E-02 7.5911060E-02 7.8912660E-02 8.1818923E-02 8.4926575E-02 8.8824302E-02 9.1922499E-02 9.5231898E-02 9.8739706E-02 0.1018699 0.1084252 0.1092512 0.1130562 0.1170369 0.1209968 0.1246129 0.1280197 0.1324452 0.1425106 0.1536004 0.1657030 0.1746363 0.1839399 0.1940736 0.2017562 0.2110341 0.2200225 0.2282517 0.2375037 0.2450991 0.2525984 0.2625946 0.2709251 0.2818108 0.2842157 0.2912855 0.2968476 0.3016006 0.3051698 0.3094018 0.3125020
5.6133788E-02 5.5725817E-02 5.7214215E-02 5.8578894E-02 5.8237344E-02 5.9504289E-02 6.0296796E-02 6.4332545E-02 6.4089686E-02 6.2779494E-02 6.5314084E-02 6.7843109E-02 7.0139304E-02 7.2332844E-02 7.4875504E-02 7.7287897E-02 8.0427572E-02 8.3908804E-02 8.6610347E-02 8.9896679E-02 9.3220718E-02 9.6282512E-02 9.9635810E-02 0.1035272 0.1072762 0.1107858 0.1147330 0.1188333 0.1224545 0.1264028 0.1341943 0.1352637 0.1445491 0.1554784 0.1669302 0.1771665 0.1868768 0.1966232 0.2057926 0.2140972 0.2249537 0.2334918 0.2429358 0.2528147 0.2616549 0.2669997 0.2756230 0.2837155 0.2897697 0.2954541 0.3006285 0.3044348 0.3082733 0.3132126 0.3160285
5.6063350E-02 5.6635909E-02 5.8183119E-02 5.8912963E-02 5.9456896E-02 6.0414605E-02 6.1121110E-02 6.1449736E-02 6.2994927E-02 6.4903833E-02 6.7225859E-02 6.9110453E-02 7.1837895E-02 7.4680403E-02 7.7272281E-02 7.9862729E-02 8.1975266E-02 8.5621580E-02 8.7896787E-02 9.1301441E-02 9.4206184E-02 9.7529963E-02 0.1012575 0.1047204 0.1087334 0.1126785 0.1166883 0.1208690 0.1249763 0.1292733 0.1358500 0.1369749 0.1464843 0.1574360 0.1693692 0.1803506 0.1904675 0.2003746 0.2109651 0.2189713 0.2299484 0.2387309 0.2499892 0.2588097 0.2669559 0.2741603 0.2819288 0.2883863 0.2981010 0.2989417 0.3070384 0.3095319 0.3145748 0.3178475 0.3203361
5.6173570E-02 5.6964260E-02 5.7890806E-02 5.9092220E-02 6.0323086E-02 6.1207037E-02 6.2045373E-02 6.2817499E-02 6.4761251E-02 6.6897199E-02 6.8522662E-02 7.0793912E-02 7.3755071E-02 7.6416053E-02 7.9055913E-02 8.1690058E-02 8.3808638E-02 8.6521506E-02 9.0112276E-02 9.2751794E-02 9.6152097E-02 9.9576682E-02 0.1029498 0.1065256 0.1104960 0.1145348 0.1184559 0.1237304 0.1268782 0.1317256 0.1364228 0.1393618 0.1463275 0.1610152 0.1725759 0.1846286 0.1941977 0.2041902 0.2143418 0.2234799 0.2339865 0.2455024 0.2543914 0.2641726 0.2707081 0.2817650 0.2878839 0.2915943 0.2971605 0.3013498 0.3088376 0.3128413 0.3180229 0.3198613 0.3229988
5.6733940E-02 5.8252010E-02 5.8561020E-02 5.9500430E-02 6.0962562E-02 6.1465029E-02 6.2808901E-02 6.4256489E-02 6.6563748E-02 6.8575807E-02 7.1116723E-02 7.3279016E-02 7.5475223E-02 7.8242600E-02 8.0784410E-02 8.3442584E-02 8.6129010E-02 8.8388592E-02 9.1074139E-02 9.4322950E-02 9.8259181E-02 0.1010329 0.1046753 0.1084016 0.1122612 0.1164386 0.1208610 0.1259629 0.1311716 0.1355218 0.1403860 0.1463533 0.1525020 0.1646466 0.1758000 0.1878883 0.1981740 0.2085386 0.2189274 0.2285855 0.2385484 0.2489093 0.2591151 0.2710062 0.2771203 0.2827668 0.2888349 0.2937075 0.2990665 0.3048699 0.3104640 0.3144604 0.3189215 0.3216733 0.3254375
5.7419866E-02 5.8581516E-02 6.0240701E-02 6.0186461E-02 6.0827043E-02 6.2371824E-02 6.3642308E-02 6.5581806E-02 6.8229124E-02 7.0532516E-02 7.5916409E-02 7.5223953E-02 7.7445202E-02 7.9975337E-02 8.2485572E-02 8.5143663E-02 8.7757610E-02 9.0024471E-02 9.3078941E-02 9.6127704E-02 9.9185400E-02 0.1058613 0.1071139 0.1103794 0.1143987 0.1190418 0.1238336 0.1314505 0.1341460 0.1394626 0.1453085 0.1511284 0.1582226 0.1697753 0.1802565 0.1929008 0.2029537 0.2134889 0.2251930 0.2352399 0.2472443 0.2546557 0.2636700 0.2739512 0.2799501 0.2855957 0.2911545 0.2959370 0.3024906 0.3068513 0.3128449 0.3178130 0.3207777 0.3241269 0.3274232
5.9238084E-02 5.9537131E-02 6.0163185E-02 6.1673846E-02 6.2298335E-02 6.3188262E-02 6.5079935E-02 6.7750111E-02 6.9929913E-02 7.2020635E-02 7.4351616E-02 7.6974213E-02 8.6313076E-02 8.2770042E-02 8.3506629E-02 8.5845001E-02 8.8809907E-02 9.1397159E-02 9.4612233E-02 9.7869828E-02 0.1010755 0.1052986 0.1082081 0.1121668 0.1169026 0.1215727 0.1267028 0.1351046 0.1373658 0.1436150 0.1497973 0.1573178 0.1658004 0.1740530 0.1855997 0.1964207 0.2072725 0.2179970 0.2296517 0.2424358 0.2541660 0.2631855 0.2707369 0.2772646 0.2831938 0.2899836 0.2949933 0.2994319 0.3047296 0.3106818 0.3150323 0.3180240 0.3215150 0.3265346 0.3277044
6.0346723E-02 6.1019797E-02 6.0887560E-02 6.1794907E-02 6.2980622E-02 6.4735934E-02 6.7403123E-02 6.9422841E-02 7.0883200E-02 7.3434591E-02 7.5556099E-02 7.7504277E-02 8.0585226E-02 8.4062561E-02 8.5338823E-02 8.8542029E-02 9.5587440E-02 9.4046399E-02 9.6171021E-02 9.9303260E-02 0.1034853 0.1062095 0.1102838 0.1147776 0.1193761 0.1242202 0.1295354 0.1352018 0.1406901 0.1472282 0.1544999 0.1623957 0.1756023 0.1820476 0.1917776 0.2014633 0.2126709 0.2234365 0.2361336 0.2502591 0.2606986 0.2668023 0.2756194 0.2812832 0.2875786 0.2920181 0.2997836 0.3040783 0.3071863 0.3113135 0.3153553 0.3189295 0.3223677 0.3254091 0.3280155
6.0222700E-02 6.1504669E-02 6.2317017E-02 6.2890574E-02 6.4473122E-02 6.6359177E-02 6.8304196E-02 7.1069084E-02 7.3146284E-02 7.4640036E-02 7.6827265E-02 7.9304338E-02 8.1944957E-02 8.5210048E-02 8.7131575E-02 9.0109795E-02 9.2951648E-02 9.5702067E-02 9.8632254E-02 0.1011706 0.1048059 0.1086131 0.1132051 0.1175738 0.1218537 0.1266173 0.1322357 0.1413551 0.1439056 0.1505057 0.1579332 0.1666896 0.1756178 0.1910468 0.1994961 0.2080237 0.2203744 0.2298952 0.2417966 0.2546349 0.2632750 0.2714790 0.2795269 0.2858504 0.2891316 0.2947147 0.3030470 0.3057223 0.3091387 0.3134417 0.3172333 0.3219183 0.3245162 0.3268890 0.3289591
6.0880624E-02 6.1719403E-02 6.2770069E-02 6.4451426E-02 6.6189893E-02 6.8015732E-02 6.9979273E-02 7.2656333E-02 7.4674003E-02 7.6146856E-02 7.8477658E-02 8.1546426E-02 8.4339887E-02 8.6793020E-02 8.8827819E-02 9.1734849E-02 9.4524831E-02 9.7408280E-02 9.9791087E-02 0.1031011 0.1065679 0.1110248 0.1148334 0.1197705 0.1238143 0.1289947 0.1345573 0.1404946 0.1470629 0.1537308 0.1618078 0.1701359 0.1801107 0.1912453 0.2031329 0.2132956 0.2250815 0.2350643 0.2443573 0.2564322 0.2684814 0.2739674 0.2803321 0.2872353 0.2918549 0.2972782 0.3043646 0.3086992 0.3130387 0.3174341 0.3202668 0.3240771 0.3273253 0.3297812 0.3307488
6.2411755E-02 6.2811539E-02 6.4331375E-02 6.6700488E-02 6.8482652E-02 6.9676392E-02 7.1531013E-02 7.3394187E-02 7.5443491E-02 7.7761523E-02 8.0269769E-02 8.3039649E-02 8.5727945E-02 8.8345930E-02 9.0635061E-02 9.3588367E-02 9.5536865E-02 9.8506212E-02 0.1014313 0.1054703 0.1087675 0.1126986 0.1167893 0.1212802 0.1258675 0.1321245 0.1372835 0.1433806 0.1499476 0.1567907 0.1647601 0.1733386 0.1834155 0.1989311 0.2078792 0.2179101 0.2306827 0.2376287 0.2483216 0.2587603 0.2691173 0.2760876 0.2823604 0.2909962 0.2952224 0.3014552 0.3076283 0.3105436 0.3137020 0.3177927 0.3202100 0.3237554 0.3273278 0.3287634 0.3314237
