LUCAS_GEMMES_COP27/includes/subsidence/Scenario_B2/TOT_SUBSIDENCE_2020_SINCE_2018_MKD_ONLY.ASC
NCOLS                318
NROWS                364
XLLCORNER      400000.00
YLLCORNER      907000.00
CELLSIZE         1000.00
NODATA_VALUE    0.3402823E+39
[rows 110 to 131 of 364, columns 150 to 199 of 318]
9.7395778E-03 1.0093853E-02 1.0330006E-02 1.0342076E-02 1.0396793E-02 1.0455385E-02 1.0458544E-02 1.0464177E-02 1.0476544E-02 1.0485291E-02 1.0492072E-02 1.0504723E-02 1.0505378E-02 1.0514408E-02 1.0523990E-02 1.0497317E-02 1.0494515E-02 1.0418609E-02 1.0396227E-02 1.0402322E-02 1.0307878E-02 1.0178342E-02 1.0063946E-02 9.9502355E-03 9.8195076E-03 9.7281486E-03 9.6830428E-03 9.6354187E-03 9.6248984E-03 9.6296370E-03 9.6664876E-03 9.7242445E-03 9.8171979E-03 9.8479837E-03 9.8935068E-03 9.9811405E-03 1.0034829E-02 1.0054246E-02 1.0154858E-02 1.0240614E-02 1.0295957E-02 1.0368645E-02 1.0412574E-02 1.0460943E-02 1.0493383E-02 1.0546565E-02 1.0570973E-02 1.0592446E-02 1.0610297E-02 1.0611847E-02
9.8939687E-03 1.0283053E-02 1.0521293E-02 1.0528311E-02 1.0630906E-02 1.0677308E-02 1.0625318E-02 1.0648608E-02 1.0631487E-02 1.0640576E-02 1.0631815E-02 1.0617122E-02 1.0670707E-02 1.0614038E-02 1.0597318E-02 1.0640308E-02 1.0594040E-02 1.0532051E-02 1.0526061E-02 1.0511830E-02 1.0413110E-02 1.0287762E-02 1.0191113E-02 1.0074839E-02 1.0000601E-02 9.8966509E-03 9.8202378E-03 9.7714663E-03 9.7432137E-03 9.7494125E-03 9.7777694E-03 9.8101646E-03 9.8714828E-03 9.9129528E-03 9.9553466E-03 1.0006741E-02 1.0066316E-02 1.0129794E-02 1.0195777E-02 1.0260969E-02 1.0307059E-02 1.0367662E-02 1.0416046E-02 1.0455683E-02 1.0493785E-02 1.0514349E-02 1.0554925E-02 1.0572612E-02 1.0597661E-02 1.0602072E-02
1.0022789E-02 1.0395765E-02 1.0610446E-02 1.0706291E-02 1.0765254E-02 1.0833308E-02 1.0795653E-02 1.0805145E-02 1.0832429E-02 1.0827944E-02 1.0801762E-02 1.0811895E-02 1.0761485E-02 1.0757476E-02 1.0756984E-02 1.0783821E-02 1.0728821E-02 1.0673270E-02 1.0652930E-02 1.0602295E-02 1.0523185E-02 1.0426417E-02 1.0351673E-02 1.0210618E-02 1.0111794E-02 1.0010302E-02 9.9661201E-03 9.9045336E-03 9.8805130E-03 9.8713636E-03 9.9288225E-03 9.9321306E-03 9.9659264E-03 9.9802464E-03 1.0019392E-02 1.0055527E-02 1.0104686E-02 1.0152638E-02 1.0217577E-02 1.0266617E-02 1.0314435E-02 1.0383576E-02 1.0407984E-02 1.0451213E-02 1.0477349E-02 1.0503724E-02 1.0529146E-02 1.0559827E-02 1.0589302E-02 1.0587543E-02
1.0160893E-02 1.0478482E-02 1.0791019E-02 1.0960639E-02 1.0985896E-02 1.0995999E-02 1.1002988E-02 1.0964572E-02 1.0970801E-02 1.1015579E-02 1.0988027E-02 1.0978460E-02 1.0918915E-02 1.0886148E-02 1.0890618E-02 1.0890633E-02 1.0885388E-02 1.0789767E-02 1.0747328E-02 1.0694027E-02 1.0608390E-02 1.0529682E-02 1.0440484E-02 1.0352373E-02 1.0111243E-02 1.0118052E-02 1.0096624E-02 1.0046855E-02 9.9922568E-03 9.9850893E-03 1.0007232E-02 9.9804997E-03 1.0003775E-02 1.0046422E-02 1.0098055E-02 1.0125965E-02 1.0146886E-02 1.0179713E-02 1.0237858E-02 1.0284588E-02 1.0318056E-02 1.0376275E-02 1.0413319E-02 1.0440439E-02 1.0436252E-02 1.0481581E-02 1.0520384E-02 1.0537952E-02 1.0571674E-02 1.0565385E-02
1.0305464E-02 1.0607213E-02 1.0976091E-02 1.1119649E-02 1.1107251E-02 1.1137038E-02 1.1163995E-02 1.1215195E-02 1.1173561E-02 1.1164457E-02 1.1146724E-02 1.1132494E-02 1.1073858E-02 1.1048719E-02 1.1062130E-02 1.1036351E-02 1.1011183E-02 1.0946289E-02 1.0882080E-02 1.0827154E-02 1.0746777E-02 1.0643020E-02 1.0600597E-02 1.0489732E-02 1.0285228E-02 1.0222137E-02 1.0183334E-02 1.0130078E-02 1.0119587E-02 1.0081455E-02 1.0076687E-02 1.0076374E-02 1.0082901E-02 1.0117024E-02 1.0156468E-02 1.0176688E-02 1.0184392E-02 1.0211274E-02 1.0261938E-02 1.0292098E-02 1.0321006E-02 1.0373443E-02 1.0415018E-02 1.0437593E-02 1.0427997E-02 1.0494873E-02 1.0513887E-02 1.0522857E-02 1.0538027E-02 1.0548010E-02
1.0386139E-02 1.0721132E-02 1.1005893E-02 1.1245787E-02 1.1259854E-02 1.1319876E-02 1.1315420E-02 1.1367828E-02 1.1263996E-02 1.1282220E-02 1.1261374E-02 1.1254787E-02 1.1211991E-02 1.1198327E-02 1.1249319E-02 1.1239648E-02 1.1172131E-02 1.1104256E-02 1.1125237E-02 1.0960609E-02 1.0841116E-02 1.0763556E-02 1.0698512E-02 1.0568514E-02 1.0404423E-02 1.0312974E-02 1.0266304E-02 1.0256052E-02 1.0233790E-02 1.0169685E-02 1.0117084E-02 1.0150045E-02 1.0162860E-02 1.0186851E-02 1.0187462E-02 1.0214224E-02 1.0229543E-02 1.0241985E-02 1.0278597E-02 1.0308623E-02 1.0340944E-02 1.0382488E-02 1.0412022E-02 1.0436848E-02 1.0476530E-02 1.0531828E-02 1.0523841E-02 1.0516435E-02 1.0515511E-02 1.0533884E-02
1.0496303E-02 1.0774300E-02 1.1030629E-02 1.1333346E-02 1.1398330E-02 1.1444524E-02 1.1504740E-02 1.1434749E-02 1.1395037E-02 1.1396557E-02 1.1399999E-02 1.1455163E-02 1.1375263E-02 1.1363223E-02 1.1349827E-02 1.1323154E-02 1.1299118E-02 1.1291787E-02 1.1196017E-02 1.1063680E-02 1.0972440E-02 1.0899052E-02 1.0791838E-02 1.0658771E-02 1.0527641E-02 1.0415196E-02 1.0344237E-02 1.0339081E-02 1.0311037E-02 1.0255694E-02 1.0182351E-02 1.0215491E-02 1.0203034E-02 1.0229588E-02 1.0235235E-02 1.0249287E-02 1.0261744E-02 1.0277450E-02 1.0300905E-02 1.0333374E-02 1.0347545E-02 1.0393277E-02 1.0427803E-02 1.0441855E-02 1.0481372E-02 1.0485500E-02 1.0504395E-02 1.0488942E-02 1.0498285E-02 1.0519877E-02
1.0654062E-02 1.0915369E-02 1.1143193E-02 1.1377156E-02 1.1564746E-02 1.1598185E-02 1.1626378E-02 1.1567190E-02 1.1581078E-02 1.1555284E-02 1.1515453E-02 1.1524022E-02 1.1520788E-02 1.1522934E-02 1.1504665E-02 1.1495963E-02 1.1436328E-02 1.1389360E-02 1.1277840E-02 1.1167496E-02 1.1085749E-02 1.1002898E-02 1.0893613E-02 1.0804549E-02 1.0695308E-02 1.0475695E-02 1.0448352E-02 1.0439590E-02 1.0458812E-02 1.0385856E-02 1.0333627E-02 1.0328740E-02 1.0301933E-02 1.0312974E-02 1.0299504E-02 1.0322019E-02 1.0330275E-02 1.0327116E-02 1.0362014E-02 1.0374963E-02 1.0368511E-02 1.0388553E-02 1.0429770E-02 1.0458410E-02 1.0476872E-02 1.0487869E-02 1.0484070E-02 1.0484576E-02 1.0483250E-02 1.0509804E-02
1.0850027E-02 1.1024848E-02 1.1222541E-02 1.1421800E-02 1.1679024E-02 1.1727214E-02 1.1713728E-02 1.1706099E-02 1.1688396E-02 1.1686534E-02 1.1649519E-02 1.1680931E-02 1.1723906E-02 1.1714533E-02 1.1735812E-02 1.1695459E-02 1.1562794E-02 1.1450872E-02 1.1321783E-02 1.1253223E-02 1.1181861E-02 1.1087358E-02 1.0948107E-02 1.0873452E-02 1.0864124E-02 1.0716170E-02 1.0626882E-02 1.0630995E-02 1.0523349E-02 1.0481521E-02 1.0451525E-02 1.0422543E-02 1.0390475E-02 1.0414690E-02 1.0372579E-02 1.0348797E-02 1.0321647E-02 1.0356277E-02 1.0399207E-02 1.0407045E-02 1.0400057E-02 1.0410532E-02 1.0428205E-02 1.0462478E-02 1.0478243E-02 1.0472551E-02 1.0480255E-02 1.0495409E-02 1.0473281E-02 1.0499462E-02
1.1137843E-02 1.1258930E-02 1.1417985E-02 1.1591345E-02 1.1741042E-02 1.1884049E-02 1.1850804E-02 1.1839479E-02 1.1811242E-02 1.1804402E-02 1.1815682E-02 1.1866003E-02 1.1909947E-02 1.2007669E-02 1.1915728E-02 1.1770740E-02 1.1664405E-02 1.1528313E-02 1.1386991E-02 1.1328071E-02 1.1242583E-02 1.1126071E-02 1.1017114E-02 1.0942578E-02 1.0913119E-02 1.0821745E-02 1.0752231E-02 1.0680601E-02 1.0595977E-02 1.0533437E-02 1.0496750E-02 1.0513842E-02 1.0471895E-02 1.0462955E-02 1.0456294E-02 1.0374531E-02 1.0381445E-02 1.0413557E-02 1.0447696E-02 1.0453895E-02 1.0433033E-02 1.0453001E-02 1.0448232E-02 1.0460585E-02 1.0470197E-02 1.0476783E-02 1.0495648E-02 1.0492131E-02 1.0469109E-02 1.0499746E-02
1.1350691E-02 1.1535242E-02 1.1657089E-02 1.1717364E-02 1.1898234E-02 1.1989385E-02 1.1979014E-02 1.1968210E-02 1.1962742E-02 1.1991784E-02 1.2029260E-02 1.2082085E-02 1.2127444E-02 1.2141913E-02 1.2206793E-02 1.2106627E-02 1.1728063E-02 1.1586085E-02 1.1471376E-02 1.1411414E-02 1.1325315E-02 1.1177525E-02 1.1078179E-02 1.0985032E-02 1.0890096E-02 1.0758474E-02 1.0671183E-02 1.0695443E-02 1.0635123E-02 1.0570571E-02 1.0558248E-02 1.0597602E-02 1.0554433E-02 1.0547578E-02 1.0527059E-02 1.0501221E-02 1.0494962E-02 1.0478973E-02 1.0495186E-02 1.0496423E-02 1.0465905E-02 1.0487974E-02 1.0493621E-02 1.0481596E-02 1.0483935E-02 1.0503039E-02 1.0509074E-02 1.0505319E-02 1.0481775E-02 1.0501042E-02
1.1634573E-02 1.1771187E-02 1.1882722E-02 1.1970162E-02 1.2081847E-02 1.2089834E-02 1.2111709E-02 1.2162313E-02 1.2184083E-02 1.2247667E-02 1.2307361E-02 1.2299180E-02 1.2307912E-02 1.2201309E-02 1.2102485E-02 1.1950076E-02 1.1827320E-02 1.1728853E-02 1.1641383E-02 1.1538729E-02 1.1426240E-02 1.1328116E-02 1.1240408E-02 1.1179313E-02 1.1042193E-02 1.0997072E-02 1.0794342E-02 1.0748357E-02 1.0695711E-02 1.0688007E-02 1.0704726E-02 1.0690272E-02 1.0639817E-02 1.0633349E-02 1.0606661E-02 1.0577932E-02 1.0545611E-02 1.0534272E-02 1.0540068E-02 1.0534063E-02 1.0505944E-02 1.0527298E-02 1.0530755E-02 1.0505393E-02 1.0499895E-02 1.0494038E-02 1.0519832E-02 1.0513619E-02 1.0479271E-02 1.0486528E-02
1.1888236E-02 1.2030780E-02 1.2133732E-02 1.2234271E-02 1.2323245E-02 1.2318105E-02 1.2235999E-02 1.2284011E-02 1.2393653E-02 1.2549803E-02 1.2536317E-02 1.2444377E-02 1.2395710E-02 1.2341067E-02 1.2210995E-02 1.2088433E-02 1.1941105E-02 1.1863396E-02 1.1835799E-02 1.1731431E-02 1.1556640E-02 1.1454523E-02 1.1409804E-02 1.1345789E-02 1.1190563E-02 1.1154234E-02 1.1029169E-02 1.0966584E-02 1.0687634E-02 1.0652021E-02 1.0763079E-02 1.0735080E-02 1.0719076E-02 1.0704905E-02 1.0683969E-02 1.0641530E-02 1.0618702E-02 1.0600999E-02 1.0604993E-02 1.0584742E-02 1.0561585E-02 1.0574058E-02 1.0564998E-02 1.0532454E-02 1.0544479E-02 1.0514677E-02 1.0532662E-02 1.0521129E-02 1.0479450E-02 1.0491416E-02
1.2252465E-02 1.2471572E-02 1.2547716E-02 1.2473375E-02 1.2538180E-02 1.2575626E-02 1.2542188E-02 1.2437865E-02 1.2667134E-02 1.2755126E-02 1.2666434E-02 1.2578562E-02 1.2515306E-02 1.2458459E-02 1.2341425E-02 1.2251794E-02 1.2160957E-02 1.2076244E-02 1.1935607E-02 1.1773497E-02 1.1764213E-02 1.1617616E-02 1.1576891E-02 1.1406422E-02 1.1299849E-02 1.1193812E-02 1.1086240E-02 1.1008322E-02 1.0915458E-02 1.0739505E-02 1.0687172E-02 1.0765135E-02 1.0715067E-02 1.0683268E-02 1.0744229E-02 1.0703251E-02 1.0693818E-02 1.0656402E-02 1.0640323E-02 1.0618731E-02 1.0603666E-02 1.0613978E-02 1.0599464E-02 1.0561079E-02 1.0573059E-02 1.0533839E-02 1.0547757E-02 1.0531187E-02 1.0482892E-02 1.0496199E-02
1.2416676E-02 1.2673348E-02 1.2903899E-02 1.2818843E-02 1.2954876E-02 1.2932852E-02 1.2866065E-02 1.2868494E-02 1.2921989E-02 1.2854427E-02 1.2789309E-02 1.2733862E-02 1.2662098E-02 1.2602925E-02 1.2511194E-02 1.2420520E-02 1.2363687E-02 1.2263298E-02 1.2057826E-02 1.1923566E-02 1.1820629E-02 1.1792898E-02 1.1713326E-02 1.1518821E-02 1.1415035E-02 1.1328816E-02 1.1239335E-02 1.1148602E-02 1.1061758E-02 1.0960877E-02 1.0757595E-02 1.0875344E-02 1.0832235E-02 1.0739997E-02 1.0786414E-02 1.0771126E-02 1.0767415E-02 1.0726780E-02 1.0693103E-02 1.0663286E-02 1.0660529E-02 1.0642871E-02 1.0600612E-02 1.0583937E-02 1.0599703E-02 1.0557875E-02 1.0535836E-02 1.0508344E-02 1.0485888E-02 1.0499701E-02
1.2721419E-02 1.2854978E-02 1.3108388E-02 1.3195217E-02 1.3323441E-02 1.3344333E-02 1.3218537E-02 1.3189167E-02 1.3006493E-02 1.3039678E-02 1.2959823E-02 1.2923390E-02 1.2896821E-02 1.2825668E-02 1.2695551E-02 1.2644425E-02 1.2537047E-02 1.2405962E-02 1.2277678E-02 1.2134388E-02 1.2052566E-02 1.1968076E-02 1.1819825E-02 1.1671707E-02 1.1537224E-02 1.1449084E-02 1.1409014E-02 1.1320531E-02 1.1176422E-02 1.1073753E-02 1.0848731E-02 1.0803357E-02 1.0917798E-02 1.0861948E-02 1.0829657E-02 1.0819212E-02 1.0813683E-02 1.0796249E-02 1.0745794E-02 1.0711253E-02 1.0713205E-02 1.0689616E-02 1.0631129E-02 1.0648102E-02 1.0637134E-02 1.0613471E-02 1.0548487E-02 1.0515988E-02 1.0494396E-02 1.0469347E-02
1.3200656E-02 1.3199419E-02 1.3515681E-02 1.3586000E-02 1.3638929E-02 1.3705641E-02 1.3610765E-02 1.3528883E-02 1.3376102E-02 1.3350889E-02 1.3174206E-02 1.3113558E-02 1.3120770E-02 1.3047069E-02 1.2915432E-02 1.2826398E-02 1.2689069E-02 1.2513652E-02 1.2488171E-02 1.2387440E-02 1.2281507E-02 1.2169197E-02 1.1987716E-02 1.1872694E-02 1.1800438E-02 1.1673078E-02 1.1572883E-02 1.1419877E-02 1.1305273E-02 1.1231020E-02 1.1107728E-02 1.0908529E-02 1.0850534E-02 1.0784626E-02 1.0714918E-02 1.0755941E-02 1.0736257E-02 1.0828510E-02 1.0816112E-02 1.0762468E-02 1.0733396E-02 1.0674670E-02 1.0594264E-02 1.0671780E-02 1.0672435E-02 1.0645732E-02 1.0574535E-02 1.0536581E-02 1.0553226E-02 1.0526732E-02
1.3629287E-02 1.3792381E-02 1.3870478E-02 1.3970599E-02 1.4165163E-02 1.4161021E-02 1.4084563E-02 1.3925597E-02 1.3763592E-02 1.3673574E-02 1.3486877E-02 1.3457090E-02 1.3466671E-02 1.3294384E-02 1.3167784E-02 1.3086602E-02 1.2937307E-02 1.2707606E-02 1.2682140E-02 1.2608141E-02 1.2462735E-02 1.2334526E-02 1.2179703E-02 1.2070596E-02 1.1986792E-02 1.1870146E-02 1.1739910E-02 1.1554003E-02 1.1454552E-02 1.1425138E-02 1.1307836E-02 1.1188850E-02 1.0949567E-02 1.0853365E-02 1.0768905E-02 1.0802701E-02 1.0658398E-02 1.0834828E-02 1.0851681E-02 1.0790080E-02 1.0763288E-02 1.0685414E-02 1.0610312E-02 1.0687470E-02 1.0706484E-02 1.0676399E-02 1.0597408E-02 1.0558605E-02 1.0528460E-02 1.0437250E-02
1.4127374E-02 1.4303610E-02 1.4450073E-02 1.4484867E-02 1.4727965E-02 1.4705971E-02 1.4572233E-02 1.4396280E-02 1.4256686E-02 1.4146224E-02 1.3883173E-02 1.3886631E-02 1.3830304E-02 1.3616219E-02 1.3453320E-02 1.3331220E-02 1.3188779E-02 1.2963414E-02 1.2884602E-02 1.2771919E-02 1.2553319E-02 1.2419984E-02 1.2278914E-02 1.2174919E-02 1.2128532E-02 1.2023747E-02 1.1899814E-02 1.1767015E-02 1.1631429E-02 1.1541650E-02 1.1452064E-02 1.1304393E-02 1.1096492E-02 1.0941491E-02 1.0864913E-02 1.0786027E-02 1.0875881E-02 1.0843843E-02 1.0768712E-02 1.0801822E-02 1.0785341E-02 1.0737732E-02 1.0706797E-02 1.0730416E-02 1.0735631E-02 1.0704532E-02 1.0618344E-02 1.0629907E-02 1.0605872E-02 1.0470465E-02
1.4748290E-02 1.4916360E-02 1.5112340E-02 1.5259981E-02 1.5012309E-02 1.5169621E-02 1.5071347E-02 1.4897630E-02 1.4748976E-02 1.4631346E-02 1.4438048E-02 1.4343172E-02 1.4156282E-02 1.3973922E-02 1.3822734E-02 1.3604626E-02 1.3528779E-02 1.3361961E-02 1.3106331E-02 1.2989029E-02 1.2805745E-02 1.2601227E-02 1.2462467E-02 1.2323707E-02 1.2304485E-02 1.2166142E-02 1.2041301E-02 1.1874229E-02 1.1711627E-02 1.1563420E-02 1.1503324E-02 1.1421993E-02 1.1316389E-02 1.1025026E-02 1.0927543E-02 1.0805205E-02 1.0799989E-02 1.0747105E-02 1.0787666E-02 1.0800675E-02 1.0772601E-02 1.0764286E-02 1.0739803E-02 1.0760605E-02 1.0749653E-02 1.0720074E-02 1.0639757E-02 1.0607630E-02 1.0607228E-02 1.0613516E-02
1.5285134E-02 1.5572995E-02 1.5673608E-02 1.5714660E-02 1.5622482E-02 1.5353128E-02 1.5609756E-02 1.5453845E-02 1.5032098E-02 1.5131533E-02 1.4963254E-02 1.4726639E-02 1.4465496E-02 1.4168665E-02 1.4085516E-02 1.3914213E-02 1.3747841E-02 1.3591230E-02 1.3326213E-02 1.3112351E-02 1.3038486E-02 1.2898028E-02 1.2747183E-02 1.2597442E-02 1.2401298E-02 1.2155235E-02 1.2096003E-02 1.1972994E-02 1.1813059E-02 1.1687860E-02 1.1577263E-02 1.1517897E-02 1.1362061E-02 1.1196598E-02 1.0980725E-02 1.0902286E-02 1.0857671E-02 1.0787979E-02 1.0729983E-02 1.0664642E-02 1.0619655E-02 1.0721281E-02 1.0659650E-02 1.0649920E-02 1.0707960E-02 1.0729700E-02 1.0663733E-02 1.0744140E-02 1.0656491E-02 1.0748327E-02
1.5770301E-02 1.5894309E-02 1.6030863E-02 1.6110450E-02 1.6021088E-02 1.5952006E-02 1.5754178E-02 1.5718237E-02 1.5812159E-02 1.5648112E-02 1.5495881E-02 1.5210181E-02 1.4896497E-02 1.4626682E-02 1.4437914E-02 1.4223784E-02 1.4021426E-02 1.3825357E-02 1.3640136E-02 1.3411865E-02 1.3239324E-02 1.3103381E-02 1.2923583E-02 1.2742594E-02 1.2516171E-02 1.2387574E-02 1.2188718E-02 1.2145117E-02 1.2016773E-02 1.1901185E-02 1.1770964E-02 1.1562228E-02 1.1412084E-02 1.1352956E-02 1.1111751E-02 1.1018723E-02 1.0864630E-02 1.0824978E-02 1.0767937E-02 1.0696918E-02 1.0634065E-02 1.0592207E-02 1.0710239E-02 1.0601759E-02 1.0674655E-02 1.0675341E-02 1.0696054E-02 1.0627300E-02 1.0628253E-02 1.0981500E-02
