LUCAS_GEMMES_COP27/includes/subsidence/Scenario_B2/TOT_SUBSIDENCE_2040_SINCE_2018_MKD_ONLY.ASC
NCOLS                318
NROWS                364
XLLCORNER      400000.00
YLLCORNER      907000.00
CELLSIZE         1000.00
NODATA_VALUE    0.3402823E+39
[rows 120 to 143 of 364, columns 165 to 219 of 318]
0.1348563 0.1314881 0.1302233 0.1292802 0.1290379 0.1284066 0.1269756 0.1261222 0.1253283 0.1244829 0.1231274 0.1223228 0.1229601 0.1224729 0.1219105 0.1220030 0.1227783 0.1224479 0.1225581 0.1224910 0.1223410 0.1224676 0.1223850 0.1227663 0.1229431 0.1226607 0.1231118 0.1233144 0.1232668 0.1234398 0.1238258 0.1239689 0.1240222 0.1238237 0.1241983 0.1242530 0.1242306 0.1242575 0.1239885 0.1260296 0.1282159 0.1311396 0.1334928 0.1351452 0.1367922 0.1384685 0.1402603 0.1433115 0.1463015 0.1476771 0.1496384 0.1517031 0.1536568 0.1554339 0.1578808
0.1338527 0.1328993 0.1321583 0.1315529 0.1307594 0.1297563 0.1289424 0.1282510 0.1278625 0.1264522 0.1259643 0.1235914 0.1233302 0.1232244 0.1234252 0.1239235 0.1239844 0.1235523 0.1236857 0.1235367 0.1233491 0.1230968 0.1231206 0.1233799 0.1234595 0.1232149 0.1236417 0.1238259 0.1236535 0.1237223 0.1237889 0.1242036 0.1242121 0.1238938 0.1241654 0.1242382 0.1241771 0.1240209 0.1241689 0.1270776 0.1294797 0.1319524 0.1343433 0.1371309 0.1380949 0.1394442 0.1423451 0.1446493 0.1476753 0.1496696 0.1508021 0.1525890 0.1554462 0.1563920 0.1572155
0.1358870 0.1345440 0.1340714 0.1342270 0.1333795 0.1315486 0.1306486 0.1304829 0.1300921 0.1284300 0.1280564 0.1267359 0.1262385 0.1230823 0.1229141 0.1246811 0.1245736 0.1246050 0.1246457 0.1245835 0.1242030 0.1240876 0.1240454 0.1242482 0.1241302 0.1239885 0.1243147 0.1243352 0.1240737 0.1243771 0.1240928 0.1244584 0.1244149 0.1239914 0.1243348 0.1242618 0.1241945 0.1243050 0.1259515 0.1283556 0.1316247 0.1341116 0.1357937 0.1380234 0.1408142 0.1418741 0.1448465 0.1460098 0.1481397 0.1510323 0.1516673 0.1538006 0.1546881 0.1564164 0.1579297
0.1382802 0.1376687 0.1370153 0.1356720 0.1340235 0.1340988 0.1328883 0.1327765 0.1309262 0.1299126 0.1288816 0.1277960 0.1270817 0.1261394 0.1240686 0.1236494 0.1246766 0.1245481 0.1243632 0.1254069 0.1250423 0.1250960 0.1247888 0.1247508 0.1246223 0.1245896 0.1248850 0.1248482 0.1244850 0.1247814 0.1244045 0.1247263 0.1246339 0.1241281 0.1245003 0.1243739 0.1240609 0.1246294 0.1273172 0.1299368 0.1325265 0.1357777 0.1382129 0.1396649 0.1417134 0.1435723 0.1464414 0.1481283 0.1486419 0.1510439 0.1511928 0.1531301 0.1550111 0.1562493 0.1565299
0.1407482 0.1404190 0.1396127 0.1374434 0.1361509 0.1352319 0.1353140 0.1346686 0.1324824 0.1314951 0.1307200 0.1298742 0.1289738 0.1281234 0.1270698 0.1245917 0.1261763 0.1258609 0.1247136 0.1259986 0.1259893 0.1261259 0.1257621 0.1255010 0.1252706 0.1253942 0.1253207 0.1249167 0.1248452 0.1252099 0.1247930 0.1246335 0.1244042 0.1242476 0.1245866 0.1245251 0.1245677 0.1269579 0.1288841 0.1323584 0.1341377 0.1376459 0.1401294 0.1424363 0.1428879 0.1444465 0.1474158 0.1474976 0.1478155 0.1500724 0.1503810 0.1536114 0.1553607 0.1550824 0.1561178
0.1438899 0.1429798 0.1417966 0.1405506 0.1390961 0.1384352 0.1377659 0.1361952 0.1346245 0.1331910 0.1323722 0.1321853 0.1313203 0.1297170 0.1286260 0.1258345 0.1255029 0.1273267 0.1265188 0.1266008 0.1266956 0.1268683 0.1267783 0.1262849 0.1259722 0.1261636 0.1260151 0.1253903 0.1257809 0.1257927 0.1256371 0.1248973 0.1246043 0.1244688 0.1243169 0.1238899 0.1250979 0.1286816 0.1307357 0.1343293 0.1360317 0.1387019 0.1421411 0.1428400 0.1441504 0.1449832 0.1453698 0.1474267 0.1474170 0.1485829 0.1513500 0.1540530 0.1558044 0.1569795 0.1576645
0.1466457 0.1453023 0.1434318 0.1435441 0.1427001 0.1417062 0.1405973 0.1385464 0.1374097 0.1368126 0.1354694 0.1344630 0.1327232 0.1315049 0.1308042 0.1294045 0.1269611 0.1264372 0.1257953 0.1250790 0.1259657 0.1256886 0.1273630 0.1273091 0.1267356 0.1265059 0.1258667 0.1249218 0.1261601 0.1263636 0.1261829 0.1253493 0.1249852 0.1253994 0.1251890 0.1243084 0.1267661 0.1295197 0.1325475 0.1353797 0.1380109 0.1405499 0.1436346 0.1440752 0.1465774 0.1472368 0.1451217 0.1460878 0.1482152 0.1490154 0.1528013 0.1549091 0.1559720 0.1563020 0.1577300
0.1503282 0.1489461 0.1462721 0.1463355 0.1458186 0.1443526 0.1429954 0.1413186 0.1402293 0.1394180 0.1382012 0.1367906 0.1346074 0.1335707 0.1334606 0.1321481 0.1308248 0.1278343 0.1267663 0.1258668 0.1263060 0.1242876 0.1275804 0.1278662 0.1271700 0.1269783 0.1260755 0.1252070 0.1264556 0.1269057 0.1266720 0.1257425 0.1253822 0.1251376 0.1240860 0.1243637 0.1282124 0.1311420 0.1360631 0.1375122 0.1398550 0.1427476 0.1448856 0.1446158 0.1450015 0.1464431 0.1470059 0.1474096 0.1490487 0.1499750 0.1527645 0.1542297 0.1556720 0.1560269 0.1576608
0.1540385 0.1525895 0.1499977 0.1493859 0.1483012 0.1457576 0.1443467 0.1428273 0.1417980 0.1415000 0.1404451 0.1390502 0.1375890 0.1360660 0.1351205 0.1341777 0.1324348 0.1298902 0.1280237 0.1272427 0.1264123 0.1279918 0.1276937 0.1267765 0.1273904 0.1273448 0.1268676 0.1266172 0.1271169 0.1273963 0.1271231 0.1261174 0.1264744 0.1263133 0.1245538 0.1264761 0.1296953 0.1333112 0.1367299 0.1396888 0.1409173 0.1430723 0.1440039 0.1458763 0.1444165 0.1449725 0.1477316 0.1470150 0.1468300 0.1489836 0.1511964 0.1530433 0.1552956 0.1559554 0.1575508
0.1581052 0.1574092 0.1556213 0.1526643 0.1514947 0.1494337 0.1470360 0.1455251 0.1439908 0.1440562 0.1424877 0.1411161 0.1391836 0.1372653 0.1355214 0.1349775 0.1341346 0.1329460 0.1292212 0.1281297 0.1266595 0.1268977 0.1263330 0.1271129 0.1274459 0.1272846 0.1273397 0.1271517 0.1275813 0.1276679 0.1274239 0.1264942 0.1262537 0.1264590 0.1265994 0.1297551 0.1330234 0.1353806 0.1386278 0.1409298 0.1411617 0.1388377 0.1397490 0.1455168 0.1419588 0.1453422 0.1466786 0.1471150 0.1460804 0.1499822 0.1515537 0.1516510 0.1536995 0.1557174 0.1569561
0.1626356 0.1609102 0.1591742 0.1559750 0.1534716 0.1528750 0.1513096 0.1496093 0.1479243 0.1455919 0.1425471 0.1420453 0.1406557 0.1387609 0.1373355 0.1360819 0.1355399 0.1336628 0.1316720 0.1289090 0.1280649 0.1277354 0.1270099 0.1264142 0.1257357 0.1252866 0.1268067 0.1261158 0.1261577 0.1271725 0.1276353 0.1269588 0.1283199 0.1272217 0.1277729 0.1322964 0.1373657 0.1403442 0.1425555 0.1426004 0.1384163 0.1400863 0.1466886 0.1487853 0.1471450 0.1439705 0.1446492 0.1456562 0.1468576 0.1482089 0.1492511 0.1502395 0.1531086 0.1553164 0.1566071
0.1672844 0.1649758 0.1627306 0.1606438 0.1578956 0.1559198 0.1543933 0.1522737 0.1501498 0.1473715 0.1456009 0.1434838 0.1431322 0.1417019 0.1403896 0.1388571 0.1362457 0.1344401 0.1335520 0.1304505 0.1294009 0.1278310 0.1275238 0.1269656 0.1261906 0.1255306 0.1251463 0.1269316 0.1255799 0.1267742 0.1269449 0.1273750 0.1267840 0.1267926 0.1305918 0.1361969 0.1397063 0.1423843 0.1432176 0.1393245 0.1402217 0.1467370 0.1475249 0.1481792 0.1487121 0.1484785 0.1458002 0.1463137 0.1473309 0.1487475 0.1498169 0.1510918 0.1527522 0.1543420 0.1557164
0.1719150 0.1691877 0.1666032 0.1634069 0.1599650 0.1588816 0.1571961 0.1547609 0.1526902 0.1499846 0.1476198 0.1457651 0.1439900 0.1433077 0.1425849 0.1408925 0.1384170 0.1361362 0.1349748 0.1329600 0.1314441 0.1293730 0.1281538 0.1274083 0.1266504 0.1257962 0.1248846 0.1243051 0.1234802 0.1260882 0.1266607 0.1277489 0.1307277 0.1319968 0.1340876 0.1388015 0.1414531 0.1424362 0.1405087 0.1418403 0.1478478 0.1497001 0.1502459 0.1504562 0.1499506 0.1501236 0.1496310 0.1473079 0.1480969 0.1492427 0.1504726 0.1518272 0.1531675 0.1546268 0.1560657
0.1765433 0.1734947 0.1704043 0.1671936 0.1635606 0.1622245 0.1602007 0.1575624 0.1556084 0.1536577 0.1515740 0.1491200 0.1459385 0.1444136 0.1435865 0.1424676 0.1404132 0.1380593 0.1370869 0.1348706 0.1332254 0.1323894 0.1309920 0.1299902 0.1289949 0.1277599 0.1263722 0.1243235 0.1239293 0.1237529 0.1230612 0.1254585 0.1291122 0.1326872 0.1363349 0.1402098 0.1403077 0.1404799 0.1413786 0.1477243 0.1497854 0.1508402 0.1518824 0.1513776 0.1504342 0.1502760 0.1508232 0.1499875 0.1505187 0.1494195 0.1511045 0.1526113 0.1538938 0.1550993 0.1564103
0.1793278 0.1751209 0.1736729 0.1709634 0.1680829 0.1656740 0.1630605 0.1603714 0.1581947 0.1559455 0.1536243 0.1516154 0.1493874 0.1467787 0.1441486 0.1433959 0.1420669 0.1401122 0.1377813 0.1368694 0.1351504 0.1344221 0.1325323 0.1314924 0.1304040 0.1284795 0.1257968 0.1250200 0.1260611 0.1240059 0.1238762 0.1252557 0.1284807 0.1341475 0.1398699 0.1390700 0.1411077 0.1417156 0.1456049 0.1477795 0.1492145 0.1500923 0.1503708 0.1508361 0.1514776 0.1514182 0.1511123 0.1511844 0.1512740 0.1514543 0.1525174 0.1543494 0.1547756 0.1560015 0.1572325
0.1846052 0.1799917 0.1777333 0.1747599 0.1716030 0.1686524 0.1655748 0.1632456 0.1610523 0.1583073 0.1559023 0.1536891 0.1517551 0.1495083 0.1473311 0.1453212 0.1436183 0.1418121 0.1397504 0.1378575 0.1358577 0.1347491 0.1333916 0.1338410 0.1325476 0.1295528 0.1288131 0.1280050 0.1279348 0.1274379 0.1268674 0.1272676 0.1284511 0.1322849 0.1400430 0.1443437 0.1471739 0.1459437 0.1426910 0.1479383 0.1503022 0.1518785 0.1513733 0.1513807 0.1516766 0.1520730 0.1520153 0.1515177 0.1520925 0.1529633 0.1538550 0.1552175 0.1569372 0.1584082 0.1598910
0.1883367 0.1845448 0.1812717 0.1779588 0.1747173 0.1713420 0.1684108 0.1660800 0.1636746 0.1607328 0.1584702 0.1563356 0.1535868 0.1511627 0.1490755 0.1470646 0.1451137 0.1433217 0.1417332 0.1395321 0.1376516 0.1363326 0.1349148 0.1347476 0.1313529 0.1305520 0.1304348 0.1299439 0.1292553 0.1285989 0.1278800 0.1277857 0.1320561 0.1366266 0.1414925 0.1458251 0.1485350 0.1469768 0.1453676 0.1457845 0.1519203 0.1504519 0.1469028 0.1474848 0.1491365 0.1499660 0.1502714 0.1512616 0.1511976 0.1530899 0.1543646 0.1560572 0.1577826 0.1595971 0.1616128
0.1914946 0.1879725 0.1843645 0.1808918 0.1775843 0.1742317 0.1717797 0.1691957 0.1660448 0.1632853 0.1607163 0.1582169 0.1554295 0.1532627 0.1511313 0.1487014 0.1466468 0.1449949 0.1430223 0.1412432 0.1395880 0.1378211 0.1365909 0.1353874 0.1335565 0.1323954 0.1317877 0.1309345 0.1301932 0.1292433 0.1282259 0.1284636 0.1337241 0.1382556 0.1425214 0.1466489 0.1503080 0.1505679 0.1487162 0.1524684 0.1521447 0.1518402 0.1509235 0.1517749 0.1538194 0.1542139 0.1537360 0.1518409 0.1525395 0.1543768 0.1555656 0.1568275 0.1582514 0.1599488 0.1635801
0.1931495 0.1906963 0.1871055 0.1835029 0.1801283 0.1770019 0.1745503 0.1721590 0.1685991 0.1653990 0.1633350 0.1602092 0.1576075 0.1552783 0.1529239 0.1504103 0.1484067 0.1463356 0.1439505 0.1421644 0.1409126 0.1388558 0.1370075 0.1352637 0.1340453 0.1338212 0.1330833 0.1319200 0.1310072 0.1296244 0.1287319 0.1315193 0.1349054 0.1395085 0.1433526 0.1468168 0.1508359 0.1534741 0.1548196 0.1557748 0.1534584 0.1556371 0.1554832 0.1549378 0.1555900 0.1570488 0.1570555 0.1568722 0.1568267 0.1561577 0.1572770 0.1585021 0.1600090 0.1631114 0.1656543
0.1957431 0.1918334 0.1891705 0.1857785 0.1830241 0.1804817 0.1770801 0.1741132 0.1710901 0.1678719 0.1654166 0.1624290 0.1600032 0.1573338 0.1548499 0.1521368 0.1499608 0.1475193 0.1453053 0.1434513 0.1417599 0.1400781 0.1378864 0.1365549 0.1348875 0.1351622 0.1342311 0.1329365 0.1317858 0.1303649 0.1301596 0.1334583 0.1366733 0.1408010 0.1439054 0.1471503 0.1508407 0.1542581 0.1561147 0.1565121 0.1547234 0.1567861 0.1581393 0.1586145 0.1577314 0.1594272 0.1598401 0.1600617 0.1603483 0.1607063 0.1610567 0.1626665 0.1641434 0.1660340 0.1678317
0.1978537 0.1938678 0.1902459 0.1880099 0.1852420 0.1826868 0.1793619 0.1763103 0.1735269 0.1704266 0.1675000 0.1648662 0.1623236 0.1596073 0.1564085 0.1537027 0.1514863 0.1493257 0.1467787 0.1446580 0.1421013 0.1407262 0.1394186 0.1383030 0.1364008 0.1364260 0.1358059 0.1341887 0.1325376 0.1311356 0.1309028 0.1352889 0.1384475 0.1417498 0.1451881 0.1483695 0.1517829 0.1549510 0.1567730 0.1571095 0.1567543 0.1593864 0.1601958 0.1606009 0.1585010 0.1591631 0.1624107 0.1629003 0.1634004 0.1633048 0.1643002 0.1660974 0.1673561 0.1687747 0.1703950
0.1992249 0.1953216 0.1915590 0.1897682 0.1870145 0.1842792 0.1811094 0.1784383 0.1756094 0.1724743 0.1697732 0.1671007 0.1644886 0.1617307 0.1570972 0.1548804 0.1531014 0.1504788 0.1466838 0.1456544 0.1438195 0.1429918 0.1420967 0.1409628 0.1396973 0.1382824 0.1371011 0.1357101 0.1341076 0.1329885 0.1346339 0.1374875 0.1407270 0.1434913 0.1465771 0.1503216 0.1533407 0.1559680 0.1576369 0.1567836 0.1579324 0.1614866 0.1622689 0.1626787 0.1631423 0.1626600 0.1648358 0.1654878 0.1662484 0.1661898 0.1672125 0.1683108 0.1695280 0.1708027 0.1726505
0.1996682 0.1960848 0.1929683 0.1903623 0.1884525 0.1859444 0.1833653 0.1805818 0.1778965 0.1751323 0.1720038 0.1696251 0.1670975 0.1636856 0.1603513 0.1578321 0.1551253 0.1516242 0.1490632 0.1478050 0.1470922 0.1457188 0.1442949 0.1429736 0.1417765 0.1402978 0.1388845 0.1374321 0.1359376 0.1351163 0.1371051 0.1400055 0.1425989 0.1453695 0.1483101 0.1512771 0.1538556 0.1571739 0.1588121 0.1579179 0.1606543 0.1637318 0.1648763 0.1649716 0.1663105 0.1638808 0.1645401 0.1667502 0.1679055 0.1688015 0.1697929 0.1717364 0.1728152 0.1732032 0.1741241
0.2009470 0.1969915 0.1940798 0.1896597 0.1898178 0.1879420 0.1855255 0.1828525 0.1800239 0.1775397 0.1744871 0.1722519 0.1689139 0.1657562 0.1629140 0.1598877 0.1566589 0.1541736 0.1526485 0.1514381 0.1499732 0.1484171 0.1468493 0.1454346 0.1438997 0.1424682 0.1409258 0.1393076 0.1365757 0.1365263 0.1398062 0.1425950 0.1448846 0.1480298 0.1507993 0.1535808 0.1557318 0.1576381 0.1599335 0.1607290 0.1624606 0.1659935 0.1661893 0.1647552 0.1673741 0.1671399 0.1674084 0.1690938 0.1712757 0.1721942 0.1732811 0.1745223 0.1756441 0.1765964 0.1771473
