LUCAS_GEMMES_COP27/includes/subsidence/Scenario_B2/TOT_SUBSIDENCE_2080_SINCE_2018_MKD_ONLY.ASC
NCOLS                318
NROWS                364
XLLCORNER      400000.00
YLLCORNER      907000.00
CELLSIZE         1000.00
NODATA_VALUE    0.3402823E+39
[rows 120 to 143 of 364, columns 165 to 219 of 318]
0.3861917 0.3793840 0.3769961 0.3755946 0.3765006 0.3760089 0.3728081 0.3714096 0.3701217 0.3686178 0.3653280 0.3637776 0.3670092 0.3663909 0.3654287 0.3666592 0.3701882 0.3698829 0.3709505 0.3714176 0.3716077 0.3727821 0.3729386 0.3747589 0.3759095 0.3754250 0.3774357 0.3785882 0.3788896 0.3799713 0.3817511 0.3824664 0.3830004 0.3826950 0.3844081 0.3849007 0.3850575 0.3853474 0.3845933 0.3912430 0.3984341 0.4083994 0.4164056 0.4219361 0.4275923 0.4335072 0.4399226 0.4511091 0.4622403 0.4675034 0.4750033 0.4830706 0.4908293 0.4980126 0.5078815
0.3855947 0.3844084 0.3837003 0.3833959 0.3824352 0.3806294 0.3794209 0.3785689 0.3786486 0.3751809 0.3739389 0.3669568 0.3672383 0.3687766 0.3704723 0.3731112 0.3741790 0.3735389 0.3747185 0.3749093 0.3749434 0.3747413 0.3754218 0.3768474 0.3776655 0.3773532 0.3793036 0.3804314 0.3803885 0.3811073 0.3818105 0.3835041 0.3838491 0.3831930 0.3847296 0.3850872 0.3851044 0.3848701 0.3854210 0.3948591 0.4028731 0.4110390 0.4188897 0.4285213 0.4316083 0.4362399 0.4467431 0.4551076 0.4663937 0.4739721 0.4783883 0.4854789 0.4967591 0.5008522 0.5045896
0.3931171 0.3903969 0.3905513 0.3927820 0.3916243 0.3869109 0.3853141 0.3861702 0.3863400 0.3819446 0.3810955 0.3777202 0.3771577 0.3681842 0.3686485 0.3756270 0.3761297 0.3771141 0.3779880 0.3785024 0.3779051 0.3781719 0.3786874 0.3798918 0.3800100 0.3800933 0.3817654 0.3823247 0.3819757 0.3835102 0.3828994 0.3845903 0.3848111 0.3837622 0.3855752 0.3854523 0.3854322 0.3861271 0.3913288 0.3991558 0.4100544 0.4181137 0.4234150 0.4310235 0.4407236 0.4442562 0.4550005 0.4592447 0.4672422 0.4780512 0.4805930 0.4892311 0.4932649 0.4998732 0.5057195
0.4019802 0.4017312 0.4010393 0.3980709 0.3940457 0.3950230 0.3931986 0.3942325 0.3892832 0.3871071 0.3848200 0.3822567 0.3809071 0.3787103 0.3725813 0.3720827 0.3754980 0.3768544 0.3769944 0.3813710 0.3808134 0.3816274 0.3812220 0.3816928 0.3817950 0.3822481 0.3838174 0.3842114 0.3834407 0.3849283 0.3840878 0.3856660 0.3857833 0.3844542 0.3863984 0.3861320 0.3854211 0.3874954 0.3957501 0.4039862 0.4123766 0.4232882 0.4313926 0.4360524 0.4429799 0.4496500 0.4602738 0.4664497 0.4685933 0.4779066 0.4786850 0.4861718 0.4933400 0.4983515 0.4994864
0.4111485 0.4114013 0.4103081 0.4046585 0.4017571 0.4001219 0.4018932 0.4010105 0.3948440 0.3927443 0.3912884 0.3895283 0.3875314 0.3856346 0.3829641 0.3753343 0.3807909 0.3805220 0.3769539 0.3835501 0.3841900 0.3853095 0.3846591 0.3843965 0.3841606 0.3851374 0.3854261 0.3845488 0.3848028 0.3865829 0.3855876 0.3854813 0.3851401 0.3850628 0.3867599 0.3869454 0.3875048 0.3950486 0.4007585 0.4119881 0.4172632 0.4291233 0.4373441 0.4450917 0.4465393 0.4521496 0.4631345 0.4637310 0.4652652 0.4739314 0.4753406 0.4870577 0.4936984 0.4928166 0.4969023
0.4225219 0.4209636 0.4187667 0.4159703 0.4124137 0.4115706 0.4107675 0.4066799 0.4025297 0.3988422 0.3972219 0.3977503 0.3958304 0.3912672 0.3884678 0.3797233 0.3795015 0.3867081 0.3836957 0.3857219 0.3868055 0.3881167 0.3884215 0.3873153 0.3867429 0.3879749 0.3880130 0.3863453 0.3882559 0.3888262 0.3887978 0.3866337 0.3860772 0.3860952 0.3861596 0.3851906 0.3895289 0.4005685 0.4064890 0.4181940 0.4231138 0.4318857 0.4436670 0.4458475 0.4504203 0.4533057 0.4551560 0.4632519 0.4634730 0.4677422 0.4780071 0.4879258 0.4944481 0.4990402 0.5017652
0.4331069 0.4300284 0.4250924 0.4269578 0.4256640 0.4236263 0.4210905 0.4152332 0.4125964 0.4117757 0.4083323 0.4059567 0.4009458 0.3976963 0.3962302 0.3922752 0.3847352 0.3837862 0.3823493 0.3805798 0.3844742 0.3835431 0.3907543 0.3910989 0.3896097 0.3893484 0.3876083 0.3847526 0.3897313 0.3910724 0.3910149 0.3884825 0.3876756 0.3897601 0.3894936 0.3866202 0.3941247 0.4026062 0.4119942 0.4208402 0.4291704 0.4374149 0.4484532 0.4496406 0.4588847 0.4615623 0.4539013 0.4578907 0.4657639 0.4687149 0.4826896 0.4903669 0.4942418 0.4957536 0.5012333
0.4467580 0.4437681 0.4358118 0.4373710 0.4371202 0.4335868 0.4300600 0.4255435 0.4229892 0.4212458 0.4181795 0.4143886 0.4078254 0.4052121 0.4057692 0.4020770 0.3983430 0.3888584 0.3859212 0.3835574 0.3852744 0.3776800 0.3920231 0.3932632 0.3912928 0.3911835 0.3885098 0.3859304 0.3909793 0.3931882 0.3929172 0.3900783 0.3893294 0.3889734 0.3858455 0.3868988 0.3984478 0.4072831 0.4237163 0.4273393 0.4345495 0.4446529 0.4520413 0.4509068 0.4526171 0.4582082 0.4606147 0.4622850 0.4683164 0.4718052 0.4819579 0.4872099 0.4925569 0.4940110 0.5003178
0.4609989 0.4574352 0.4498131 0.4491361 0.4467487 0.4391579 0.4355068 0.4314392 0.4290681 0.4291245 0.4266396 0.4226895 0.4186500 0.4143313 0.4119045 0.4094906 0.4042220 0.3961211 0.3905376 0.3886470 0.3864852 0.3930974 0.3922585 0.3894556 0.3922464 0.3926657 0.3915230 0.3911834 0.3935212 0.3951720 0.3946858 0.3916326 0.3935528 0.3935037 0.3874938 0.3928176 0.4026885 0.4138700 0.4245711 0.4339648 0.4375131 0.4450135 0.4491603 0.4552128 0.4502266 0.4522671 0.4625559 0.4602243 0.4596273 0.4675622 0.4756385 0.4824388 0.4908229 0.4932892 0.4993722
0.4765660 0.4751860 0.4703482 0.4616325 0.4588819 0.4529950 0.4457881 0.4416800 0.4374170 0.4387445 0.4342440 0.4304782 0.4247636 0.4189485 0.4136903 0.4126765 0.4105639 0.4071921 0.3949742 0.3919133 0.3873721 0.3891658 0.3876539 0.3908842 0.3926863 0.3928157 0.3935316 0.3933181 0.3953181 0.3963611 0.3959920 0.3931959 0.3929492 0.3943750 0.3950413 0.4036443 0.4133984 0.4199194 0.4299160 0.4370718 0.4376011 0.4291963 0.4324823 0.4535539 0.4413761 0.4535374 0.4592375 0.4603373 0.4568909 0.4714305 0.4770032 0.4775275 0.4844141 0.4920087 0.4965101
0.4936832 0.4892853 0.4844384 0.4744350 0.4669043 0.4661080 0.4617033 0.4568397 0.4520428 0.4449154 0.4351563 0.4343879 0.4304197 0.4246437 0.4205211 0.4169164 0.4158768 0.4100406 0.4038043 0.3948567 0.3926198 0.3923342 0.3904778 0.3889831 0.3872425 0.3861651 0.3918338 0.3898296 0.3905185 0.3947973 0.3969660 0.3952467 0.4009478 0.3973426 0.3971977 0.4115564 0.4279075 0.4366461 0.4428629 0.4423283 0.4268533 0.4329788 0.4567181 0.4641923 0.4588567 0.4484869 0.4512957 0.4550114 0.4598465 0.4647384 0.4683242 0.4718495 0.4821674 0.4902097 0.4949010
0.5115329 0.5048032 0.4982256 0.4922432 0.4836897 0.4779174 0.4735669 0.4671546 0.4607566 0.4519429 0.4456374 0.4400695 0.4396631 0.4356152 0.4318300 0.4271932 0.4187220 0.4131144 0.4097772 0.3995731 0.3965872 0.3926982 0.3923469 0.3910687 0.3889407 0.3872234 0.3864160 0.3931324 0.3887482 0.3935710 0.3946562 0.3966517 0.3956105 0.3956131 0.4061412 0.4242015 0.4346826 0.4423216 0.4444078 0.4296296 0.4327811 0.4567361 0.4595572 0.4620871 0.4643610 0.4641098 0.4550882 0.4572126 0.4610746 0.4663378 0.4702376 0.4748507 0.4808331 0.4865906 0.4915264
0.5294023 0.5211357 0.5132794 0.5031914 0.4921550 0.4895011 0.4845238 0.4769704 0.4706154 0.4619405 0.4544811 0.4488118 0.4433942 0.4418548 0.4401996 0.4348693 0.4268677 0.4195169 0.4151575 0.4087123 0.4040430 0.3974265 0.3948010 0.3928133 0.3907589 0.3883258 0.3856478 0.3841435 0.3816910 0.3914795 0.3939735 0.3981175 0.4084219 0.4123874 0.4175324 0.4319950 0.4394097 0.4423286 0.4336451 0.4382220 0.4604911 0.4674870 0.4693938 0.4703428 0.4685771 0.4696540 0.4684384 0.4606034 0.4637930 0.4682437 0.4727640 0.4775994 0.4821576 0.4873287 0.4925307
0.5473044 0.5378391 0.5281126 0.5178285 0.5061324 0.5024711 0.4962375 0.4878789 0.4818271 0.4758084 0.4695634 0.4614658 0.4509349 0.4463070 0.4441549 0.4409627 0.4344170 0.4267831 0.4230730 0.4158536 0.4106766 0.4084445 0.4051175 0.4021844 0.3992738 0.3955019 0.3912128 0.3845113 0.3836943 0.3836011 0.3818571 0.3904369 0.4033400 0.4137798 0.4242475 0.4359413 0.4337685 0.4341827 0.4368197 0.4597690 0.4675166 0.4713106 0.4753986 0.4738337 0.4705753 0.4703310 0.4727721 0.4701864 0.4725202 0.4685079 0.4747515 0.4805215 0.4847501 0.4889472 0.4936270
0.5586089 0.5450001 0.5410872 0.5325649 0.5233885 0.5157812 0.5074370 0.4988138 0.4919028 0.4847532 0.4773623 0.4710814 0.4638478 0.4553238 0.4466825 0.4447672 0.4408072 0.4345566 0.4269250 0.4233679 0.4179019 0.4160120 0.4109031 0.4078285 0.4045878 0.3983463 0.3895028 0.3873348 0.3915361 0.3849142 0.3848220 0.3906900 0.4018844 0.4186620 0.4353456 0.4311749 0.4375618 0.4390751 0.4523659 0.4602196 0.4655274 0.4688540 0.4700863 0.4719607 0.4746153 0.4747429 0.4739029 0.4745095 0.4750525 0.4758027 0.4797555 0.4867132 0.4880691 0.4922363 0.4965576
0.5786318 0.5635751 0.5566795 0.5471860 0.5369749 0.5274346 0.5174164 0.5099818 0.5029412 0.4939772 0.4862245 0.4790732 0.4729327 0.4656469 0.4586080 0.4521784 0.4468092 0.4410592 0.4343758 0.4282752 0.4217840 0.4184820 0.4142762 0.4170071 0.4126009 0.4024723 0.4005041 0.3984171 0.3984825 0.3970642 0.3959728 0.3982580 0.4007075 0.4120698 0.4372977 0.4506465 0.4589409 0.4542030 0.4424713 0.4612837 0.4698709 0.4757869 0.4743451 0.4744973 0.4759410 0.4777500 0.4776238 0.4759142 0.4782815 0.4815871 0.4848360 0.4897276 0.4961104 0.5011372 0.5061832
0.5930353 0.5808418 0.5703408 0.5596265 0.5490798 0.5380259 0.5284366 0.5209166 0.5132726 0.5034267 0.4962702 0.4893491 0.4801000 0.4721704 0.4654141 0.4589079 0.4526137 0.4468855 0.4418585 0.4346663 0.4285882 0.4245178 0.4200841 0.4202704 0.4085397 0.4063085 0.4066756 0.4054086 0.4033427 0.4016522 0.3998471 0.4002160 0.4133739 0.4277476 0.4430545 0.4566142 0.4647297 0.4568714 0.4514213 0.4541655 0.4766381 0.4710946 0.4587127 0.4610271 0.4673768 0.4707630 0.4718063 0.4753637 0.4753829 0.4826954 0.4874248 0.4930755 0.4992929 0.5057206 0.5125537
0.6052592 0.5939929 0.5823252 0.5710299 0.5602301 0.5492051 0.5412550 0.5329362 0.5225683 0.5132552 0.5050162 0.4965697 0.4872940 0.4802321 0.4732693 0.4652540 0.4585651 0.4532779 0.4468743 0.4411907 0.4359611 0.4302306 0.4264648 0.4230537 0.4167826 0.4132547 0.4114510 0.4088456 0.4068584 0.4041576 0.4016632 0.4027135 0.4191431 0.4336947 0.4470888 0.4603945 0.4722833 0.4718980 0.4635225 0.4788236 0.4777569 0.4765906 0.4734083 0.4767192 0.4845325 0.4862904 0.4846062 0.4779612 0.4806200 0.4876494 0.4919963 0.4963654 0.5014040 0.5073265 0.5201583
0.6121048 0.6045584 0.5929452 0.5811890 0.5701236 0.5598491 0.5519152 0.5440395 0.5322495 0.5214383 0.5147594 0.5042684 0.4956288 0.4879515 0.4801795 0.4718354 0.4653026 0.4585208 0.4506227 0.4448718 0.4411268 0.4343761 0.4282753 0.4228007 0.4187857 0.4183714 0.4162151 0.4122953 0.4098507 0.4055433 0.4033495 0.4122111 0.4230738 0.4380249 0.4501764 0.4613029 0.4749069 0.4834733 0.4877326 0.4919390 0.4829961 0.4911222 0.4906528 0.4887032 0.4912515 0.4968296 0.4970392 0.4965757 0.4965725 0.4943199 0.4984044 0.5027409 0.5080569 0.5192798 0.5280461
0.6220102 0.6094656 0.6010846 0.5900441 0.5811195 0.5728883 0.5617813 0.5517980 0.5416508 0.5308464 0.5227638 0.5127372 0.5047038 0.4957906 0.4875342 0.4784510 0.4712975 0.4631845 0.4558860 0.4498819 0.4444178 0.4390694 0.4318855 0.4273821 0.4214724 0.4228231 0.4201095 0.4157523 0.4125275 0.4080573 0.4081385 0.4186733 0.4289033 0.4423611 0.4521402 0.4627168 0.4752143 0.4870757 0.4931926 0.4943007 0.4878052 0.4958200 0.5010833 0.5027903 0.4995314 0.5059915 0.5076379 0.5086159 0.5097780 0.5111702 0.5123994 0.5182212 0.5234489 0.5300879 0.5363221
0.6301181 0.6173488 0.6056512 0.5986597 0.5896582 0.5814453 0.5702707 0.5600970 0.5508725 0.5404556 0.5306601 0.5219181 0.5135078 0.5044544 0.4935135 0.4844390 0.4771754 0.4702930 0.4615544 0.4545551 0.4461651 0.4415867 0.4372275 0.4331706 0.4265042 0.4269834 0.4254004 0.4200622 0.4148540 0.4108058 0.4105943 0.4246123 0.4347506 0.4453734 0.4566430 0.4672323 0.4788896 0.4899721 0.4960786 0.4969670 0.4955308 0.5057803 0.5091426 0.5105521 0.5027434 0.5053009 0.5176301 0.5195441 0.5214404 0.5210501 0.5246672 0.5312080 0.5356741 0.5406457 0.5463298
0.6356506 0.6231542 0.6109663 0.6055475 0.5965595 0.5875100 0.5769862 0.5682065 0.5587718 0.5481834 0.5392326 0.5303061 0.5216290 0.5123914 0.4963278 0.4891065 0.4833705 0.4745388 0.4615397 0.4584780 0.4522725 0.4492639 0.4464509 0.4424454 0.4383593 0.4333327 0.4295130 0.4251896 0.4201338 0.4170668 0.4223641 0.4317963 0.4423486 0.4512369 0.4615081 0.4744126 0.4848338 0.4938771 0.4995277 0.4960409 0.5002559 0.5138659 0.5173467 0.5187708 0.5206140 0.5188807 0.5271705 0.5296547 0.5324991 0.5321884 0.5359052 0.5398437 0.5441646 0.5486625 0.5554317
0.6379776 0.6265473 0.6165296 0.6081396 0.6021281 0.5939060 0.5854803 0.5762328 0.5672116 0.5579810 0.5474538 0.5399129 0.5312014 0.5198016 0.5083764 0.4999952 0.4911366 0.4791152 0.4702393 0.4661258 0.4634793 0.4586042 0.4535890 0.4490231 0.4451497 0.4400691 0.4357315 0.4309656 0.4262019 0.4239399 0.4303641 0.4399610 0.4483869 0.4573774 0.4673823 0.4777424 0.4865396 0.4983175 0.5039530 0.5004128 0.5106225 0.5223652 0.5273705 0.5280799 0.5334057 0.5239769 0.5265250 0.5348760 0.5393854 0.5424819 0.5460583 0.5531846 0.5569948 0.5581843 0.5613903
0.6434064 0.6304257 0.6210243 0.6064084 0.6074359 0.6014474 0.5934078 0.5845307 0.5750794 0.5668249 0.5566385 0.5493230 0.5380940 0.5272548 0.5177881 0.5075797 0.4966688 0.4881794 0.4826694 0.4784867 0.4734787 0.4677831 0.4621071 0.4570000 0.4519399 0.4472669 0.4424860 0.4368635 0.4281679 0.4285716 0.4391131 0.4483899 0.4558990 0.4666235 0.4759433 0.4856144 0.4932984 0.4996887 0.5080220 0.5108814 0.5174252 0.5311624 0.5320877 0.5273249 0.5377376 0.5368353 0.5379424 0.5443434 0.5526205 0.5558364 0.5597383 0.5641860 0.5681596 0.5714910 0.5733628
