LUCAS_GEMMES_COP27/includes/subsidence/Scenario_B2/TOT_SUBSIDENCE_2040_SINCE_2018_MKD_ONLY.ASC
NCOLS                318
NROWS                364
XLLCORNER      400000.00
YLLCORNER      907000.00
CELLSIZE         1000.00
NODATA_VALUE    0.3402823E+39
[rows 120 to 143 of 364, columns 110 to 164 of 318]
4.9042128E-02 4.8716195E-02 4.8653558E-02 4.9043514E-02 4.9505591E-02 5.0157987E-02 5.0813086E-02 5.1475003E-02 5.2038856E-02 5.2152842E-02 5.2476637E-02 5.2333035E-02 5.2297868E-02 5.3873412E-02 5.4890826E-02 5.6110457E-02 5.7852358E-02 5.9567332E-02 6.1800323E-02 6.4292327E-02 6.7036226E-02 6.9800369E-02 7.2482027E-02 7.4909456E-02 7.8116357E-02 8.1184089E-02 8.4302157E-02 8.7305725E-02 9.0564765E-02 9.3282998E-02 9.6567452E-02 0.1001462 0.1035332 0.1069567 0.1098043 0.1130839 0.1142174 0.1169442 0.1193992 0.1227634 0.1262709 0.1282752 0.1294574 0.1298960 0.1318372 0.1326767 0.1325075 0.1324059 0.1322817 0.1325747 0.1330639 0.1338156 0.1343798 0.1349096 0.1357408
5.0530665E-02 5.0079785E-02 4.9933262E-02 5.0073206E-02 5.0515957E-02 5.0985605E-02 5.1416270E-02 5.1881924E-02 5.2290224E-02 5.2795790E-02 5.2811787E-02 5.3921081E-02 5.4837450E-02 5.5825882E-02 5.7005651E-02 5.8662362E-02 6.0265183E-02 6.2370673E-02 6.4786665E-02 6.7455664E-02 7.0160180E-02 7.2888680E-02 7.5909331E-02 7.7951580E-02 8.0784902E-02 8.4375836E-02 8.7563589E-02 9.0876155E-02 9.3572035E-02 9.6891418E-02 0.1003409 0.1043110 0.1078732 0.1108544 0.1133897 0.1170480 0.1194715 0.1202545 0.1223951 0.1252296 0.1297651 0.1311765 0.1322595 0.1331108 0.1341194 0.1340279 0.1341148 0.1346508 0.1349087 0.1355327 0.1361206 0.1362096 0.1366212 0.1359816 0.1352101
5.1945791E-02 5.1450334E-02 5.1381610E-02 5.1325351E-02 5.1720463E-02 5.2026242E-02 5.2381583E-02 5.2782364E-02 5.2814417E-02 5.3083919E-02 5.4663084E-02 5.5643752E-02 5.6743249E-02 5.7947226E-02 5.9186712E-02 6.0837463E-02 6.2987350E-02 6.5480292E-02 6.7874633E-02 7.0224851E-02 7.2834827E-02 7.5915821E-02 7.8811377E-02 8.1323452E-02 8.4139884E-02 8.7678276E-02 9.1049336E-02 9.4457477E-02 9.7537741E-02 0.1008025 0.1042011 0.1075727 0.1114985 0.1150880 0.1184518 0.1211507 0.1233857 0.1240237 0.1297201 0.1294755 0.1329764 0.1344296 0.1354053 0.1363603 0.1371694 0.1368600 0.1356144 0.1361909 0.1374810 0.1391162 0.1391666 0.1383836 0.1382017 0.1379968 0.1369522
5.3310715E-02 5.3072616E-02 5.3051800E-02 5.2842699E-02 5.3003326E-02 5.3359091E-02 5.3285576E-02 5.3260282E-02 5.4645345E-02 5.5637710E-02 5.6437075E-02 5.7436302E-02 5.8731936E-02 6.0076050E-02 6.1847061E-02 6.3683026E-02 6.6096343E-02 6.8401679E-02 7.0844486E-02 7.3174104E-02 7.5939849E-02 7.9106778E-02 8.1936903E-02 8.4999293E-02 8.7728493E-02 9.1379523E-02 9.4614141E-02 9.7992241E-02 0.1016380 0.1050282 0.1086499 0.1118804 0.1153273 0.1202044 0.1234029 0.1251396 0.1274118 0.1299426 0.1321372 0.1372766 0.1375347 0.1399579 0.1405480 0.1393628 0.1399077 0.1401611 0.1395187 0.1382238 0.1407638 0.1419211 0.1411655 0.1404857 0.1401608 0.1398804 0.1388935
5.4992661E-02 5.4617271E-02 5.4561622E-02 5.4714076E-02 5.4260492E-02 5.4099955E-02 5.4916248E-02 5.5596247E-02 5.6296349E-02 5.7329595E-02 5.8627024E-02 5.9742987E-02 6.0947284E-02 6.2729649E-02 6.4401083E-02 6.6914260E-02 6.9116741E-02 7.1332105E-02 7.3659569E-02 7.6583244E-02 7.9393469E-02 8.1934467E-02 8.5068956E-02 8.8280775E-02 9.1405891E-02 9.4895832E-02 9.7999811E-02 0.1018684 0.1060166 0.1093151 0.1138875 0.1168972 0.1204805 0.1251055 0.1267729 0.1301629 0.1332025 0.1353340 0.1373518 0.1418339 0.1396947 0.1425655 0.1450820 0.1437409 0.1451522 0.1446881 0.1436306 0.1434733 0.1442173 0.1436485 0.1431947 0.1428085 0.1423951 0.1421209 0.1414444
5.6671247E-02 5.6140423E-02 5.6136221E-02 5.5604868E-02 5.6039371E-02 5.6392618E-02 5.6806944E-02 5.7353616E-02 5.8473773E-02 5.9388995E-02 6.0569212E-02 6.1831616E-02 6.3577354E-02 6.5391101E-02 6.7329809E-02 6.9673061E-02 7.1995705E-02 7.4257687E-02 7.6906823E-02 7.9662770E-02 8.2164481E-02 8.5099258E-02 8.8946991E-02 9.1643915E-02 9.5292844E-02 9.8686367E-02 0.1022429 0.1064628 0.1103417 0.1136023 0.1175582 0.1216119 0.1262027 0.1298392 0.1325184 0.1362731 0.1379942 0.1406033 0.1425741 0.1444376 0.1436604 0.1449651 0.1478302 0.1485941 0.1498851 0.1499453 0.1481419 0.1478268 0.1458307 0.1464073 0.1457055 0.1456326 0.1457135 0.1452466 0.1441448
5.8467880E-02 5.7552099E-02 5.7114795E-02 5.7661474E-02 5.7916135E-02 5.8320731E-02 5.8788478E-02 5.9534177E-02 6.0575940E-02 6.1475620E-02 6.2903456E-02 6.4838745E-02 6.6468909E-02 6.8467811E-02 7.0461497E-02 7.2712660E-02 7.5365953E-02 7.7423558E-02 8.0307886E-02 8.3052874E-02 8.5803881E-02 8.8772081E-02 9.2031308E-02 9.5624231E-02 9.9727556E-02 0.1030311 0.1068478 0.1108282 0.1151178 0.1191873 0.1216165 0.1264162 0.1311935 0.1352899 0.1386182 0.1419405 0.1443655 0.1460937 0.1471737 0.1487000 0.1499249 0.1494872 0.1532009 0.1537240 0.1540919 0.1546852 0.1535121 0.1525984 0.1508847 0.1507419 0.1488518 0.1484593 0.1490349 0.1484850 0.1473703
5.9624180E-02 5.9740566E-02 5.9635863E-02 5.9663832E-02 5.9921689E-02 6.0360275E-02 6.0861982E-02 6.1745301E-02 6.3000754E-02 6.4320713E-02 6.5762267E-02 6.7560755E-02 6.9693491E-02 7.1678855E-02 7.3830247E-02 7.5916313E-02 7.8562513E-02 8.0640122E-02 8.3524488E-02 8.6731322E-02 8.9704521E-02 9.2907980E-02 9.8689392E-02 0.1000983 0.1037849 0.1073522 0.1093988 0.1133999 0.1195079 0.1245795 0.1287052 0.1314000 0.1358970 0.1403250 0.1438689 0.1479314 0.1485621 0.1522334 0.1543082 0.1556181 0.1556041 0.1573287 0.1579478 0.1588907 0.1609886 0.1609625 0.1600465 0.1581718 0.1563270 0.1553743 0.1532815 0.1533411 0.1538685 0.1522028 0.1509996
6.1957560E-02 6.1898075E-02 6.1815195E-02 6.1858311E-02 6.2093988E-02 6.2545419E-02 6.3096307E-02 6.4214095E-02 6.5552980E-02 6.7185141E-02 6.8977430E-02 7.0935115E-02 7.3048428E-02 7.5092196E-02 7.7481218E-02 7.9921417E-02 8.2407914E-02 8.5122563E-02 8.7842621E-02 9.0698294E-02 9.3694933E-02 9.6821725E-02 0.1003593 0.1035398 0.1076086 0.1120350 0.1155132 0.1199861 0.1250382 0.1299076 0.1338286 0.1387971 0.1408964 0.1443532 0.1482801 0.1523497 0.1542337 0.1580102 0.1604443 0.1620636 0.1622324 0.1641190 0.1656597 0.1653109 0.1688449 0.1685883 0.1669714 0.1648558 0.1631030 0.1618337 0.1588815 0.1594563 0.1590734 0.1568204 0.1552337
6.4193375E-02 6.4304501E-02 6.4217247E-02 6.4208552E-02 6.4391010E-02 6.4828455E-02 6.5401681E-02 6.6753201E-02 6.8345621E-02 7.0165254E-02 7.2181582E-02 7.3996678E-02 7.6036699E-02 7.8863084E-02 8.1753224E-02 8.4218211E-02 8.6383678E-02 8.9109056E-02 9.1877535E-02 9.4736926E-02 9.7812869E-02 0.1012552 0.1051537 0.1091440 0.1118090 0.1174647 0.1208678 0.1255825 0.1301868 0.1348700 0.1389320 0.1430389 0.1474106 0.1507471 0.1536993 0.1573257 0.1606394 0.1633501 0.1653677 0.1679923 0.1705313 0.1723646 0.1744604 0.1760874 0.1731077 0.1753858 0.1742777 0.1720941 0.1702684 0.1689012 0.1667163 0.1658432 0.1638853 0.1619758 0.1604807
6.6773087E-02 6.7092665E-02 6.6891976E-02 6.6718012E-02 6.6772826E-02 6.7148492E-02 6.7750849E-02 6.9393136E-02 7.1189724E-02 7.3297426E-02 7.5282581E-02 7.7453136E-02 8.0064878E-02 8.3044335E-02 8.6145669E-02 8.8809244E-02 9.1141351E-02 9.3167707E-02 9.5815212E-02 9.9369220E-02 0.1021300 0.1049426 0.1092107 0.1138487 0.1168324 0.1218258 0.1255923 0.1306111 0.1355114 0.1400173 0.1442451 0.1481895 0.1527614 0.1563314 0.1599547 0.1623541 0.1658065 0.1685677 0.1721069 0.1746566 0.1778541 0.1811416 0.1824578 0.1830124 0.1819195 0.1785305 0.1821849 0.1802502 0.1746524 0.1762217 0.1741749 0.1715290 0.1685538 0.1650960 0.1644978
6.9746837E-02 7.0267454E-02 6.9885597E-02 6.9352977E-02 6.9174193E-02 6.9477573E-02 7.0051648E-02 7.1873993E-02 7.3747486E-02 7.5932257E-02 7.9317324E-02 8.2149476E-02 8.5034765E-02 8.7545805E-02 9.0650901E-02 9.3351059E-02 9.6416220E-02 9.7731173E-02 0.1008443 0.1044858 0.1069719 0.1093278 0.1142120 0.1184738 0.1223470 0.1265079 0.1303947 0.1352021 0.1403766 0.1440841 0.1493021 0.1533501 0.1568880 0.1609910 0.1636262 0.1667656 0.1704305 0.1742622 0.1774374 0.1805716 0.1844872 0.1860797 0.1879917 0.1890632 0.1880570 0.1873272 0.1848944 0.1845730 0.1859163 0.1838330 0.1818847 0.1786009 0.1749310 0.1718044 0.1697274
7.3269054E-02 7.5160168E-02 7.2815634E-02 7.1851991E-02 7.1570955E-02 7.1424134E-02 7.2198913E-02 7.3975846E-02 7.6787822E-02 7.9297513E-02 8.3455950E-02 8.6580873E-02 8.9733385E-02 9.2167489E-02 9.5356777E-02 9.8052435E-02 0.1006639 0.1024304 0.1041791 0.1078281 0.1103281 0.1144268 0.1189942 0.1224379 0.1265774 0.1312396 0.1357905 0.1395694 0.1436981 0.1485028 0.1542837 0.1577915 0.1600067 0.1632774 0.1665178 0.1707859 0.1751318 0.1792698 0.1830951 0.1868090 0.1891365 0.1911787 0.1940585 0.1958833 0.1937514 0.1916035 0.1903408 0.1907336 0.1894448 0.1880140 0.1878583 0.1837690 0.1808449 0.1780703 0.1747989
7.5716779E-02 7.6630116E-02 7.5028308E-02 7.4079007E-02 7.3781423E-02 7.3241390E-02 7.3929466E-02 7.4597068E-02 7.9017244E-02 8.4313758E-02 8.8005997E-02 9.0879850E-02 9.4589368E-02 9.7160913E-02 0.1003748 0.1029524 0.1062339 0.1075909 0.1097395 0.1128926 0.1151916 0.1193144 0.1234833 0.1259051 0.1300897 0.1355393 0.1403159 0.1442373 0.1489053 0.1547900 0.1590414 0.1615376 0.1639057 0.1668389 0.1707479 0.1749062 0.1794032 0.1828148 0.1885253 0.1909673 0.1930556 0.1962298 0.1972645 0.1985645 0.1987177 0.1958274 0.1969543 0.1943303 0.1931143 0.1934900 0.1903343 0.1889887 0.1865037 0.1817967 0.1795159
7.8300931E-02 7.8493200E-02 7.7784397E-02 7.6491266E-02 7.5651735E-02 7.4734733E-02 3.4028235E+38 3.4028235E+38 3.4028235E+38 8.8207796E-02 9.2978239E-02 9.4629109E-02 0.1000481 0.1025171 0.1055794 0.1079847 0.1108968 0.1135010 0.1159920 0.1182986 0.1205716 0.1238973 0.1267396 0.1299372 0.1363282 0.1407261 0.1444620 0.1489867 0.1529517 0.1593399 0.1624381 0.1657601 0.1697403 0.1729180 0.1761268 0.1805066 0.1842710 0.1871444 0.1903785 0.1932915 0.1968085 0.1988018 0.1985035 0.2000376 0.1997956 0.2030362 0.2027037 0.2004938 0.1970862 0.1981983 0.1961978 0.1932869 0.1919565 0.1867196 0.1829125
8.1582621E-02 8.1710570E-02 8.0973849E-02 7.9384081E-02 7.8306459E-02 3.4028235E+38 3.4028235E+38 3.4028235E+38 3.4028235E+38 9.4162069E-02 9.8894872E-02 3.4028235E+38 0.1042915 0.1084960 0.1110329 0.1130526 0.1159603 0.1162444 0.1200569 0.1219019 0.1251107 0.1290131 0.1312045 0.1344029 0.1399879 0.1442041 0.1489691 0.1530581 0.1564748 0.1608939 0.1650299 0.1695271 0.1731165 0.1765653 0.1800934 0.1840417 0.1873995 0.1899637 0.1927716 0.1965638 0.1992336 0.2009980 0.2012152 0.2009482 0.2031933 0.2054632 0.2053355 0.2033216 0.2037194 0.2013835 0.2011875 0.1985499 0.1939598 0.1915704 0.1888471
8.5877381E-02 8.6040623E-02 8.5141204E-02 8.1524797E-02 7.9842471E-02 3.4028235E+38 3.4028235E+38 3.4028235E+38 3.4028235E+38 3.4028235E+38 0.1048573 3.4028235E+38 0.1109608 0.1142429 0.1157419 0.1179663 0.1199722 0.1199572 0.1218157 0.1253816 0.1301637 0.1335329 0.1359231 0.1394931 0.1440569 0.1480986 0.1523861 0.1565283 0.1595258 0.1637629 0.1690226 0.1722118 0.1752559 0.1788360 0.1825739 0.1863353 0.1889029 0.1919837 0.1951074 0.1982671 0.2011878 0.2035624 0.2047457 0.2056992 0.2062383 0.2078912 0.2088980 0.2079873 0.2074357 0.2085054 0.2050281 0.2035317 0.1980227 0.1937855 0.1926846
9.0857841E-02 9.1835849E-02 9.2486732E-02 3.4028235E+38 3.4028235E+38 3.4028235E+38 3.4028235E+38 3.4028235E+38 3.4028235E+38 0.1201781 0.1154910 0.1169560 0.1179732 0.1203890 0.1215408 0.1238758 0.1250241 0.1247791 0.1268200 0.1300036 0.1345460 0.1378195 0.1409996 0.1435544 0.1481823 0.1514584 0.1554261 0.1581436 0.1621565 0.1659869 0.1697124 0.1743761 0.1777984 0.1813648 0.1852435 0.1878832 0.1908972 0.1950752 0.1984622 0.1999550 0.2033356 0.2054408 0.2063242 0.2081130 0.2084272 0.2099263 0.2108268 0.2112376 0.2109776 0.2108369 0.2104307 0.2068319 0.2029516 0.1975288 0.1941955
9.6147284E-02 9.7758144E-02 9.9865779E-02 9.7822599E-02 9.8167725E-02 3.4028235E+38 3.4028235E+38 3.4028235E+38 0.1254962 0.1241285 0.1231644 0.1239843 0.1249777 0.1252699 0.1265502 0.1284801 0.1300207 0.1314918 0.1327302 0.1351618 0.1378903 0.1410684 0.1448512 0.1469602 0.1505919 0.1549537 0.1581122 0.1615970 0.1664205 0.1699073 0.1720989 0.1768563 0.1804270 0.1842863 0.1865260 0.1897124 0.1929998 0.1974807 0.2003450 0.2017378 0.2034399 0.2055205 0.2071397 0.2099907 0.2110551 0.2115582 0.2117064 0.2129031 0.2127951 0.2122741 0.2119292 0.2102252 0.2032704 0.2017083 0.1973517
0.1007989 0.1028487 0.1040290 0.1000665 3.4028235E+38 3.4028235E+38 3.4028235E+38 0.1276069 0.1273985 0.1273642 0.1266382 0.1266776 0.1289297 0.1297517 0.1313361 0.1328047 0.1343098 0.1350392 0.1373908 0.1403619 0.1428777 0.1445424 0.1482098 0.1511841 0.1534446 0.1565321 0.1600471 0.1638311 0.1685121 0.1716245 0.1735291 0.1769722 0.1813021 0.1852550 0.1874612 0.1922981 0.1946290 0.1987757 0.2014592 0.2035191 0.2043077 0.2061480 0.2087144 0.2097341 0.2115941 0.2123529 0.2124788 0.2134285 0.2136203 0.2129285 0.2132078 0.2118332 0.2100822 0.2047735 0.2000715
0.1052593 0.1068841 0.1094804 0.1137779 0.1202581 0.1215017 0.1265701 0.1276504 0.1299507 0.1286702 0.1292726 0.1308686 0.1322029 0.1336955 0.1350086 0.1363621 0.1368408 0.1388502 0.1417723 0.1441709 0.1465736 0.1478482 0.1503043 0.1542413 0.1568728 0.1586467 0.1624155 0.1670610 0.1701969 0.1732737 0.1758601 0.1777764 0.1820993 0.1846727 0.1887749 0.1935481 0.1955137 0.1985004 0.2018758 0.2040497 0.2049595 0.2070779 0.2099083 0.2106958 0.2126952 0.2134091 0.2131037 0.2144203 0.2144154 0.2139621 0.2141176 0.2128331 0.2106952 0.2075726 0.2019394
0.1086397 0.1110035 0.1145488 0.1179703 0.1220070 0.1253774 0.1280608 0.1298021 0.1304799 0.1312941 0.1329714 0.1341464 0.1352446 0.1370451 0.1384377 0.1390423 0.1406947 0.1419052 0.1439426 0.1473445 0.1500258 0.1521806 0.1530019 0.1557273 0.1580415 0.1608316 0.1640932 0.1685838 0.1716577 0.1745523 0.1768848 0.1782876 0.1817067 0.1860967 0.1899336 0.1942751 0.1968107 0.1989652 0.2022399 0.2035528 0.2056133 0.2076261 0.2098740 0.2110900 0.2135396 0.2141256 0.2136972 0.2144988 0.2149142 0.2149102 0.2143595 0.2129841 0.2111577 0.2076233 0.2040005
0.1123997 0.1155417 0.1181326 0.1210858 0.1243869 0.1274151 0.1297597 0.1316909 0.1321839 0.1345514 0.1356738 0.1369737 0.1384264 0.1403797 0.1416662 0.1424380 0.1440743 0.1462586 0.1469829 0.1504377 0.1525376 0.1547873 0.1566206 0.1583711 0.1607102 0.1642453 0.1655936 0.1685542 0.1726218 0.1752972 0.1773057 0.1788792 0.1833874 0.1886163 0.1909571 0.1950826 0.1978404 0.1997522 0.2021564 0.2041794 0.2067058 0.2081776 0.2099960 0.2119235 0.2131901 0.2141024 0.2142527 0.2153052 0.2161084 0.2154355 0.2143039 0.2132523 0.2114042 0.2093478 0.2048722
0.1157703 0.1189228 0.1214601 0.1242033 0.1269567 0.1294896 0.1318190 0.1327226 0.1343848 0.1368224 0.1380762 0.1396673 0.1420639 0.1435247 0.1431200 0.1448311 0.1465911 0.1479079 0.1496059 0.1516113 0.1547957 0.1567485 0.1574140 0.1597212 0.1620772 0.1656663 0.1679748 0.1691429 0.1729542 0.1751394 0.1766651 0.1808959 0.1861501 0.1897187 0.1918291 0.1949019 0.1985719 0.2004204 0.2029111 0.2054143 0.2073254 0.2088672 0.2111730 0.2126443 0.2129671 0.2141554 0.2151730 0.2157894 0.2164612 0.2156671 0.2149064 0.2135030 0.2118247 0.2084666 0.2043432
