LUCAS_GEMMES_COP27/includes/subsidence/Scenario_B2/TOT_SUBSIDENCE_2030_SINCE_2018_MKD_ONLY.ASC
NCOLS                318
NROWS                364
XLLCORNER      400000.00
YLLCORNER      907000.00
CELLSIZE         1000.00
NODATA_VALUE    0.3402823E+39
[rows 216 to 239 of 364, columns 108 to 161 of 318]
0.1430906 0.1457414 0.1484768 0.1510883 0.1537715 0.1565334 0.1594021 0.1618328 0.1642621 0.1667442 0.1690359 0.1719813 0.1743159 0.1759955 0.1785317 0.1809169 0.1826962 0.1834548 0.1849074 0.1870651 0.1878306 0.1883868 0.1883647 0.1879950 0.1882250 0.1893632 0.1889529 0.1874992 0.1862015 0.1880045 0.1870741 0.1878608 0.1867448 0.1859690 0.1835791 0.1818903 0.1805624 0.1777310 0.1766101 0.1761021 0.1732938 0.1703675 0.1669797 0.1624301 0.1633880 0.1602542 0.1566610 0.1521294 0.1471115 0.1432121 0.1395746 0.1376695 0.1354435 0.1330008
0.1464085 0.1490628 0.1517826 0.1543571 0.1570251 0.1598885 0.1625328 0.1649837 0.1675763 0.1701441 0.1724028 0.1749284 0.1773460 0.1794242 0.1815727 0.1839848 0.1860376 0.1876078 0.1879601 0.1886129 0.1907331 0.1913850 0.1907603 0.1915331 0.1928364 0.1929838 0.1924402 0.1924271 0.1910560 0.1931787 0.1910469 0.1893362 0.1895337 0.1894986 0.1876158 0.1862158 0.1829890 0.1816755 0.1800764 0.1779789 0.1779295 0.1753260 0.1728494 0.1687669 0.1666690 0.1658549 0.1630073 0.1603514 0.1555314 0.1499087 0.1456687 0.1422539 0.1394648 0.1369874
0.1498378 0.1526569 0.1553580 0.1577285 0.1604966 0.1635173 0.1663558 0.1683068 0.1710996 0.1739184 0.1764044 0.1778924 0.1814084 0.1838878 0.1851680 0.1876756 0.1895564 0.1913011 0.1920705 0.1911956 0.1926783 0.1945024 0.1944950 0.1958342 0.1965739 0.1974461 0.1958441 0.1953931 0.1955229 0.1951012 0.1951596 0.1949594 0.1929071 0.1924525 0.1909184 0.1893959 0.1883684 0.1881982 0.1857705 0.1826666 0.1814619 0.1808075 0.1786110 0.1774751 0.1728837 0.1697005 0.1703855 0.1657856 0.1604617 0.1551443 0.1502431 0.1459068 0.1429728 0.1375682
0.1537209 0.1566570 0.1594796 0.1618863 0.1647117 0.1675321 0.1700408 0.1719962 0.1747147 0.1780560 0.1797118 0.1818186 0.1851613 0.1878750 0.1906378 0.1915785 0.1931087 0.1945246 0.1957877 0.1968119 0.1968641 0.1977502 0.1990919 0.1996073 0.2003466 0.1997332 0.2005320 0.1993648 0.2004500 0.1990331 0.1981534 0.1988823 0.1962084 0.1958280 0.1955456 0.1957274 0.1960219 0.1949482 0.1910012 0.1899592 0.1865451 0.1844896 0.1858292 0.1844866 0.1821366 0.1770429 0.1743666 0.1708982 0.1655202 0.1598538 0.1545831 0.1477165 0.1441910 0.1410580
0.1582600 0.1606953 0.1634859 0.1656361 0.1692524 0.1719527 0.1741578 0.1766144 0.1794516 0.1820349 0.1843576 0.1863747 0.1890747 0.1912606 0.1935598 0.1949483 0.1967508 0.1975237 0.1995841 0.2000875 0.2010025 0.2019658 0.2037677 0.2035713 0.2026611 0.2028430 0.2033265 0.2031725 0.2044410 0.2027928 0.2022855 0.2014757 0.2003131 0.2018312 0.1998262 0.1977839 0.1989477 0.1989451 0.1977705 0.1972353 0.1946208 0.1910147 0.1923895 0.1906453 0.1889177 0.1888192 0.1806046 0.1722352 0.1698449 0.1650320 0.1568011 0.1526683 0.1520330 0.1479391
0.1630304 0.1651232 0.1670178 0.1696273 0.1730918 0.1758940 0.1779221 0.1810263 0.1835438 0.1863427 0.1892479 0.1914592 0.1931503 0.1942592 0.1973033 0.1989315 0.2007667 0.2024758 0.2026910 0.2038496 0.2063981 0.2064792 0.2062334 0.2066712 0.2059526 0.2066022 0.2077242 0.2076936 0.2085793 0.2080429 0.2084763 0.2072321 0.2074046 0.2070180 0.2067920 0.2044605 0.2025309 0.2039303 0.2017062 0.2005786 0.2007086 0.1975829 0.1959972 0.1965994 0.1959090 0.1947787 0.1875639 0.1789587 0.1704887 0.1666960 0.1613941 0.1593801 0.1558546 0.1516642
0.1673477 0.1702224 0.1725848 0.1751291 0.1773446 0.1804859 0.1828911 0.1857136 0.1872165 0.1900924 0.1932080 0.1955700 0.1969902 0.1978046 0.1998974 0.2031234 0.2052768 0.2050257 0.2060389 0.2088495 0.2099064 0.2106147 0.2101029 0.2097650 0.2108116 0.2130561 0.2125405 0.2119960 0.2129001 0.2125939 0.2135477 0.2116773 0.2106877 0.2125019 0.2120554 0.2108092 0.2083204 0.2061036 0.2032008 0.2033680 0.2072090 0.2071840 0.2032597 0.2019171 0.2056233 0.2018306 0.1928112 0.1869507 0.1776386 0.1688189 0.1685057 0.1637227 0.1594476 0.1555378
0.1707896 0.1743608 0.1775658 0.1800341 0.1827250 0.1856837 0.1877824 0.1902730 0.1926021 0.1953852 0.1977402 0.2000731 0.2017458 0.2036204 0.2048538 0.2074637 0.2088236 0.2096598 0.2112379 0.2132322 0.2141426 0.2148119 0.2155825 0.2149549 0.2150230 0.2171362 0.2161589 0.2167739 0.2178685 0.2182286 0.2184544 0.2177258 0.2151810 0.2176648 0.2168859 0.2167003 0.2157810 0.2127244 0.2117414 0.2130013 0.2133646 0.2141164 0.2135836 0.2095092 0.2089061 0.2046517 0.1979794 0.1892616 0.1823552 0.1766758 0.1676900 0.1685386 0.1641430 0.1598505
0.1758740 0.1786887 0.1822152 0.1846354 0.1872199 0.1907275 0.1933989 0.1958039 0.1975999 0.1996590 0.2024290 0.2047516 0.2058710 0.2072716 0.2090211 0.2114761 0.2133181 0.2154111 0.2165534 0.2173330 0.2177578 0.2189369 0.2200314 0.2203920 0.2190332 0.2190599 0.2203152 0.2217597 0.2227581 0.2231558 0.2222702 0.2221442 0.2205307 0.2210765 0.2222792 0.2222402 0.2218475 0.2218913 0.2180089 0.2171570 0.2186112 0.2188822 0.2200391 0.2234107 0.2162465 0.2066956 0.2001061 0.1947282 0.1900126 0.1842710 0.1760344 0.1745209 0.1691691 0.1645336
0.1815979 0.1842497 0.1873293 0.1903720 0.1928782 0.1955059 0.1979713 0.2003663 0.2029252 0.2048931 0.2071331 0.2092994 0.2114457 0.2127330 0.2141333 0.2164433 0.2191281 0.2200856 0.2201572 0.2207110 0.2216524 0.2234548 0.2248573 0.2250658 0.2238639 0.2243523 0.2249618 0.2272135 0.2279049 0.2284008 0.2282414 0.2285181 0.2280525 0.2254995 0.2260930 0.2275906 0.2268524 0.2265831 0.2244248 0.2220973 0.2225867 0.2250056 0.2252341 0.2288803 0.2209932 0.2114636 0.2044391 0.2013915 0.1953868 0.1895250 0.1808977 0.1752295 0.1748780 0.1696695
0.1878120 0.1903765 0.1930324 0.1952887 0.1981730 0.2005568 0.2030081 0.2055105 0.2082908 0.2111244 0.2129187 0.2141068 0.2155507 0.2167133 0.2185709 0.2215139 0.2241662 0.2244294 0.2244356 0.2259232 0.2272881 0.2287034 0.2293701 0.2304412 0.2289979 0.2313921 0.2306076 0.2317496 0.2327044 0.2333649 0.2336920 0.2335189 0.2331208 0.2332345 0.2313075 0.2314379 0.2321487 0.2321815 0.2305894 0.2312009 0.2287884 0.2293100 0.2307257 0.2318927 0.2213282 0.2144699 0.2087346 0.2034772 0.2005581 0.1950285 0.1891808 0.1811166 0.1757146 0.1757846
0.1944009 0.1966247 0.1991187 0.2017254 0.2040965 0.2059281 0.2084499 0.2111637 0.2137716 0.2165160 0.2180392 0.2197511 0.2203484 0.2213238 0.2235672 0.2261309 0.2279890 0.2290742 0.2298192 0.2322378 0.2338195 0.2341347 0.2345194 0.2342787 0.2335261 0.2356602 0.2374753 0.2354605 0.2355694 0.2374081 0.2378038 0.2377898 0.2377870 0.2379186 0.2380833 0.2355279 0.2353870 0.2378436 0.2374999 0.2375834 0.2369626 0.2377040 0.2357342 0.2305323 0.2250087 0.2209370 0.2152320 0.2084607 0.2029586 0.2005887 0.1944934 0.1893883 0.1816861 0.1767842
0.1995815 0.2024632 0.2051193 0.2075479 0.2093294 0.2114167 0.2142866 0.2166632 0.2188930 0.2211733 0.2232260 0.2244334 0.2258515 0.2281871 0.2298867 0.2318961 0.2321399 0.2336964 0.2361589 0.2376510 0.2386846 0.2388934 0.2374696 0.2382448 0.2400163 0.2410813 0.2410440 0.2407664 0.2400300 0.2414778 0.2439488 0.2432697 0.2426024 0.2418739 0.2421786 0.2427257 0.2406111 0.2418061 0.2435587 0.2436208 0.2428775 0.2443943 0.2401175 0.2332735 0.2303180 0.2250077 0.2191934 0.2138638 0.2073031 0.2024484 0.2002972 0.1956865 0.1911691 0.1836117
0.2037655 0.2075756 0.2106516 0.2132861 0.2149563 0.2170605 0.2194689 0.2218353 0.2238442 0.2257293 0.2273386 0.2302649 0.2322522 0.2340430 0.2369998 0.2378300 0.2383296 0.2387369 0.2413236 0.2421166 0.2424305 0.2435824 0.2427074 0.2436796 0.2433798 0.2438382 0.2460237 0.2446829 0.2453856 0.2436312 0.2452269 0.2468732 0.2472894 0.2465578 0.2469701 0.2482705 0.2484231 0.2468329 0.2486404 0.2511434 0.2492261 0.2450154 0.2401032 0.2359033 0.2306393 0.2286681 0.2243471 0.2189071 0.2150247 0.2081881 0.2063128 0.2018630 0.1975938 0.1929101
0.2077505 0.2132786 0.2166121 0.2183822 0.2198433 0.2214699 0.2259089 0.2272770 0.2292278 0.2306846 0.2336426 0.2371647 0.2396086 0.2408153 0.2426457 0.2437075 0.2447004 0.2444215 0.2453665 0.2457486 0.2468841 0.2460015 0.2465039 0.2459395 0.2457416 0.2492231 0.2499939 0.2475528 0.2469428 0.2482322 0.2487341 0.2504780 0.2526367 0.2527815 0.2542014 0.2553544 0.2541278 0.2527615 0.2532894 0.2561836 0.2489783 0.2458462 0.2449989 0.2415184 0.2340392 0.2303272 0.2295278 0.2237654 0.2216697 0.2145025 0.2098799 0.2095261 0.2052238 0.2001325
0.2133598 0.2173002 0.2212087 0.2238562 0.2256149 0.2284462 0.2317292 0.2330181 0.2344076 0.2364049 0.2389523 0.2420723 0.2439041 0.2453350 0.2472862 0.2488330 0.2506522 0.2508061 0.2513570 0.2508651 0.2502526 0.2510734 0.2534799 0.2525238 0.2531201 0.2551850 0.2538121 0.2536123 0.2536425 0.2547764 0.2568477 0.2579983 0.2569091 0.2585320 0.2597423 0.2618632 0.2606705 0.2614032 0.2579730 0.2554847 0.2515087 0.2504764 0.2481034 0.2452395 0.2416942 0.2351919 0.2313791 0.2287573 0.2268482 0.2245164 0.2162569 0.2136153 0.2128337 0.2075534
0.2171535 0.2222076 0.2268043 0.2304603 0.2318078 0.2340873 0.2364736 0.2386652 0.2402903 0.2425931 0.2438683 0.2458722 0.2487592 0.2502742 0.2521221 0.2537457 0.2557228 0.2559595 0.2559616 0.2573195 0.2559162 0.2572450 0.2562887 0.2577454 0.2588666 0.2602615 0.2591072 0.2601188 0.2621768 0.2630320 0.2638675 0.2646987 0.2620519 0.2615208 0.2652261 0.2657981 0.2657300 0.2649852 0.2605329 0.2594992 0.2556829 0.2550453 0.2526894 0.2496220 0.2463231 0.2419678 0.2355170 0.2341647 0.2334574 0.2250827 0.2237612 0.2185734 0.2154789 0.2145176
0.2204829 0.2284749 0.2330827 0.2363403 0.2379850 0.2403297 0.2411872 0.2446350 0.2466080 0.2483125 0.2496704 0.2507957 0.2526409 0.2538420 0.2565490 0.2581019 0.2593143 0.2610160 0.2611583 0.2622054 0.2611004 0.2627460 0.2616008 0.2617577 0.2642856 0.2655506 0.2621087 0.2649344 0.2662451 0.2670003 0.2675592 0.2659358 0.2664827 0.2669640 0.2696151 0.2706488 0.2694285 0.2653770 0.2642598 0.2656030 0.2602347 0.2572998 0.2563469 0.2525272 0.2492114 0.2456849 0.2396860 0.2368865 0.2371043 0.2338045 0.2309532 0.2278603 0.2209935 0.2178557
0.2260545 0.2329690 0.2391138 0.2423964 0.2446641 0.2459527 0.2480285 0.2508319 0.2532930 0.2542726 0.2556424 0.2576863 0.2583850 0.2585578 0.2609465 0.2623078 0.2649839 0.2666966 0.2666184 0.2653839 0.2662585 0.2687457 0.2682720 0.2676493 0.2690191 0.2704416 0.2703773 0.2730239 0.2700706 0.2715801 0.2725332 0.2738220 0.2740172 0.2757984 0.2738528 0.2726920 0.2709391 0.2698408 0.2706284 0.2691964 0.2659901 0.2606354 0.2595867 0.2567935 0.2538679 0.2507209 0.2474736 0.2427954 0.2413340 0.2412428 0.2377728 0.2336271 0.2302316 0.2251630
0.2333898 0.2380253 0.2450481 0.2489245 0.2500809 0.2509254 0.2535000 0.2562422 0.2574001 0.2588502 0.2609533 0.2634110 0.2639568 0.2640214 0.2632149 0.2655413 0.2672666 0.2698649 0.2687684 0.2697348 0.2717554 0.2719628 0.2730215 0.2743016 0.2757387 0.2752941 0.2750321 0.2749733 0.2735178 0.2786207 0.2783920 0.2795129 0.2798206 0.2802451 0.2805519 0.2764637 0.2751712 0.2772867 0.2748209 0.2731724 0.2698065 0.2657238 0.2626480 0.2625141 0.2600860 0.2570013 0.2531677 0.2510748 0.2461495 0.2435710 0.2428486 0.2402734 0.2370865 0.2323851
0.2393302 0.2466189 0.2507638 0.2535813 0.2559150 0.2570291 0.2587312 0.2610373 0.2614135 0.2632028 0.2668396 0.2678606 0.2682789 0.2698717 0.2692600 0.2707565 0.2714801 0.2732067 0.2734306 0.2733564 0.2737305 0.2760855 0.2785214 0.2789765 0.2794839 0.2801002 0.2811944 0.2830080 0.2812822 0.2814174 0.2841413 0.2830726 0.2848267 0.2852841 0.2820295 0.2807231 0.2793278 0.2805556 0.2786745 0.2778505 0.2739592 0.2723764 0.2682921 0.2668568 0.2649772 0.2620083 0.2590541 0.2582324 0.2551893 0.2494617 0.2489378 0.2452428 0.2408299 0.2363015
0.2460957 0.2584377 0.2568879 0.2605932 0.2618197 0.2623799 0.2620549 0.2647866 0.2661861 0.2687627 0.2706017 0.2718208 0.2722547 0.2742586 0.2756900 0.2765055 0.2768239 0.2778767 0.2786164 0.2772450 0.2778897 0.2802813 0.2819407 0.2827663 0.2829109 0.2839112 0.2847415 0.2866352 0.2871053 0.2856263 0.2859804 0.2891068 0.2892291 0.2874224 0.2877739 0.2884510 0.2841525 0.2857388 0.2832560 0.2816449 0.2803151 0.2794760 0.2759991 0.2709526 0.2675654 0.2667339 0.2636110 0.2621638 0.2599252 0.2549763 0.2509000 0.2505020 0.2449754 0.2409782
0.2492762 0.2577614 0.2627353 0.2664538 0.2658963 0.2654218 0.2679704 0.2694420 0.2716657 0.2724632 0.2737539 0.2748235 0.2759577 0.2771235 0.2791376 0.2802287 0.2791049 0.2820483 0.2830502 0.2802373 0.2807439 0.2823278 0.2846776 0.2868267 0.2863525 0.2866404 0.2881119 0.2906359 0.2913463 0.2898326 0.2884915 0.2891761 0.2897092 0.2900067 0.2937107 0.2923095 0.2892308 0.2894094 0.2880952 0.2862806 0.2845224 0.2828031 0.2795825 0.2777548 0.2738124 0.2733851 0.2689782 0.2674062 0.2633022 0.2596634 0.2537619 0.2506236 0.2494215 0.2464405
0.2498314 0.2595307 0.2683555 0.2700574 0.2706355 0.2697330 0.2719703 0.2732431 0.2755474 0.2769015 0.2774785 0.2794622 0.2809378 0.2808947 0.2813288 0.2819765 0.2838987 0.2844049 0.2855796 0.2833572 0.2847378 0.2866433 0.2865629 0.2889436 0.2898137 0.2904998 0.2918167 0.2950403 0.2941379 0.2926816 0.2929647 0.2913834 0.2907068 0.2936804 0.2951885 0.2943883 0.2932830 0.2886220 0.2899353 0.2878911 0.2849806 0.2860995 0.2823870 0.2802641 0.2757981 0.2738046 0.2734218 0.2709554 0.2677790 0.2636653 0.2600767 0.2539520 0.2512351 0.2520237
