LUCAS_GEMMES_COP27/includes/subsidence/Scenario_B2/TOT_SUBSIDENCE_2040_SINCE_2018_MKD_ONLY.ASC
NCOLS                318
NROWS                364
XLLCORNER      400000.00
YLLCORNER      907000.00
CELLSIZE         1000.00
NODATA_VALUE    0.3402823E+39
[rows 72 to 95 of 364, columns 165 to 219 of 318]
8.5744932E-02 8.5524149E-02 8.5809998E-02 8.6866826E-02 8.8759363E-02 8.9525469E-02 9.0072289E-02 9.1229141E-02 9.2122637E-02 9.3026467E-02 9.3777671E-02 9.4614759E-02 9.5483474E-02 9.6087255E-02 9.6989423E-02 9.8907545E-02 0.1007290 0.1023564 0.1045256 0.1066640 0.1085618 0.1108086 0.1132430 0.1152965 0.1189681 0.1225023 0.1248097 0.1272493 0.1292818 0.1319735 0.1323196 0.1330395 0.1344860 0.1357819 0.1365964 0.1384044 3.4028235E+38 0.1420497 0.1444253 0.1453820 0.1466658 0.1479980 0.1510557 0.1497495 0.1487030 0.1466694 0.1434906 0.1413222 3.4028235E+38 3.4028235E+38 3.4028235E+38 3.4028235E+38 3.4028235E+38 3.4028235E+38 3.4028235E+38
8.6506322E-02 8.6798660E-02 8.7177411E-02 8.8212416E-02 8.9305289E-02 9.0412311E-02 9.1086760E-02 9.1827333E-02 9.2634104E-02 9.4704524E-02 9.5305629E-02 9.6056953E-02 9.7181641E-02 9.8333903E-02 9.9362142E-02 9.9975199E-02 0.1020058 0.1038722 0.1057901 0.1077281 0.1099865 0.1119616 0.1145229 0.1175567 0.1203361 0.1235092 0.1265986 0.1289749 0.1306924 0.1337633 0.1352414 0.1360881 0.1377557 0.1391742 0.1407968 0.1420627 0.1434064 0.1448901 0.1464235 0.1489111 0.1496091 0.1518108 0.1530929 0.1501438 0.1504694 0.1502009 0.1459017 0.1431888 0.1417472 3.4028235E+38 3.4028235E+38 3.4028235E+38 3.4028235E+38 3.4028235E+38 3.4028235E+38
8.7260991E-02 8.8847473E-02 8.9366734E-02 8.9886665E-02 9.0888791E-02 9.1944881E-02 9.2691183E-02 9.3483791E-02 9.4291523E-02 9.5645852E-02 9.6762992E-02 9.7577468E-02 9.8620623E-02 9.9633411E-02 0.1009231 0.1023622 0.1037676 0.1053458 0.1066960 0.1089331 0.1109774 0.1130114 0.1156913 0.1181994 0.1214008 0.1244613 0.1277374 0.1306121 0.1322437 0.1355952 0.1382601 0.1399894 0.1419266 0.1423498 0.1442620 0.1465859 0.1487770 0.1477879 0.1492138 0.1509604 0.1543615 0.1543724 0.1532237 0.1522098 0.1519459 0.1497264 0.1470506 0.1454015 0.1428396 0.1408079 0.1382453 3.4028235E+38 3.4028235E+38 3.4028235E+38 3.4028235E+38
8.8556744E-02 8.9607127E-02 9.0825990E-02 9.1883987E-02 9.2531286E-02 9.3841769E-02 9.4907150E-02 9.5951989E-02 9.6444152E-02 9.7034112E-02 9.7840123E-02 9.8779447E-02 9.9883474E-02 0.1011767 0.1024925 0.1039560 0.1053514 0.1065228 0.1081456 0.1101061 0.1119334 0.1141908 0.1167243 0.1194298 0.1223782 0.1259730 0.1288804 0.1325147 0.1335273 0.1366805 0.1385008 0.1409995 0.1428473 0.1447380 0.1472109 0.1476916 0.1501846 0.1500929 0.1521133 0.1529445 0.1541399 0.1530986 0.1525374 0.1517611 0.1512255 0.1492848 0.1473755 0.1454465 0.1432892 0.1415902 0.1401121 0.1390369 3.4028235E+38 3.4028235E+38 3.4028235E+38
9.0166345E-02 9.1254316E-02 9.3154885E-02 9.3920343E-02 9.5102198E-02 9.5875472E-02 9.6370853E-02 9.7048901E-02 9.8009177E-02 9.8405652E-02 9.9177048E-02 0.1000394 0.1010993 0.1025114 0.1038090 0.1052787 0.1065533 0.1079232 0.1094538 0.1112782 0.1132722 0.1154817 0.1178595 0.1207194 0.1234977 0.1265906 0.1297230 0.1326456 0.1348096 0.1381959 0.1398443 0.1428948 0.1445972 0.1463363 0.1492976 0.1491702 0.1515861 0.1518146 0.1537632 0.1547740 0.1548346 0.1533965 0.1532112 0.1520872 0.1505826 0.1487698 0.1468872 0.1452061 0.1435351 0.1419638 0.1405766 0.1394527 0.1381882 0.1368012 0.1352891
9.1920450E-02 9.3670957E-02 9.5109060E-02 9.4940327E-02 9.6508071E-02 9.7431779E-02 9.8163649E-02 9.8452583E-02 9.9159211E-02 9.9806719E-02 0.1007258 0.1015849 0.1023659 0.1034500 0.1050202 0.1066210 0.1080881 0.1094622 0.1107849 0.1125970 0.1145118 0.1160488 0.1183078 0.1213200 0.1241835 0.1269496 0.1311283 0.1327357 0.1358567 0.1387024 0.1407852 0.1428747 0.1452333 0.1466517 0.1491467 0.1513211 0.1522927 0.1531810 0.1550849 0.1561298 0.1551835 0.1542744 0.1524645 0.1512228 0.1501806 0.1481040 0.1466307 0.1453409 0.1435086 0.1422079 0.1410436 0.1403121 0.1394309 0.1387071 0.1370913
9.3699291E-02 9.5542073E-02 9.6837290E-02 9.7496897E-02 9.8216400E-02 9.8742880E-02 9.9332497E-02 9.9851921E-02 0.1004042 0.1010195 0.1019839 0.1029416 0.1033595 0.1047536 0.1060921 0.1078279 0.1097640 0.1107748 0.1120141 0.1140706 0.1159234 0.1170432 0.1186797 0.1211495 0.1238438 0.1271169 0.1304491 0.1322915 0.1352424 0.1383965 0.1415460 0.1432037 0.1450032 0.1469114 0.1501132 0.1520210 0.1525009 0.1533939 0.1552792 0.1561352 0.1545765 0.1532459 0.1520052 0.1509434 0.1494246 0.1475198 0.1462836 0.1448966 0.1434008 0.1422147 0.1413834 0.1407596 0.1405576 0.1396099 0.1389564
9.6274391E-02 9.6677691E-02 9.8421097E-02 9.9151894E-02 9.9788770E-02 0.1002890 0.1007815 0.1014319 0.1019077 0.1022429 0.1031280 0.1045083 0.1053060 0.1063388 0.1073679 0.1086770 0.1104080 0.1117687 0.1130790 0.1151219 0.1169716 0.1186358 0.1204205 0.1223073 0.1254390 0.1286016 0.1305504 0.1337359 0.1363486 0.1389989 0.1417993 0.1437133 0.1452698 0.1468816 0.1489427 0.1514441 0.1520197 0.1527763 0.1553967 0.1547406 0.1534337 0.1523490 0.1513344 0.1493921 0.1478679 0.1467618 0.1456853 0.1446261 0.1432101 0.1421777 0.1415419 0.1411896 0.1408450 0.1398933 0.1391663
9.8357677E-02 9.9274777E-02 0.1002479 0.1009195 0.1016164 0.1018460 0.1022735 0.1026072 0.1030834 0.1039600 0.1045013 0.1053864 0.1065989 0.1076654 0.1088067 0.1096997 0.1110568 0.1124883 0.1140502 0.1160456 0.1178250 0.1195076 0.1216474 0.1234989 0.1265785 0.1292439 0.1318386 0.1345498 0.1375041 0.1397200 0.1420925 0.1435040 0.1447549 0.1460943 0.1481195 0.1495476 0.1508919 0.1543325 0.1549022 0.1534418 0.1525769 0.1515066 0.1504026 0.1483503 0.1475638 0.1463116 0.1457593 0.1440383 0.1430558 0.1421267 0.1417103 0.1411448 0.1402758 0.1398862 0.1399257
9.9000566E-02 0.1001753 0.1012804 0.1023278 0.1026682 0.1031793 0.1038537 0.1043474 0.1046902 0.1052207 0.1060908 0.1065636 0.1074433 0.1087652 0.1097885 0.1109496 0.1119835 0.1134368 0.1152391 0.1168382 0.1184381 0.1202178 0.1224827 0.1248309 0.1275484 0.1299777 0.1323888 0.1346237 0.1375436 0.1393778 0.1417731 0.1429395 0.1442447 0.1455180 0.1467180 0.1485986 0.1494448 0.1513982 0.1535689 0.1525172 0.1515547 0.1502575 0.1489134 0.1477722 0.1469557 0.1452757 0.1445668 0.1434011 0.1426320 0.1418739 0.1415968 0.1408281 0.1399791 0.1396378 0.1391922
0.1002867 0.1011124 0.1025075 0.1033333 0.1038015 0.1045469 0.1049952 0.1058189 0.1062798 0.1062393 0.1067183 0.1079246 0.1084953 0.1094748 0.1107817 0.1118729 0.1129077 0.1143447 0.1158500 0.1175942 0.1192488 0.1210423 0.1233266 0.1254279 0.1276987 0.1300217 0.1323992 0.1347660 0.1372135 0.1388314 0.1409867 0.1423394 0.1447168 0.1449772 0.1459428 0.1464558 0.1476258 0.1492397 0.1523596 0.1521554 0.1503445 0.1487088 0.1469046 0.1466095 0.1460316 0.1451629 0.1443203 0.1429896 0.1420518 0.1414682 0.1407453 0.1403456 0.1402103 0.1398337 0.1394798
0.1016130 0.1021533 0.1031641 0.1046892 0.1050567 0.1061709 0.1062572 0.1067794 0.1076580 0.1074748 0.1074870 0.1084235 0.1097986 0.1104393 0.1115915 0.1125885 0.1138046 0.1154958 0.1167308 0.1181991 0.1199932 0.1216336 0.1236812 0.1257128 0.1276430 0.1298703 0.1323651 0.1348787 0.1360694 0.1387005 0.1400261 0.1416904 0.1430809 0.1434546 0.1440752 0.1447789 0.1454411 0.1470463 0.1483948 0.1496544 0.1494718 0.1475141 0.1453307 0.1447178 0.1450578 0.1441228 0.1428799 0.1421226 0.1410902 0.1404956 0.1399039 0.1399391 0.1393878 0.1394906 0.1388109
0.1028981 0.1034683 0.1042480 0.1055214 0.1061659 0.1064942 0.1070491 0.1074115 0.1082998 0.1089199 0.1086455 0.1093677 0.1101020 0.1115322 0.1123022 0.1133857 0.1147882 0.1160068 0.1176230 0.1189927 0.1206864 0.1216479 0.1233876 0.1252724 0.1281791 0.1292574 0.1318042 0.1342084 0.1359141 0.1384809 0.1396156 0.1410260 0.1413451 0.1418051 0.1423121 0.1430016 0.1434394 0.1444477 0.1457840 0.1467072 0.1472443 0.1465173 0.1453148 0.1437790 0.1437986 0.1427748 0.1414955 0.1407903 0.1401180 0.1394525 0.1390991 0.1393984 0.1387382 0.1382852 0.1382831
0.1038439 0.1047646 0.1055017 0.1065195 0.1075840 0.1074586 0.1079008 0.1085620 0.1092530 0.1097958 0.1095747 0.1103278 0.1109392 0.1120664 0.1130224 0.1141210 0.1153584 0.1167248 0.1183234 0.1198098 0.1215877 0.1225782 0.1243133 0.1256203 0.1274719 0.1298103 0.1326615 0.1340517 0.1358492 0.1381697 0.1391816 0.1394104 0.1402965 0.1410420 0.1411167 0.1413692 0.1417375 0.1422065 0.1430698 0.1441006 0.1457029 0.1455841 0.1447295 0.1427461 0.1418173 0.1411979 0.1399507 0.1395594 0.1392650 0.1386276 0.1383746 0.1384646 0.1379724 0.1372070 0.1370370
0.1050101 0.1064190 0.1073299 0.1074784 0.1088846 0.1086663 0.1089496 0.1098587 0.1107831 0.1102651 0.1105931 0.1114145 0.1121246 0.1127952 0.1137065 0.1149625 0.1160466 0.1175693 0.1189421 0.1204198 0.1223320 0.1237455 0.1256430 0.1261332 0.1286038 0.1308038 0.1322428 0.1344910 0.1359467 0.1373689 0.1375530 0.1380558 0.1384597 0.1391431 0.1392764 0.1397177 0.1401724 0.1406680 0.1412278 0.1419194 0.1425534 0.1432361 0.1431577 0.1412949 0.1402818 0.1397153 0.1387213 0.1383013 0.1380391 0.1379950 0.1377587 0.1377078 0.1367831 0.1363111 0.1359303
0.1061149 0.1069356 0.1080692 0.1084036 0.1091794 0.1095932 0.1099660 0.1107001 0.1111225 0.1108744 0.1113626 0.1117066 0.1121394 0.1135141 0.1143415 0.1154445 0.1167209 0.1181198 0.1196290 0.1211201 0.1229473 0.1243265 0.1256980 0.1269011 0.1297023 0.1313457 0.1323458 0.1337412 0.1347672 0.1356064 0.1361789 0.1365638 0.1373254 0.1373487 0.1379426 0.1382978 0.1386605 0.1393513 0.1397337 0.1397520 0.1401628 0.1401404 0.1400283 0.1397229 0.1389906 0.1385522 0.1378539 0.1372375 0.1368145 0.1367758 0.1361729 0.1356096 0.1355349 0.1353691 0.1363180
0.1079160 0.1081491 0.1092335 0.1092644 0.1101729 0.1109912 0.1115998 0.1117978 0.1120144 0.1117799 0.1124161 0.1125777 0.1129160 0.1139589 0.1150863 0.1159422 0.1171308 0.1179014 0.1200624 0.1217588 0.1227032 0.1247799 0.1268531 0.1283145 0.1296508 0.1318549 0.1333158 0.1336461 0.1338694 0.1344193 0.1349140 0.1353319 0.1358123 0.1360936 0.1363718 0.1369051 0.1371788 0.1375561 0.1377246 0.1379788 0.1384484 0.1388424 0.1390361 0.1385888 0.1374576 0.1372983 0.1366678 0.1359627 0.1353184 0.1349683 0.1348352 0.1344050 0.1342059 0.1340763 0.1332599
0.1084218 0.1092020 0.1094197 0.1099251 0.1109598 0.1115602 0.1120551 0.1123324 0.1124149 0.1125609 0.1130617 0.1134441 0.1139096 0.1144048 0.1152881 0.1165223 0.1176889 0.1190868 0.1207719 0.1225580 0.1238311 0.1256283 0.1276010 0.1294284 0.1302854 0.1313054 0.1320128 0.1324325 0.1326205 0.1332794 0.1336912 0.1345569 0.1345955 0.1349998 0.1351041 0.1356096 0.1361321 0.1362223 0.1362893 0.1365149 0.1367694 0.1372501 0.1365621 0.1361518 0.1361693 0.1359107 0.1353531 0.1348791 0.1345386 0.1339636 0.1336797 0.1332988 0.1331747 0.1329914 0.1321305
0.1091527 0.1096757 0.1099464 0.1107604 0.1112600 0.1115067 0.1126252 0.1128094 0.1132258 0.1130347 0.1132812 0.1137618 0.1143197 0.1148908 0.1156243 0.1167059 0.1179399 0.1190472 0.1206185 0.1227750 0.1250536 0.1269506 0.1291160 0.1300000 0.1311557 0.1307826 0.1310981 0.1314591 0.1317991 0.1321937 0.1327442 0.1331503 0.1330825 0.1336289 0.1341690 0.1342815 0.1347746 0.1350057 0.1349975 0.1350291 0.1348597 0.1350465 0.1348991 0.1347268 0.1347354 0.1343151 0.1339297 0.1338730 0.1337389 0.1334405 0.1329647 0.1327604 0.1325855 0.1319104 0.1315714
0.1093667 0.1098484 0.1105154 0.1114241 0.1114652 0.1117861 0.1125344 0.1128070 0.1131515 0.1133438 0.1134375 0.1135718 0.1141241 0.1151260 0.1159680 0.1169312 0.1180927 0.1189715 0.1209227 0.1236138 0.1256936 0.1281914 0.1296250 0.1292950 0.1298533 0.1301742 0.1301055 0.1307132 0.1307372 0.1311062 0.1315857 0.1311489 0.1314141 0.1325083 0.1330051 0.1330943 0.1333385 0.1335109 0.1341784 0.1340409 0.1335737 0.1340012 0.1340663 0.1338888 0.1330294 0.1328193 0.1325265 0.1327281 0.1325845 0.1324374 0.1318604 0.1312938 0.1310323 0.1305973 0.1303957
0.1096773 0.1104798 0.1116170 0.1121519 0.1120842 0.1121778 0.1130489 0.1132703 0.1134714 0.1134988 0.1136803 0.1136760 0.1141231 0.1149662 0.1159157 0.1169835 0.1180596 0.1192684 0.1217064 0.1241313 0.1265499 0.1280301 0.1279854 0.1282362 0.1286826 0.1288698 0.1284107 0.1293466 0.1298954 0.1307112 0.1306157 0.1302687 0.1311148 0.1319669 0.1317706 0.1319827 0.1321633 0.1325624 0.1331433 0.1328926 0.1324203 0.1330572 0.1328352 0.1326188 0.1323540 0.1314173 0.1310775 0.1309038 0.1311693 0.1312564 0.1307470 0.1299699 0.1297423 0.1289286 0.1288531
0.1101727 0.1111185 0.1120591 0.1124814 0.1122970 0.1127770 0.1133088 0.1134910 0.1134487 0.1136938 0.1139690 0.1140069 0.1144306 0.1152277 0.1159509 0.1170705 0.1181837 0.1194645 0.1214780 0.1240021 0.1262377 0.1265271 0.1270930 0.1274127 0.1279187 0.1282237 0.1282323 0.1286193 0.1289855 0.1293912 0.1299184 0.1304851 0.1303193 0.1307964 0.1312326 0.1313305 0.1315337 0.1316855 0.1315271 0.1312753 0.1312328 0.1316553 0.1319457 0.1316765 0.1310130 0.1304282 0.1298229 0.1295165 0.1294718 0.1293908 0.1291410 0.1288112 0.1281101 0.1272554 0.1276193
0.1108480 0.1117659 0.1122534 0.1127029 0.1131272 0.1130809 0.1134059 0.1136411 0.1136145 0.1136541 0.1136265 0.1138813 0.1142765 0.1149830 0.1157076 0.1167601 0.1181918 0.1196809 0.1210812 0.1242894 0.1255215 0.1250942 0.1260170 0.1268528 0.1272466 0.1269143 0.1277160 0.1277805 0.1280932 0.1287282 0.1293586 0.1296538 0.1295170 0.1303230 0.1305806 0.1309131 0.1310840 0.1304643 0.1304533 0.1303879 0.1306456 0.1306346 0.1303596 0.1300242 0.1295952 0.1290086 0.1283271 0.1287895 0.1282538 0.1281258 0.1279204 0.1278860 0.1268420 0.1267242 0.1265674
0.1115836 0.1121049 0.1125352 0.1128857 0.1132102 0.1128220 0.1128841 0.1135918 0.1133011 0.1134938 0.1134784 0.1137637 0.1138563 0.1142284 0.1153585 0.1163673 0.1172778 0.1192615 0.1210999 0.1233295 0.1237323 0.1240530 0.1248489 0.1257564 0.1261881 0.1259644 0.1264548 0.1270702 0.1273553 0.1282041 0.1287033 0.1286700 0.1287889 0.1290938 0.1295508 0.1295871 0.1299807 0.1296071 0.1295667 0.1303257 0.1300151 0.1299503 0.1295211 0.1294014 0.1291765 0.1286098 0.1277657 0.1268730 0.1272145 0.1269639 0.1265835 0.1266800 0.1260339 0.1248820 0.1253122
