LUCAS_GEMMES_COP27/includes/subsidence/Scenario_B2/TOT_SUBSIDENCE_2020_SINCE_2018_MKD_ONLY.ASC
NCOLS                318
NROWS                364
XLLCORNER      400000.00
YLLCORNER      907000.00
CELLSIZE         1000.00
NODATA_VALUE    0.3402823E+39
[rows 176 to 197 of 364, columns 100 to 149 of 318]
1.3213277E-02 1.3552174E-02 1.3915747E-02 1.4254093E-02 1.4572620E-02 1.4871597E-02 1.5375763E-02 1.5450746E-02 1.5623525E-02 1.5950307E-02 1.6318291E-02 1.6741052E-02 1.7109931E-02 1.7333701E-02 1.7593905E-02 1.7831936E-02 1.8067479E-02 1.8444479E-02 1.8886611E-02 1.9360244E-02 1.9649312E-02 1.9802257E-02 1.9776821E-02 1.9610658E-02 1.9346654E-02 1.9138470E-02 1.8833965E-02 1.8816724E-02 1.8754587E-02 1.8793821E-02 1.8859923E-02 1.8967867E-02 1.9147411E-02 1.9233435E-02 1.9387767E-02 1.9543827E-02 1.9679844E-02 1.9900978E-02 2.0126879E-02 2.0332858E-02 2.0420045E-02 2.0634010E-02 2.0846888E-02 2.1062940E-02 2.1245539E-02 2.1406561E-02 2.1590859E-02 2.1530613E-02 2.1305501E-02 2.1273047E-02
1.3413057E-02 1.3768017E-02 1.4137641E-02 1.4510691E-02 1.4856383E-02 1.5190274E-02 1.5601024E-02 1.5706167E-02 1.5833944E-02 1.6107470E-02 1.6309634E-02 1.6642138E-02 1.6972348E-02 1.7241001E-02 1.7572746E-02 1.8013075E-02 1.8566713E-02 1.9333348E-02 2.0137325E-02 2.1010473E-02 2.1591052E-02 2.1910071E-02 2.1632910E-02 2.1251932E-02 2.0634398E-02 2.0006552E-02 1.9537166E-02 1.9305915E-02 1.9156188E-02 1.9118980E-02 1.9184709E-02 1.9303337E-02 1.9346446E-02 1.9456550E-02 1.9620314E-02 1.9793227E-02 2.0007819E-02 2.0190686E-02 2.0440966E-02 2.0672068E-02 2.0768687E-02 2.0948246E-02 2.1170378E-02 2.1430746E-02 2.1547243E-02 2.1748334E-02 2.1735549E-02 2.1542847E-02 2.1344721E-02 2.1225736E-02
1.3593510E-02 1.4003947E-02 1.4365435E-02 1.4764160E-02 1.5114024E-02 1.5656814E-02 1.5788496E-02 1.5914917E-02 1.6002238E-02 1.6182840E-02 1.6404241E-02 1.6671568E-02 1.7013609E-02 1.7308891E-02 1.7754912E-02 1.8468037E-02 1.9330114E-02 2.0577848E-02 2.2255749E-02 2.4034962E-02 2.4764106E-02 2.5749758E-02 2.4601832E-02 2.4077058E-02 2.2612214E-02 2.1294221E-02 2.0417184E-02 1.9850686E-02 1.9460753E-02 1.9408092E-02 1.9505173E-02 1.9537359E-02 1.9641802E-02 1.9787893E-02 1.9922629E-02 2.0137712E-02 2.0298794E-02 2.0470977E-02 2.0663589E-02 2.0857275E-02 2.1087810E-02 2.1258548E-02 2.1474391E-02 2.1738246E-02 2.2020131E-02 2.1976411E-02 2.1708608E-02 2.1520659E-02 2.1309584E-02 2.1166608E-02
1.3777018E-02 1.4193550E-02 1.4629200E-02 1.5087619E-02 1.5396312E-02 1.5656963E-02 1.5991122E-02 1.6094670E-02 1.6142726E-02 1.6299978E-02 1.6497970E-02 1.6752049E-02 1.7077163E-02 1.7440721E-02 1.7939091E-02 1.8867433E-02 2.0176917E-02 2.2204995E-02 2.5351077E-02 2.7324796E-02 2.9030472E-02 2.9144168E-02 2.8545499E-02 2.7297854E-02 2.5459990E-02 2.3005709E-02 2.1543384E-02 2.0622492E-02 2.0078614E-02 1.9873917E-02 1.9779146E-02 1.9832164E-02 2.0021752E-02 2.0060718E-02 2.0253226E-02 2.0466104E-02 2.0647794E-02 2.0838380E-02 2.1074101E-02 2.1304742E-02 2.1511927E-02 2.1637902E-02 2.1819726E-02 2.2014856E-02 2.2236332E-02 2.2007719E-02 2.1733254E-02 2.1450907E-02 2.1221548E-02 2.1054968E-02
1.3977766E-02 1.4392421E-02 1.4876485E-02 1.5243590E-02 1.5570477E-02 1.5694201E-02 1.6145229E-02 1.6277552E-02 1.6279280E-02 1.6418219E-02 1.6607925E-02 1.6837850E-02 1.7169625E-02 1.7589167E-02 1.8122122E-02 1.9170225E-02 2.0946443E-02 2.3711964E-02 2.8296679E-02 3.0210823E-02 3.2310396E-02 3.3003271E-02 3.2948583E-02 3.0725271E-02 2.8615981E-02 2.5094748E-02 2.2748500E-02 2.1372065E-02 2.0636693E-02 2.0252481E-02 2.0130128E-02 2.0268917E-02 2.0341471E-02 2.0450667E-02 2.0672694E-02 2.0833760E-02 2.1016896E-02 2.1230653E-02 2.1447405E-02 2.1651179E-02 2.1815598E-02 2.1967188E-02 2.2152543E-02 2.2399083E-02 2.2428423E-02 2.2012934E-02 2.1665886E-02 2.1415845E-02 2.1112084E-02 2.0868868E-02
1.4116779E-02 1.4591426E-02 1.4999777E-02 1.5315011E-02 1.5670955E-02 1.5907526E-02 1.6259223E-02 1.6364515E-02 1.6399309E-02 1.6499415E-02 1.6706765E-02 1.6969875E-02 1.7235547E-02 1.7720774E-02 1.8419981E-02 1.9514412E-02 2.1362811E-02 2.4524942E-02 2.9724658E-02 3.2079488E-02 3.4476072E-02 3.5408258E-02 3.5049468E-02 3.3815950E-02 3.0578554E-02 2.7467579E-02 2.3998022E-02 2.2087559E-02 2.1108106E-02 2.0649821E-02 2.0501524E-02 2.0506904E-02 2.0564452E-02 2.0686597E-02 2.0973429E-02 2.1131963E-02 2.1298543E-02 2.1562696E-02 2.1894589E-02 2.2048697E-02 2.2137508E-02 2.2320792E-02 2.2600323E-02 2.2625774E-02 2.2285759E-02 2.1967873E-02 2.1622539E-02 2.1345764E-02 2.1008417E-02 2.0725921E-02
1.4268070E-02 1.4750078E-02 1.5069559E-02 1.5380844E-02 1.5661761E-02 1.6011015E-02 1.6377270E-02 1.6459659E-02 1.6497627E-02 1.6597629E-02 1.6791448E-02 1.6990826E-02 1.7319515E-02 1.7787024E-02 1.8466890E-02 1.9535914E-02 2.1339923E-02 2.4287760E-02 2.9160678E-02 3.3358425E-02 3.5700858E-02 3.7018389E-02 3.5998166E-02 3.4040123E-02 3.2201707E-02 2.9328883E-02 2.4844259E-02 2.2557646E-02 2.1581963E-02 2.1000922E-02 2.0809054E-02 2.0859480E-02 2.0891100E-02 2.1001011E-02 2.1218732E-02 2.1432474E-02 2.1643907E-02 2.1914288E-02 2.2139683E-02 2.2401705E-02 2.2667870E-02 2.2869483E-02 2.2844270E-02 2.2471637E-02 2.2217408E-02 2.1896064E-02 2.1566764E-02 2.1223903E-02 2.0868257E-02 2.0566702E-02
1.4410302E-02 1.4816254E-02 1.5118062E-02 1.5490383E-02 1.5706867E-02 1.6064242E-02 1.6455993E-02 1.6550899E-02 1.6576946E-02 1.6637072E-02 1.6828686E-02 1.7052218E-02 1.7384633E-02 1.7778635E-02 1.8373415E-02 1.9386858E-02 2.0887867E-02 2.3301527E-02 2.7024657E-02 3.2407999E-02 3.5253495E-02 3.5780579E-02 3.5465032E-02 3.4028649E-02 3.2090396E-02 2.9038548E-02 2.4988160E-02 2.2787258E-02 2.1755323E-02 2.1256685E-02 2.1055788E-02 2.1020949E-02 2.1166489E-02 2.1327972E-02 2.1537393E-02 2.1776587E-02 2.2056878E-02 2.2294223E-02 2.2507593E-02 2.2776246E-02 2.3113802E-02 2.3134276E-02 2.2740468E-02 2.2376314E-02 2.2018820E-02 2.1776140E-02 2.1470845E-02 2.1097407E-02 2.0800710E-02 2.0482570E-02
1.4511287E-02 1.4841661E-02 1.5155345E-02 1.5463322E-02 1.5780836E-02 1.6130358E-02 1.6500115E-02 1.6574964E-02 1.6637698E-02 1.6715840E-02 1.6887322E-02 1.7133653E-02 1.7417952E-02 1.7795980E-02 1.8311217E-02 1.9137770E-02 2.0309880E-02 2.2087231E-02 2.4691343E-02 2.8568983E-02 3.3183992E-02 3.4993172E-02 3.6053658E-02 3.4660131E-02 3.2525569E-02 2.8559953E-02 2.4811342E-02 2.2795454E-02 2.1843225E-02 2.1449432E-02 2.1322951E-02 2.0872578E-02 2.1097079E-02 2.1719813E-02 2.1879286E-02 2.2180825E-02 2.2454023E-02 2.2673473E-02 2.2915214E-02 2.3258671E-02 2.3285642E-02 2.2918075E-02 2.2614717E-02 2.2254854E-02 2.1931738E-02 2.1626309E-02 2.1313727E-02 2.1059752E-02 2.0774662E-02 2.0395845E-02
1.4570042E-02 1.4924198E-02 1.5218332E-02 1.5466541E-02 1.5822440E-02 1.6185686E-02 1.6574860E-02 1.6613603E-02 1.6661510E-02 1.6762733E-02 1.6934738E-02 1.7177820E-02 1.7413631E-02 1.7755732E-02 1.8201679E-02 1.8862441E-02 1.9718438E-02 2.0876288E-02 2.2694468E-02 2.5116578E-02 2.7966410E-02 3.0700237E-02 3.1906456E-02 3.2317162E-02 3.0674130E-02 2.6512414E-02 2.3952842E-02 2.2638604E-02 2.1862030E-02 2.1590054E-02 2.1602139E-02 2.1758080E-02 2.1827966E-02 2.2017002E-02 2.2264645E-02 2.2585243E-02 2.2822335E-02 2.3085102E-02 2.3393795E-02 2.3416400E-02 2.3164019E-02 2.2853628E-02 2.2515848E-02 2.2154674E-02 2.1999791E-02 2.1650478E-02 2.1247327E-02 2.0984009E-02 2.0647407E-02 2.0289361E-02
1.4645621E-02 1.4941826E-02 1.5243635E-02 1.5533164E-02 1.5894935E-02 1.6306445E-02 1.6526043E-02 1.6608626E-02 1.6724542E-02 1.6806558E-02 1.6983673E-02 1.7195880E-02 1.7442286E-02 1.7807603E-02 1.8092185E-02 1.8631265E-02 1.9336581E-02 2.0159423E-02 2.1302104E-02 2.2678763E-02 2.4274990E-02 2.5727227E-02 2.6550815E-02 2.6757643E-02 2.6043266E-02 2.4399608E-02 2.3021415E-02 2.2299215E-02 2.1886736E-02 2.1750107E-02 2.1810889E-02 2.1952152E-02 2.2063211E-02 2.2424564E-02 2.2836924E-02 2.3033693E-02 2.3230702E-02 2.3595944E-02 2.3645043E-02 2.3301497E-02 2.3015231E-02 2.2702068E-02 2.2472635E-02 2.2131905E-02 2.1887809E-02 2.1525264E-02 2.1110296E-02 2.0841539E-02 2.0490572E-02 2.0107493E-02
1.4698118E-02 1.4984429E-02 1.5254393E-02 1.5571207E-02 1.5998989E-02 1.6374409E-02 1.6488642E-02 1.6595945E-02 1.6737953E-02 1.6841561E-02 1.7028332E-02 1.7239675E-02 1.7527044E-02 1.7751276E-02 1.8065810E-02 1.8480420E-02 1.8944547E-02 1.9573972E-02 2.0324841E-02 2.1101773E-02 2.2060812E-02 2.2905380E-02 2.3483321E-02 2.3740441E-02 2.3485407E-02 2.2809431E-02 2.2301361E-02 2.2003770E-02 2.1853313E-02 2.1883965E-02 2.2040889E-02 2.2213385E-02 2.2496626E-02 2.2926018E-02 2.3179263E-02 2.3445070E-02 2.3794591E-02 2.3851618E-02 2.3564041E-02 2.3347735E-02 2.3008376E-02 2.2649258E-02 2.2390589E-02 2.2063643E-02 2.1733403E-02 2.1468163E-02 2.1043494E-02 2.0686477E-02 2.0288497E-02 1.9949943E-02
1.4769033E-02 1.5067339E-02 1.5287697E-02 1.5629739E-02 1.6063914E-02 1.6317517E-02 1.6449690E-02 1.6582444E-02 1.6750127E-02 1.6874835E-02 1.7071858E-02 1.7289236E-02 1.7524064E-02 1.7787442E-02 1.8115863E-02 1.8486381E-02 1.8846244E-02 1.9306302E-02 1.9911632E-02 2.0373434E-02 2.0969138E-02 2.1457613E-02 2.1923378E-02 2.2129074E-02 2.2146851E-02 2.1989107E-02 2.1927804E-02 2.1907896E-02 2.1981582E-02 2.2117883E-02 2.2269964E-02 2.2508353E-02 2.2911713E-02 2.3314297E-02 2.3580119E-02 2.3955747E-02 2.4047911E-02 2.3792550E-02 2.3677886E-02 2.3339912E-02 2.3063555E-02 2.2683039E-02 2.2374034E-02 2.1961764E-02 2.1733999E-02 2.1360084E-02 2.0880312E-02 2.0588040E-02 2.0269111E-02 1.9896850E-02
1.4805898E-02 1.5063509E-02 1.5311196E-02 1.5718952E-02 1.6057715E-02 1.6276732E-02 1.6409114E-02 1.6567111E-02 1.6730919E-02 1.6902581E-02 1.7143071E-02 1.7380148E-02 1.7576128E-02 1.7867059E-02 1.8147841E-02 1.8457726E-02 1.8781751E-02 1.9148842E-02 1.9548833E-02 1.9987956E-02 2.0347640E-02 2.0790517E-02 2.1171153E-02 2.1382391E-02 2.1561041E-02 2.1591216E-02 2.1730125E-02 2.1945640E-02 2.2113949E-02 2.2264853E-02 2.2522241E-02 2.2881284E-02 2.3225829E-02 2.3578972E-02 2.4017990E-02 2.4181098E-02 2.3987144E-02 2.3761109E-02 2.3537636E-02 2.3347348E-02 2.3087054E-02 2.2797123E-02 2.2528633E-02 2.2181049E-02 2.1863773E-02 2.1484062E-02 2.0949557E-02 2.0564914E-02 2.0283908E-02 1.9833177E-02
1.4863431E-02 1.5096724E-02 1.5347332E-02 1.5693188E-02 1.6021624E-02 1.6209424E-02 1.6368046E-02 1.6551271E-02 1.6735598E-02 1.6933531E-02 1.7174155E-02 1.7444372E-02 1.7646730E-02 1.7902493E-02 1.8132970E-02 1.8397048E-02 1.8701449E-02 1.9082934E-02 1.9401670E-02 1.9810885E-02 2.0134166E-02 2.0548478E-02 2.0878851E-02 2.1154210E-02 2.1339417E-02 2.1568179E-02 2.1794245E-02 2.2053018E-02 2.2292361E-02 2.2507593E-02 2.2893414E-02 2.3223773E-02 2.3529112E-02 2.3879886E-02 2.4288893E-02 2.4187624E-02 2.4054527E-02 2.3882031E-02 2.3707777E-02 2.3538753E-02 2.3306966E-02 2.3074731E-02 2.2732243E-02 2.2281304E-02 2.1867692E-02 2.1437243E-02 2.1032289E-02 2.0541698E-02 2.0149902E-02 1.9824043E-02
1.4774084E-02 1.4978915E-02 1.5267938E-02 1.5617624E-02 1.5902624E-02 1.6146600E-02 1.6327634E-02 1.6533747E-02 1.6738668E-02 1.6962886E-02 1.7236531E-02 1.7489165E-02 1.7748609E-02 1.7942145E-02 1.8207729E-02 1.8579140E-02 1.8865153E-02 1.9204780E-02 1.9524828E-02 1.9914955E-02 2.0199955E-02 2.0525187E-02 2.0850703E-02 2.1103129E-02 2.1371573E-02 2.1710917E-02 2.1981925E-02 2.2260621E-02 2.2485673E-02 2.2810668E-02 2.3217693E-02 2.3582414E-02 2.3892060E-02 2.4305075E-02 2.4506003E-02 2.4233893E-02 2.4162874E-02 2.4132386E-02 2.4078861E-02 2.4041206E-02 2.3759454E-02 2.3524687E-02 2.3026153E-02 2.2593349E-02 2.2201523E-02 2.1706238E-02 2.0930409E-02 2.0625740E-02 2.0084023E-02 1.9640610E-02
1.4569029E-02 1.4844328E-02 1.5225992E-02 1.5604243E-02 1.5818477E-02 1.6057983E-02 1.6290441E-02 1.6547963E-02 1.6740486E-02 1.6995534E-02 1.7296985E-02 1.7551005E-02 1.7823130E-02 1.8015712E-02 1.8285766E-02 1.8688858E-02 1.8930644E-02 1.9272313E-02 1.9622236E-02 1.9953132E-02 2.0239234E-02 2.0602956E-02 2.0961553E-02 2.1237850E-02 2.1521822E-02 2.1882609E-02 2.2199810E-02 2.2461593E-02 2.2788033E-02 2.3207262E-02 2.3567215E-02 2.3866937E-02 2.4347097E-02 2.4647593E-02 2.4486974E-02 2.4439052E-02 2.4442509E-02 2.4485186E-02 2.4578735E-02 2.4741650E-02 2.4564117E-02 2.4296731E-02 2.3886397E-02 2.3249969E-02 2.2741988E-02 2.2087753E-02 2.1014616E-02 2.0643607E-02 2.0061076E-02 1.9671872E-02
1.4435843E-02 1.4730796E-02 1.5140131E-02 1.5507832E-02 1.5744850E-02 1.6004890E-02 1.6258165E-02 1.6492561E-02 1.6732454E-02 1.7030299E-02 1.7325789E-02 1.7576262E-02 1.7912075E-02 1.8104553E-02 1.8399015E-02 1.8799663E-02 1.9056305E-02 1.9423410E-02 1.9685924E-02 1.9982353E-02 2.0404711E-02 2.0790726E-02 2.1096081E-02 2.1445885E-02 2.1762863E-02 2.2152022E-02 2.2500679E-02 2.2827268E-02 2.3218036E-02 2.3563594E-02 2.3927554E-02 2.4318010E-02 2.4613917E-02 2.4553761E-02 2.4566039E-02 2.4535403E-02 2.4651811E-02 2.5012732E-02 2.5578901E-02 2.6188105E-02 2.6236624E-02 2.5852174E-02 2.5462002E-02 2.3806915E-02 2.2538915E-02 2.1815553E-02 2.1128818E-02 2.0886138E-02 2.0141438E-02 1.9650415E-02
1.4358073E-02 1.4708728E-02 1.5093908E-02 1.5394568E-02 1.5682235E-02 1.5952557E-02 1.6260579E-02 1.6498938E-02 1.6705424E-02 1.7024234E-02 1.7328650E-02 1.7705351E-02 1.8006220E-02 1.8335164E-02 1.8580988E-02 1.8946677E-02 1.9225538E-02 1.9592851E-02 1.9884288E-02 2.0183086E-02 2.0575777E-02 2.0961121E-02 2.1324545E-02 2.1747738E-02 2.2069678E-02 2.2491902E-02 2.2826448E-02 2.3211986E-02 2.3600087E-02 2.3868501E-02 2.4313122E-02 2.4518624E-02 2.4464488E-02 2.4410233E-02 2.4423465E-02 2.4602264E-02 2.4907008E-02 2.5667921E-02 2.7051330E-02 2.8886646E-02 2.8938979E-02 2.8420568E-02 2.5612667E-02 2.3613751E-02 2.2509813E-02 2.1725014E-02 2.1017626E-02 2.0672157E-02 2.0002156E-02 1.9671217E-02
1.4253259E-02 1.4659822E-02 1.5045166E-02 1.5323102E-02 1.5614927E-02 1.5899941E-02 1.6180068E-02 1.6488403E-02 1.6790926E-02 1.7066002E-02 1.7375529E-02 1.7730445E-02 1.8055215E-02 1.8383786E-02 1.8694371E-02 1.9009545E-02 1.9377768E-02 1.9759580E-02 2.0101681E-02 2.0438522E-02 2.0795837E-02 2.1186233E-02 2.1550313E-02 2.2016928E-02 2.2394061E-02 2.2825658E-02 2.3135230E-02 2.3638293E-02 2.3992747E-02 2.4234027E-02 2.4573758E-02 2.4411559E-02 2.4361983E-02 2.4345696E-02 2.4462551E-02 2.4676472E-02 2.5125504E-02 2.6430696E-02 2.9124886E-02 3.0454934E-02 2.8135598E-02 2.6288718E-02 2.4680883E-02 2.3346782E-02 2.2480145E-02 2.1734729E-02 2.1000624E-02 2.0511448E-02 1.9954026E-02 1.9434676E-02
1.4177248E-02 1.4645532E-02 1.4975071E-02 1.5281826E-02 1.5554622E-02 1.5855357E-02 1.6143754E-02 1.6516730E-02 1.6840756E-02 1.7126128E-02 1.7483905E-02 1.7825559E-02 1.8163472E-02 1.8505573E-02 1.8850878E-02 1.9151211E-02 1.9540742E-02 1.9920826E-02 2.0266518E-02 2.0591572E-02 2.1008879E-02 2.1424085E-02 2.1796972E-02 2.2232294E-02 2.2690862E-02 2.3226485E-02 2.3533136E-02 2.3913324E-02 2.4001405E-02 2.4169520E-02 2.4232760E-02 2.4266466E-02 2.4312854E-02 2.4324581E-02 2.4405047E-02 2.4510503E-02 2.5040105E-02 2.6307657E-02 2.9000819E-02 2.9121131E-02 2.6620924E-02 2.5157183E-02 2.4096370E-02 2.3505479E-02 2.2475511E-02 2.1872297E-02 2.1284834E-02 2.0646438E-02 2.0194605E-02 1.9574016E-02
1.4137581E-02 1.4565751E-02 1.4895424E-02 1.5174747E-02 1.5504196E-02 1.5884131E-02 1.6152322E-02 1.6494289E-02 1.6861141E-02 1.7169908E-02 1.7501503E-02 1.7853022E-02 1.8244669E-02 1.8601552E-02 1.8968031E-02 1.9303188E-02 1.9711658E-02 2.0072788E-02 2.0367980E-02 2.0802170E-02 2.1308616E-02 2.1742821E-02 2.2180900E-02 2.2558242E-02 2.2983089E-02 2.3304000E-02 2.3541823E-02 2.3774847E-02 2.3924544E-02 2.4042100E-02 2.4141058E-02 2.4195448E-02 2.4195045E-02 2.4221718E-02 2.4278536E-02 2.4412364E-02 2.4722531E-02 2.5378212E-02 2.6076451E-02 2.6016891E-02 2.5132626E-02 2.4408281E-02 2.3593307E-02 2.2894502E-02 2.2350714E-02 2.2186011E-02 2.1374792E-02 2.0904526E-02 2.0230532E-02 1.9418851E-02
