LUCAS_GEMMES_COP27/includes/subsidence/Scenario_B2/TOT_SUBSIDENCE_2070_SINCE_2018_MKD_ONLY.ASC
NCOLS                318
NROWS                364
XLLCORNER      400000.00
YLLCORNER      907000.00
CELLSIZE         1000.00
NODATA_VALUE    0.3402823E+39
[rows 96 to 119 of 364, columns 220 to 274 of 318]
0.3317114 0.3358126 0.3391765 0.3427695 0.3476251 0.3525167 0.3580726 0.3653752 0.3737191 0.3813404 0.3900058 0.3968084 0.4069702 0.4151483 0.4224655 0.4296589 0.4370376 0.4436169 0.4502457 0.4568050 0.4629688 0.4686308 0.4682739 0.4737057 0.4865362 0.4939252 0.5013477 0.5073128 0.5077153 0.5169818 0.5351989 0.5425934 0.5502654 0.5485530 0.5657741 0.5858501 0.5865961 0.5990338 0.6217815 0.6441494 0.6534185 0.6732131 0.6032816 0.7167425 0.7629613 0.8153547 0.8536962 0.9059764 0.9511823 0.9904865 1.022792 1.063006 1.100804 1.133398 1.159440
0.3377887 0.3414410 0.3449770 0.3496286 0.3551696 0.3598344 0.3657740 0.3734291 0.3802439 0.3882070 0.3961505 0.4025400 0.4125319 0.4203010 0.4278350 0.4348243 0.4423901 0.4489521 0.4558721 0.4625480 0.4686083 0.4766240 0.4802165 0.4868383 0.4934554 0.4992429 0.5058535 0.5047140 0.5135884 0.5339813 0.5448211 0.5471094 0.5555088 0.5606995 0.5586988 0.5871953 0.5993019 0.6208213 0.6336222 0.6562289 0.6681030 0.6673814 0.5950136 0.7005624 0.7460599 0.7804035 0.8178102 0.8589072 0.9042912 0.9420474 0.9737210 1.023206 1.496570 1.057203 1.074031
0.3427557 0.3466882 0.3507865 0.3561645 0.3617896 0.3672517 0.3728471 0.3797339 0.3873397 0.3956521 0.4022884 0.4076294 0.4184238 0.4268661 0.4343629 0.4409855 0.4478067 0.4548684 0.4615130 0.4679760 0.4742883 0.4805126 0.4861208 0.4933960 0.4992129 0.5061274 0.5125444 0.5186234 0.5296604 0.5427176 0.5492910 0.5570068 0.5691791 0.5724633 0.5817148 0.5946983 0.6132922 0.6316795 0.6436984 0.6561291 0.6682022 0.6730996 0.5932721 0.6973466 0.7281557 0.7629431 0.7949191 0.8215562 0.8609707 0.8978034 0.9249452 0.9619697 0.9831573 0.9976840 1.010555
0.3453984 0.3502539 0.3562145 0.3603545 0.3667263 0.3735013 0.3792921 0.3861654 0.3936303 0.4014653 0.4080219 0.4132392 0.4240183 0.4319876 0.4394551 0.4466929 0.4534461 0.4603403 0.4670337 0.4733640 0.4794535 0.4858871 0.4920060 0.4979936 0.5051191 0.5118831 0.5179294 0.5244946 0.5354719 0.5450935 0.5515158 0.5595356 0.5681642 0.5771605 0.5997165 0.6105742 0.6261828 0.6364230 0.6502665 0.6620535 0.6727419 0.6748836 0.5953171 0.6941917 0.7159268 0.7395849 0.7663603 0.7965012 0.8397458 0.8597218 0.8828048 0.9074506 0.9302576 0.9512855 0.9609030
0.3501916 0.3568538 0.3634837 0.3665073 0.3709837 0.3775516 0.3839307 0.3907545 0.3981156 0.4072830 0.4144188 0.4189545 0.4295633 0.4373893 0.4449598 0.4520430 0.4589254 0.4608213 0.4671476 0.4731458 0.4791055 0.4848624 0.4907626 0.4966404 0.5029001 0.5084137 0.5137885 0.5206719 0.5398572 0.5485901 0.5469133 0.5643070 0.5773093 0.5936364 0.6076927 0.6190462 0.6291780 0.6447641 0.6637180 0.6772066 0.6826683 0.6912087 0.6932473 0.6999578 0.7097674 0.7246487 0.7429149 0.7707713 0.7983385 0.8270028 0.8429606 0.8639926 0.8872745 0.9149847 0.9171134
0.3537945 0.3601420 0.3662872 0.3703566 0.3772084 0.3838592 0.3904084 0.3989206 0.4044636 0.4107854 0.4178472 0.4247248 0.4320953 0.4393328 0.4465297 0.4533898 0.4600180 0.4662124 0.4786396 0.4856136 0.4917697 0.4908565 0.4964068 0.5095757 0.5173631 0.5232003 0.5284895 0.5269243 0.5438876 0.5550724 0.5629133 0.5744191 0.5903252 0.6001347 0.6110522 0.6277190 0.6465018 0.6526124 0.6660943 0.6792498 0.6847852 0.6911457 0.6961691 0.6990675 0.7049065 0.7073521 0.7193428 0.7390083 0.7611903 0.7753549 0.7919548 0.8224581 0.8416110 0.8587681 0.8625915
0.3589559 0.3669899 0.3724444 0.3777921 0.3857792 0.3914682 0.3980221 0.4058248 0.4114332 0.4196324 0.4270473 0.4309432 0.4419285 0.4496182 0.4569623 0.4642579 0.4710125 0.4775369 0.4850101 0.4919868 0.4983570 0.5034640 0.5020658 0.5079290 0.5229054 0.5307628 0.5346401 0.5418639 0.5524077 0.5614788 0.5709863 0.5745636 0.5923851 0.6085427 0.6218925 0.6438514 0.6607298 0.6621313 0.6727710 0.6889650 0.6918485 0.6968660 0.6940188 0.6955475 0.6890825 0.5855778 0.6845839 0.7108823 0.7281730 0.7394588 0.7447302 0.7785442 0.8039185 0.8186713 0.8201531
0.3617571 0.3694059 0.3771937 0.3855835 0.3925440 0.3978451 0.4046685 0.4109222 0.4172689 0.4254311 0.4331310 0.4366704 0.4483094 0.4560536 0.4631222 0.4703659 0.4773947 0.4828438 0.4907804 0.4976523 0.5037141 0.5027879 0.5090232 0.5143116 0.5203918 0.5377110 0.5426910 0.5516530 0.5604256 0.5663350 0.5719510 0.5810691 0.6036175 0.6164814 0.6290845 0.6531314 0.6649857 0.6726608 0.6834788 0.6911802 0.6967580 0.6923212 0.6871215 0.6912076 0.6914263 0.6664269 0.5669497 0.6670953 0.6817080 0.6939340 0.7044864 0.7437785 0.7709520 0.7907807 0.7803090
0.3662880 0.3742293 0.3822080 0.3900478 0.3973713 0.4045501 0.4123002 0.4183537 0.4249090 0.4321403 0.4396560 0.4425328 0.4546492 0.4623258 0.4695466 0.4768417 0.4839207 0.4894879 0.4901382 0.4965899 0.5024238 0.5093795 0.5233040 0.5293568 0.5275182 0.5416155 0.5506163 0.5568676 0.5596241 0.5728674 0.5795289 0.5909545 0.6148157 0.6315262 0.6122871 0.6648819 0.6770313 0.6884982 0.6865255 0.6919139 0.7096221 0.7036905 0.6976950 0.7065351 0.6965377 0.6762731 0.6519284 0.5531992 0.5509472 0.5613612 0.5716379 0.7111437 0.7360670 0.7497398 0.7392245
0.3727140 0.3795274 0.3877178 0.3959767 0.4034663 0.4119585 0.4188824 0.4254528 0.4318377 0.4393111 0.4463868 0.4485148 0.4607113 0.4683079 0.4753159 0.4760469 0.4829732 0.4897391 0.4964463 0.5094554 0.5088621 0.5151972 0.5214701 0.5275672 0.5431457 0.5472028 0.5498126 0.5609046 0.5704044 0.5827426 0.5939835 0.6083623 0.6277004 0.6524686 0.6569756 0.6368023 0.6830985 0.6923195 0.6897607 0.6968769 0.7114810 0.7216458 0.7192140 0.7107418 0.7000540 0.6860833 0.6753047 0.6651728 0.6598222 0.6669650 0.6762828 0.6961179 0.7110292 0.7235638 0.7287534
0.3785670 0.3851757 0.3932984 0.4019966 0.4110694 0.4197123 0.4269330 0.4325793 0.4391343 0.4457252 0.4523115 0.4539296 0.4609074 0.4679057 0.4744275 0.4816791 0.4955912 0.5026661 0.5029930 0.5098437 0.5159051 0.5291802 0.5367922 0.5327023 0.5437768 0.5531519 0.5591959 0.5705508 0.5798079 0.5929563 0.6046386 0.6205549 0.6380687 0.6560222 0.6748223 0.6837075 0.6948941 0.6966919 0.6323630 0.7032905 0.7151296 0.7204312 0.7156780 0.7175694 0.7078243 0.6965532 0.6888103 0.6830426 0.6770572 0.6752581 0.6779998 0.6771961 0.6923164 0.7002707 0.7020293
0.3808189 0.3878530 0.3965525 0.4059650 0.4147078 0.4245228 0.4336710 0.4390198 0.4454916 0.4472198 0.4532974 0.4591694 0.4663214 0.4791883 0.4864222 0.4878371 0.4952211 0.5023119 0.5097018 0.5225347 0.5318405 0.5351041 0.5297551 0.5376385 0.5537174 0.5620073 0.5700068 0.5807382 0.5906096 0.6035645 0.6147491 0.6283470 0.6441619 0.6594613 0.6741785 0.6887075 0.7057163 0.7003946 0.6997982 0.7219757 0.7218325 0.7106394 0.7065814 0.7128282 0.7026525 0.6886202 0.6845657 0.6862278 0.6849833 0.6789753 0.6653298 0.5554119 0.6712644 0.6820045 0.6801613
0.3875144 0.3953888 0.4031905 0.4121915 0.4218178 0.4284872 0.4362054 0.4409729 0.4474146 0.4534917 0.4645908 0.4651523 0.4769225 0.4785804 0.4859064 0.4939235 0.5079684 0.5144782 0.5230681 0.5192912 0.5225244 0.5303531 0.5369067 0.5520999 0.5612094 0.5696235 0.5786089 0.5903077 0.6010614 0.6136670 0.6269491 0.6384935 0.6539438 0.6747271 0.6944287 0.7044427 0.7169336 0.7115642 0.7223457 0.7286204 0.7146590 0.6283715 0.7074694 0.7141517 0.6148224 0.6868157 0.6859326 0.6908531 0.6919315 0.6735159 0.6571749 0.6439718 0.6758006 0.6728363 0.6650711
0.3892372 0.3990425 0.4076732 0.4162069 0.4256440 0.4348599 0.4449181 0.4540835 0.4608126 0.4660749 0.4717589 0.4706820 0.4768732 0.4838274 0.4971243 0.5054215 0.5151370 0.5103434 0.5148997 0.5223313 0.5353158 0.5330129 0.5503473 0.5599631 0.5681874 0.5773489 0.5874264 0.5978675 0.6095127 0.6251652 0.6414444 0.6559108 0.6663683 0.6907401 0.7101099 0.7159474 0.7294786 0.7324891 0.7399758 0.7394494 0.7220734 0.7101185 0.6321448 0.7126819 0.7017674 0.6959593 0.6922139 0.6965582 0.6955492 0.6793854 0.6559254 0.6474720 0.6537477 0.6560907 0.6547326
0.3925257 0.4017906 0.4100697 0.4191749 0.4284070 0.4380462 0.4462726 0.4579100 0.4673496 0.4717088 0.4772819 0.4753878 0.4875578 0.4950014 0.5030204 0.5015950 0.5056633 0.5127439 0.5261946 0.5319405 0.5396860 0.5384107 0.5566841 0.5658098 0.5735965 0.5845505 0.5955156 0.6065940 0.6198125 0.6344326 0.6561255 0.6741951 0.6818417 0.6945463 0.7113119 0.7244661 0.7344418 0.7358055 0.7366194 0.7383282 0.7344867 0.7414311 0.7381315 0.7225894 0.7121990 0.7027981 0.6921120 0.6953162 0.6810517 0.6679832 0.6531929 0.5386988 0.6214035 0.6431572 0.6387444
0.3961596 0.4013885 0.4093993 0.4181415 0.4266848 0.4399062 0.4484820 0.4573532 0.4680992 0.4744234 0.4785302 0.4799649 0.4837606 0.4900771 0.4939105 0.5005454 0.5072518 0.5212801 0.5302674 0.5371764 0.5450215 0.5512701 0.5626311 0.5713311 0.5802859 0.5913548 0.6027412 0.6153822 0.6291444 0.6448154 0.6644226 0.6834816 0.6924961 0.7078096 0.7190074 0.7334788 0.7435654 0.7460868 0.7501224 0.7490876 0.7555832 0.7542043 0.7495009 0.7329137 0.7212865 0.7087876 0.6828509 0.6904361 0.6822010 0.6793621 0.6638530 0.6206344 0.5308539 0.6234049 0.6198635
0.4000680 0.4064009 0.4159770 0.4204160 0.4287941 0.4371800 0.4446736 0.4527135 0.4606234 0.4749686 0.4775456 0.4763603 0.4806516 0.4935450 0.5017918 0.5073706 0.5070697 0.5153388 0.5315718 0.5398821 0.5481094 0.5553781 0.5648240 0.5760943 0.5864202 0.5968295 0.6098250 0.6218963 0.6343035 0.6524526 0.6714804 0.6878318 0.7074146 0.7213333 0.7239706 0.7320893 0.7589877 0.7682267 0.7665795 0.7653769 0.7663378 0.7626649 0.7591099 0.7510816 0.7409267 0.7031006 0.5954206 0.6731201 0.5862389 0.6756653 0.6573531 0.5422823 0.6074679 0.6159322 0.6084999
0.4058484 0.4118733 0.4167563 0.4231598 0.4354374 0.4434350 0.4459392 0.4532939 0.4620959 0.4671229 0.4704594 0.4713182 0.4784524 0.4855345 0.5005045 0.5074328 0.5131872 0.5155590 0.5308146 0.5407454 0.5492862 0.5589205 0.5679550 0.5800288 0.5919656 0.6034173 0.6137816 0.6233134 0.6401860 0.6596447 0.6780993 0.6936335 0.7123182 0.7232834 0.7326839 0.7435900 0.7591267 0.7667614 0.7717727 0.7771019 0.7721108 0.7644863 0.7711061 0.7610869 0.7381300 0.6281453 0.6864052 0.7053258 0.6935775 0.6854047 0.6566355 0.5398249 0.6014402 0.5151548 0.5905299
0.4096238 0.4153788 0.4210621 0.4253938 0.4341645 0.4410674 0.4473276 0.4598975 0.4653304 0.4648488 0.4751766 0.4784631 0.4842228 0.4853784 0.4921394 0.5044587 0.5128377 0.5146391 0.5232693 0.5404887 0.5518866 0.5633874 0.5716197 0.5832981 0.5942564 0.6072113 0.6194636 0.6320564 0.6492772 0.6663393 0.6831882 0.7020733 0.7213355 0.7307942 0.7411556 0.7532010 0.7656930 0.7759453 0.7835709 0.7827406 0.7845241 0.7829284 0.7732785 0.7581655 0.7402944 0.6253539 0.6187860 0.6999801 0.7053062 0.6878303 0.5705059 0.6308686 0.6215432 0.5143094 0.5841852
0.4125136 0.4192065 0.4242363 0.4282520 0.4407610 0.4499635 0.4472318 0.4524851 0.4633030 0.4617639 0.4673637 0.4782980 0.4827999 0.4897929 0.4897793 0.4974372 0.5141354 0.5224527 0.5238298 0.5407307 0.5541884 0.5654793 0.5745972 0.5863580 0.5970029 0.6097484 0.6228453 0.6368734 0.6536058 0.6720159 0.6868087 0.7121169 0.7271523 0.7374050 0.7487570 0.7577662 0.7731130 0.7831788 0.7897589 0.7895641 0.7918752 0.7936869 0.7857358 0.7709186 0.7562405 0.7353190 0.7240781 0.7320910 0.7262058 0.7113345 0.6784175 0.6593811 0.6289333 0.5165998 0.5762152
0.4154573 0.4226076 0.4272807 0.4351850 0.4442707 0.4476395 0.4462723 0.4564567 0.4607407 0.4599342 0.4652478 0.4708001 0.4813933 0.4868674 0.4940594 0.4951376 0.5111018 0.5224931 0.5322226 0.5427622 0.5549084 0.5653549 0.5757997 0.5888283 0.6000107 0.6117140 0.6251910 0.6402683 0.6572711 0.6739373 0.6888185 0.7106058 0.7201889 0.7318455 0.7431362 0.7571115 0.7730544 0.7898191 0.7982475 0.7923588 0.7911486 0.8056927 0.8030491 0.7970069 0.7823766 0.7708835 0.7624004 0.7595960 0.7461400 0.7371612 0.7090899 0.6847414 0.6388404 0.5275022 0.5929929
0.4175983 0.4244972 0.4285648 0.4375306 0.4415906 0.4462670 0.4444718 0.4542130 0.4542594 0.4596636 0.4691274 0.4695514 0.4744344 0.4849101 0.4888945 0.4923142 0.5026609 0.5202506 0.5318671 0.5424646 0.5541662 0.5660781 0.5763066 0.5889772 0.6024916 0.6137940 0.6281729 0.6445464 0.6628166 0.6783155 0.6950679 0.7120591 0.7205154 0.7358415 0.7487046 0.7575272 0.7718680 0.7865288 0.8082064 0.8135533 0.8079923 0.8104510 0.8098196 0.8058434 0.7930211 0.7813384 0.7671571 0.7560807 0.7458842 0.7400852 0.7152565 0.6906347 0.6521074 0.6164374 0.6080811
0.4192643 0.4276409 0.4292583 0.4345794 0.4407271 0.4443831 0.4428069 0.4521919 0.4530463 0.4636409 0.4703533 0.4746783 0.4737993 0.4836158 0.4916438 0.4991369 0.5012275 0.5177437 0.5305514 0.5429183 0.5535949 0.5656900 0.5757580 0.5876481 0.6018294 0.6155673 0.6307799 0.6473078 0.6644374 0.6823478 0.7026483 0.7168941 0.7250227 0.7375060 0.7562394 0.7660363 0.7771733 0.7890602 0.8039831 0.8148877 0.8160043 0.8174944 0.8184263 0.8055077 0.7910240 0.7796798 0.7696872 0.7577308 0.7442124 0.7270876 0.7105237 0.6887258 0.6619341 0.6369018 0.6168901
0.4218338 0.4249611 0.4280065 0.4340123 0.4385411 0.4429696 0.4452568 0.4513014 0.4527351 0.4638490 0.4698350 0.4740821 0.4725436 0.4774895 0.4905695 0.4958569 0.4984640 0.5080787 0.5270827 0.5401349 0.5515717 0.5633900 0.5759745 0.5894154 0.6037145 0.6170855 0.6321363 0.6481991 0.6674245 0.6870704 0.7091281 0.7207602 0.7339389 0.7428862 0.7504126 0.7689186 0.7830411 0.7959933 0.8079696 0.8188335 0.8197603 0.8236350 0.8218160 0.8155300 0.7949530 0.7822241 0.7752583 0.7760296 0.7581049 0.7370430 0.7212551 0.6972035 0.6711954 0.6438535 0.6223652
