LUCAS_GEMMES_COP27/includes/subsidence/Scenario_B2/TOT_SUBSIDENCE_2080_SINCE_2018_MKD_ONLY.ASC
NCOLS                318
NROWS                364
XLLCORNER      400000.00
YLLCORNER      907000.00
CELLSIZE         1000.00
NODATA_VALUE    0.3402823E+39
[rows 216 to 239 of 364, columns 110 to 164 of 318]
0.9979572 1.011523 1.025364 1.039547 1.054142 1.066142 1.078018 1.090335 1.101444 1.117655 1.128899 1.136258 1.148234 1.159587 1.167846 1.167870 1.174474 1.186929 1.190055 1.192149 1.191046 1.185473 1.186025 1.194334 1.191614 1.180136 1.172337 1.180713 1.175187 1.182823 1.176647 1.172211 1.159186 1.149556 1.142006 1.120884 1.114143 1.116458 1.100830 1.084540 1.064595 1.033007 1.043975 1.025690 1.004632 0.9782088 0.9472163 0.9240731 0.9019033 0.8911533 0.8777916 0.8631532 0.8528357 0.8167705 0.8073671
1.017806 1.030930 1.044497 1.059006 1.072137 1.084261 1.097143 1.109715 1.120475 1.134256 1.145743 1.155198 1.165029 1.176263 1.185915 1.192756 1.190843 1.192964 1.205856 1.208336 1.201316 1.204725 1.213837 1.214041 1.210835 1.210350 1.198917 1.212861 1.197277 1.188124 1.188338 1.192546 1.182351 1.174710 1.151996 1.144405 1.135374 1.123627 1.128915 1.114615 1.100704 1.071184 1.058975 1.060673 1.043982 1.028307 0.9970632 0.9654815 0.9408599 0.9205767 0.9039063 0.8890707 0.8504114 0.8381559 0.8531415
1.039021 1.050779 1.064679 1.079791 1.094409 1.103449 1.117228 1.131124 1.144473 1.150845 1.168237 1.179801 1.184606 1.196442 1.204915 1.212523 1.215355 1.207014 1.213365 1.222189 1.221391 1.230938 1.234062 1.237778 1.229200 1.222988 1.223001 1.220388 1.224314 1.223312 1.207726 1.209429 1.196964 1.188371 1.182369 1.187016 1.173463 1.151266 1.144994 1.147530 1.135593 1.129197 1.097032 1.079096 1.089900 1.062043 1.029859 0.9986983 0.9700155 0.9443084 0.9268910 0.8875378 0.8717905 0.8834082 0.8732544
1.063063 1.074765 1.088751 1.103234 1.115365 1.124495 1.137647 1.155939 1.162887 1.172420 1.188750 1.201265 1.213645 1.217462 1.224003 1.229966 1.235166 1.239280 1.235767 1.239647 1.249035 1.251245 1.254491 1.250874 1.254781 1.244613 1.253930 1.242528 1.237427 1.245453 1.226504 1.224382 1.222688 1.229011 1.230531 1.225104 1.203937 1.199378 1.175251 1.164284 1.178135 1.171171 1.158800 1.123617 1.108755 1.093780 1.061754 1.028371 0.9973152 0.9495082 0.9290506 0.9102519 0.8923942 0.8787042 0.8925076
1.086373 1.096429 1.116539 1.130177 1.140286 1.151967 1.165632 1.177846 1.188302 1.197151 1.209666 1.219327 1.229834 1.235128 1.242986 1.245588 1.255206 1.254009 1.257888 1.262008 1.273687 1.272454 1.263885 1.264353 1.266545 1.265459 1.275810 1.263064 1.260104 1.255674 1.253732 1.262353 1.247093 1.236250 1.248436 1.248654 1.243071 1.240838 1.227712 1.202300 1.216977 1.208258 1.199752 1.200444 1.146046 1.096275 1.088625 1.060105 1.004735 0.9801381 0.9834678 0.9594646 0.9386026 0.9041134 0.9101028
1.108677 1.119732 1.137145 1.152328 1.161553 1.176583 1.188223 1.201445 1.214961 1.224675 1.231354 1.235348 1.249492 1.256273 1.264265 1.271752 1.268939 1.273742 1.288835 1.285435 1.284040 1.288906 1.281713 1.284665 1.293687 1.293382 1.298352 1.295155 1.298111 1.287203 1.292850 1.291307 1.290493 1.273512 1.263762 1.277446 1.265922 1.260573 1.263091 1.240532 1.232967 1.243654 1.241462 1.235763 1.193541 1.136132 1.086231 1.064003 1.032809 1.027504 1.007167 0.9825833 0.9654741 0.9257791 0.9042746
1.140570 1.152653 1.161442 1.176798 1.187520 1.202481 1.208475 1.221601 1.236272 1.246680 1.252099 1.254738 1.263678 1.278273 1.288006 1.282719 1.286538 1.302412 1.307459 1.310459 1.304180 1.302228 1.307260 1.322615 1.319441 1.316411 1.321693 1.319783 1.325361 1.311370 1.306440 1.321245 1.319616 1.314073 1.295900 1.284765 1.275199 1.277188 1.300403 1.301756 1.274989 1.268412 1.298314 1.276575 1.224092 1.189328 1.128115 1.076356 1.081136 1.053336 1.028416 1.005457 0.9856321 0.9690545 0.9253398
1.169044 1.180607 1.193306 1.207615 1.214527 1.225856 1.235959 1.250205 1.260488 1.270787 1.277026 1.284648 1.289179 1.300793 1.303705 1.306526 1.315938 1.325121 1.329383 1.332070 1.336136 1.329019 1.329310 1.344049 1.338650 1.341790 1.348016 1.350156 1.351773 1.348722 1.330974 1.349565 1.346521 1.346413 1.342732 1.321857 1.317444 1.332045 1.335523 1.341128 1.340055 1.312050 1.309809 1.292132 1.253193 1.195330 1.155366 1.122080 1.069661 1.081923 1.056244 1.031018 1.005987 0.9911652 0.9744682
1.196130 1.206886 1.218690 1.235594 1.247064 1.257751 1.262936 1.271290 1.285634 1.295420 1.298685 1.303874 1.310931 1.319130 1.327032 1.338824 1.343448 1.346260 1.347932 1.353471 1.359173 1.360668 1.350260 1.350507 1.360561 1.368274 1.373949 1.376426 1.372809 1.372496 1.360083 1.363175 1.376370 1.376897 1.376152 1.377827 1.352423 1.349257 1.365593 1.368791 1.376821 1.397293 1.350563 1.295992 1.257367 1.225717 1.205678 1.172060 1.117412 1.116045 1.085673 1.058394 1.030719 1.013344 0.9993378
1.225370 1.239193 1.250149 1.261793 1.272192 1.282470 1.293458 1.299196 1.308136 1.316726 1.327911 1.331974 1.334743 1.344639 1.359061 1.362772 1.361740 1.363660 1.367922 1.376857 1.383805 1.385111 1.375342 1.378138 1.381035 1.397156 1.400959 1.404363 1.404098 1.406248 1.405025 1.387460 1.391083 1.406225 1.403929 1.404039 1.393713 1.376635 1.381186 1.402901 1.405547 1.427373 1.382879 1.321836 1.280839 1.269742 1.235156 1.201464 1.144758 1.112088 1.117600 1.088130 1.060084 1.037822 1.022464
1.257492 1.266398 1.279302 1.289301 1.299579 1.310155 1.321881 1.334061 1.340422 1.341696 1.346529 1.350150 1.357419 1.372797 1.384339 1.384895 1.383603 1.390205 1.396834 1.403558 1.406855 1.412136 1.401767 1.417863 1.410067 1.416094 1.426098 1.430024 1.432537 1.432684 1.432281 1.433681 1.419090 1.421262 1.432573 1.434157 1.427411 1.432825 1.414785 1.419098 1.429029 1.443205 1.375806 1.336683 1.303295 1.272646 1.262981 1.231334 1.198204 1.144526 1.113812 1.122138 1.089324 1.067282 1.050819
1.291594 1.301726 1.311341 1.318362 1.328778 1.339788 1.350252 1.361231 1.366675 1.372940 1.371002 1.373665 1.382617 1.396022 1.404105 1.408350 1.410789 1.421990 1.429416 1.430616 1.432650 1.427689 1.424883 1.439924 1.449131 1.435411 1.436478 1.451421 1.454426 1.455368 1.456736 1.458647 1.461099 1.443342 1.444110 1.465514 1.465515 1.467490 1.466028 1.471401 1.454312 1.425134 1.393636 1.377550 1.345143 1.298873 1.267197 1.261270 1.226861 1.197682 1.146284 1.118689 1.127542 1.102722 1.082379
1.324921 1.333666 1.339917 1.347706 1.359355 1.368507 1.376953 1.385580 1.393188 1.394266 1.398724 1.410305 1.413922 1.421651 1.424446 1.431062 1.442012 1.448586 1.453360 1.454297 1.444014 1.447924 1.461324 1.467484 1.467814 1.467385 1.459451 1.467028 1.486045 1.483699 1.481945 1.479512 1.482644 1.487739 1.471841 1.479766 1.498191 1.500019 1.497706 1.506811 1.476126 1.437356 1.427772 1.397304 1.364726 1.333919 1.289496 1.261934 1.257274 1.231125 1.205767 1.155419 1.128331 1.138094 1.115582
1.355299 1.364856 1.370110 1.377478 1.386638 1.395589 1.402783 1.409138 1.412039 1.423300 1.433340 1.439554 1.451036 1.450590 1.451750 1.452797 1.467420 1.470733 1.472105 1.477488 1.469611 1.478961 1.478066 1.481192 1.492714 1.487213 1.491868 1.478815 1.487823 1.502790 1.506285 1.503788 1.507756 1.517020 1.519965 1.506297 1.524677 1.540904 1.531177 1.501040 1.472993 1.448925 1.419147 1.414696 1.389887 1.359752 1.337570 1.291198 1.288258 1.263309 1.239600 1.213083 1.162752 1.141599 1.150671
1.387367 1.392105 1.395979 1.400796 1.419616 1.423555 1.430307 1.432089 1.443250 1.459832 1.469139 1.472314 1.478779 1.482255 1.485706 1.480261 1.483875 1.485103 1.493942 1.486149 1.488474 1.489834 1.490085 1.507997 1.512797 1.501419 1.499664 1.506925 1.505543 1.515145 1.533683 1.535803 1.545289 1.553417 1.549797 1.537037 1.542512 1.565762 1.518789 1.501506 1.503771 1.483426 1.434407 1.412574 1.415005 1.383074 1.370827 1.323024 1.297393 1.302742 1.279016 1.251076 1.224081 1.176363 1.158525
1.412664 1.421197 1.426679 1.437075 1.449781 1.453084 1.454292 1.460874 1.469761 1.484198 1.490296 1.494616 1.501537 1.507141 1.514144 1.514216 1.516204 1.509873 1.506979 1.510568 1.525847 1.521982 1.525881 1.536835 1.531267 1.531342 1.532713 1.539609 1.551711 1.552560 1.548891 1.565623 1.574009 1.587011 1.583190 1.588936 1.564012 1.550070 1.528465 1.529789 1.516569 1.499778 1.479419 1.435509 1.413939 1.406838 1.396322 1.382834 1.329362 1.314404 1.318005 1.289229 1.260102 1.239461 1.193125
1.442915 1.456555 1.459893 1.466652 1.474448 1.479169 1.483673 1.494083 1.494397 1.500700 1.514001 1.518601 1.524836 1.530984 1.539239 1.539083 1.538473 1.544302 1.533791 1.539623 1.535711 1.547221 1.553544 1.561158 1.557109 1.563433 1.574602 1.580208 1.585813 1.591759 1.574587 1.573848 1.601279 1.605745 1.607840 1.604419 1.573071 1.566346 1.546686 1.550196 1.536737 1.519171 1.500547 1.476735 1.433675 1.433126 1.428562 1.382447 1.374806 1.338458 1.321523 1.324603 1.299369 1.282526 1.257131
1.476002 1.487262 1.491419 1.498595 1.496271 1.508689 1.516774 1.522282 1.525041 1.524520 1.530414 1.533406 1.546485 1.551957 1.556332 1.562977 1.563058 1.567791 1.558227 1.569522 1.560672 1.562152 1.579212 1.586270 1.571025 1.586380 1.594414 1.599746 1.604198 1.597674 1.602816 1.600232 1.614354 1.628990 1.623966 1.594948 1.588055 1.601465 1.565705 1.550022 1.552438 1.531518 1.513297 1.493120 1.452895 1.437008 1.445086 1.426596 1.411745 1.394548 1.348498 1.331681 1.336612 1.315406 1.299209
1.507621 1.518338 1.525882 1.525053 1.530141 1.541438 1.549195 1.550772 1.553868 1.560015 1.560602 1.555806 1.564399 1.572015 1.582594 1.589378 1.588229 1.578576 1.581947 1.596875 1.595748 1.589433 1.596805 1.604597 1.605322 1.624447 1.611988 1.621406 1.627466 1.635007 1.638229 1.649206 1.633367 1.628496 1.619344 1.613195 1.623940 1.615752 1.599708 1.564005 1.565579 1.550071 1.534575 1.516789 1.498948 1.465220 1.456665 1.463378 1.444669 1.422512 1.403782 1.367850 1.349499 1.347317 1.329235
1.538721 1.552192 1.550714 1.549541 1.559525 1.567647 1.569600 1.573030 1.579355 1.587861 1.586979 1.584273 1.575423 1.583984 1.590276 1.603977 1.594795 1.598472 1.611176 1.612348 1.617910 1.624715 1.632831 1.631926 1.626683 1.627768 1.622953 1.653495 1.653966 1.661028 1.665194 1.668370 1.669203 1.642689 1.636347 1.653783 1.640835 1.632112 1.615231 1.586497 1.569780 1.576711 1.563270 1.546677 1.526283 1.514529 1.479149 1.464393 1.468869 1.454797 1.437408 1.412580 1.367460 1.346796 1.352892
1.569129 1.574349 1.579403 1.581809 1.584929 1.591100 1.589062 1.593859 1.606723 1.608476 1.607388 1.611476 1.606207 1.610926 1.609438 1.615794 1.615769 1.618549 1.620149 1.631366 1.643227 1.645943 1.649452 1.652822 1.658938 1.668793 1.656428 1.659003 1.679330 1.677377 1.686471 1.688794 1.665939 1.659611 1.652566 1.665289 1.656006 1.651542 1.631935 1.623401 1.594469 1.586305 1.584924 1.569096 1.553807 1.548167 1.531316 1.492119 1.497661 1.478567 1.454700 1.430570 1.407747 1.367774 1.355279
1.600514 1.608419 1.609944 1.607234 1.600724 1.609470 1.612008 1.621018 1.625143 1.627409 1.626464 1.632436 1.636316 1.637700 1.634033 1.637105 1.638948 1.632678 1.639160 1.650193 1.658271 1.662548 1.663800 1.668930 1.673953 1.683856 1.687723 1.677585 1.680526 1.702470 1.703042 1.687678 1.688892 1.700089 1.671808 1.686139 1.674029 1.665877 1.658938 1.654440 1.636862 1.603178 1.586453 1.590099 1.573781 1.565703 1.553092 1.518527 1.496838 1.503671 1.474333 1.453010 1.431120 1.414246 1.378925
1.622945 1.634217 1.628138 1.620971 1.628519 1.631073 1.637274 1.637961 1.640475 1.642197 1.644278 1.646496 1.652891 1.652712 1.645078 1.659643 1.662928 1.646351 1.648402 1.655314 1.670072 1.679952 1.678201 1.680336 1.688066 1.700588 1.705956 1.700979 1.690030 1.693249 1.695809 1.696966 1.721003 1.714124 1.691726 1.692096 1.693521 1.684311 1.675571 1.667020 1.651643 1.642184 1.614336 1.620026 1.597579 1.588914 1.567882 1.549411 1.509779 1.492937 1.495458 1.479490 1.458501 1.442402 1.429894
1.645361 1.649206 1.647036 1.638180 1.646693 1.648707 1.655538 1.658495 1.658108 1.663860 1.667922 1.664182 1.660418 1.660709 1.670067 1.670436 1.674411 1.663625 1.669983 1.673321 1.672999 1.687977 1.692383 1.696556 1.703581 1.719530 1.716869 1.711370 1.713385 1.700940 1.698846 1.718143 1.724653 1.720902 1.715791 1.687036 1.699881 1.690010 1.676079 1.680963 1.663376 1.652852 1.622165 1.610952 1.616969 1.604395 1.588001 1.567291 1.549001 1.508814 1.494729 1.507625 1.484259 1.465820 1.449054
