LUCAS_GEMMES_COP27/includes/subsidence/Scenario_B2/tmp/TOT_SUBSIDENCE_2060_SINCE_2018_MKD_ONLY.ASC
NCOLS                318
NROWS                364
XLLCORNER      400000.00
YLLCORNER      907000.00
CELLSIZE         1000.00
NODATA_VALUE    0.3402823E+39
[rows 72 to 95 of 364, columns 110 to 164 of 318]
4.1102894E-02 4.1488327E-02 4.1884519E-02 4.2305335E-02 4.2828638E-02 4.3333944E-02 4.4131964E-02 4.4910293E-02 4.8859730E-02 5.2122444E-02 5.1743530E-02 4.9486276E-02 5.5994689E-02 5.6921743E-02 5.2860629E-02 5.3068601E-02 5.4450970E-02 5.5731758E-02 5.7262167E-02 5.9185166E-02 6.0906075E-02 6.2925212E-02 6.5004304E-02 6.7164846E-02 6.9392875E-02 7.2071463E-02 7.3928878E-02 7.6274462E-02 7.8928165E-02 8.1195109E-02 8.3527490E-02 8.6103454E-02 8.8449396E-02 9.1136411E-02 9.4390884E-02 9.7745880E-02 0.1007769 0.1034700 0.1067657 0.1100526 0.1135927 0.1174706 0.1220478 0.1248934 0.1290177 0.1334192 0.1376438 0.1413698 0.1460887 0.1500849 0.1543374 0.1575058 0.1602263 0.1625278 0.1662756
4.0704444E-02 4.1137606E-02 4.1555103E-02 4.1828182E-02 4.2368978E-02 4.2971805E-02 4.3848079E-02 4.4569612E-02 4.5972813E-02 4.7295980E-02 4.8475835E-02 5.4868102E-02 6.1633952E-02 5.7925411E-02 5.7895117E-02 5.3468093E-02 5.4398607E-02 5.5576671E-02 5.7321917E-02 5.9251547E-02 6.1312690E-02 6.2676318E-02 6.5097228E-02 6.7286730E-02 6.9342107E-02 7.1516007E-02 7.3854633E-02 7.6549031E-02 7.9524204E-02 8.2204148E-02 8.4646851E-02 8.7231606E-02 9.0456650E-02 9.2340276E-02 9.5925987E-02 9.9051908E-02 0.1021006 0.1050157 0.1091183 0.1132904 0.1165330 0.1196261 0.1237515 0.1281936 0.1330844 0.1376558 0.1413824 0.1456276 0.1501921 0.1531024 0.1576563 0.1552631 0.1623036 0.1643612 0.1687277
4.0273916E-02 4.0539201E-02 4.1016415E-02 4.1467261E-02 4.2257965E-02 4.2832188E-02 4.3394770E-02 4.5026787E-02 4.5765698E-02 5.1751256E-02 4.7595739E-02 4.7828633E-02 5.0138492E-02 5.3300139E-02 5.1905371E-02 5.2912097E-02 5.3867500E-02 5.5498462E-02 6.0234629E-02 6.2541328E-02 6.1706588E-02 6.3065276E-02 6.5633759E-02 6.8362080E-02 7.0090391E-02 7.2339900E-02 7.4147835E-02 7.6525651E-02 7.9270490E-02 8.2418568E-02 8.5948877E-02 8.8160217E-02 9.1026798E-02 9.3462743E-02 9.6507251E-02 9.9832043E-02 0.1032462 0.1062653 0.1114901 0.1162965 0.1203249 0.1231920 0.1278753 0.1322488 0.1372093 0.1425201 0.1458518 0.1480398 0.1516643 0.1550719 0.1589579 0.1570194 0.1652462 0.1683583 0.1715050
3.9699361E-02 4.0108968E-02 4.0744882E-02 4.1271899E-02 4.1832220E-02 4.2472720E-02 4.3200564E-02 4.3502778E-02 4.4936877E-02 4.8621196E-02 5.2344881E-02 4.8295867E-02 4.9144272E-02 5.0762553E-02 5.6725472E-02 5.2621786E-02 5.3748827E-02 5.5887733E-02 5.7920661E-02 5.9352458E-02 6.0671505E-02 6.2310960E-02 6.5093055E-02 7.3057689E-02 7.0307635E-02 7.7514075E-02 7.4374728E-02 7.7057533E-02 7.9005711E-02 8.2717575E-02 8.6467408E-02 8.8348672E-02 9.1770254E-02 9.4650909E-02 9.7887658E-02 0.1019764 0.1051188 0.1100594 0.1145233 0.1176411 0.1220879 0.1263750 0.1308554 0.1358866 0.1393960 0.1433072 0.1475287 0.1514189 0.1554920 0.1583522 0.1622720 0.1654170 0.1687233 0.1718321 0.1742771
3.9457154E-02 3.9890502E-02 4.0360838E-02 4.0632196E-02 4.1194174E-02 4.1814860E-02 4.2551801E-02 4.3051127E-02 4.4042103E-02 4.5135085E-02 4.7186755E-02 5.2968636E-02 4.9211860E-02 5.5987947E-02 5.7069249E-02 5.3092565E-02 5.4245595E-02 6.1135456E-02 6.3673019E-02 6.5501578E-02 6.0194042E-02 6.1580062E-02 6.3501403E-02 6.6218011E-02 7.6039203E-02 7.2034985E-02 7.6237418E-02 7.6818950E-02 7.9582602E-02 8.2665570E-02 8.6026236E-02 8.9415237E-02 9.2276774E-02 9.5618054E-02 9.9138975E-02 0.1028069 0.1065764 0.1105594 0.1147307 0.1193403 0.1239459 0.1283484 0.1328177 0.1382529 0.1425977 0.1470016 0.1501109 0.1539467 0.1577146 0.1621169 0.1653655 0.1688638 0.1720088 0.1755447 0.1777389
3.9438989E-02 4.0417530E-02 4.1714154E-02 4.0624060E-02 4.0811595E-02 4.1623808E-02 4.2155501E-02 4.3140877E-02 4.3933447E-02 4.4588815E-02 4.7020394E-02 5.2142177E-02 4.8742846E-02 4.9775817E-02 5.1066156E-02 5.1774252E-02 5.2513152E-02 5.3920910E-02 5.6485184E-02 6.3645355E-02 5.9320927E-02 6.0646180E-02 6.3100442E-02 6.6304870E-02 6.9167972E-02 7.2891638E-02 8.0022365E-02 7.7761523E-02 8.0137096E-02 8.2723208E-02 8.6255588E-02 8.9993581E-02 9.2959031E-02 9.6770160E-02 0.1005973 0.1043095 0.1088071 0.1126307 0.1167910 0.1211930 0.1257244 0.1302617 0.1347717 0.1390843 0.1438516 0.1494597 0.1536938 0.1568978 0.1611167 0.1660518 0.1688005 0.1721514 0.1761313 0.1782855 0.1808834
4.0081054E-02 4.0778540E-02 4.1183475E-02 4.1396167E-02 4.1269910E-02 4.1610669E-02 4.2101119E-02 4.2738434E-02 4.3531843E-02 4.3809034E-02 4.5018487E-02 4.7125388E-02 4.7417670E-02 4.8134100E-02 4.9326584E-02 4.9879022E-02 5.1393546E-02 5.3666554E-02 5.4685175E-02 5.6736343E-02 5.8384012E-02 6.7133069E-02 6.4171165E-02 6.6470504E-02 6.9217846E-02 7.2849460E-02 7.5672500E-02 7.8318037E-02 8.1012271E-02 8.3175063E-02 8.6420171E-02 9.0242729E-02 9.4805285E-02 9.8328196E-02 0.1023217 0.1069755 0.1106978 0.1153980 0.1187984 0.1232319 0.1275850 0.1322133 0.1368672 0.1413291 0.1460227 0.1518771 0.1553376 0.1597333 0.1647213 0.1702467 0.1721626 0.1757341 0.1785326 0.1815739 0.1843167
3.9621476E-02 4.0421795E-02 4.0975440E-02 4.1188810E-02 4.1420542E-02 4.1823018E-02 4.2193219E-02 4.2701382E-02 4.3114182E-02 4.3788120E-02 4.4311091E-02 4.5980986E-02 4.6414141E-02 4.7418337E-02 4.8633859E-02 4.8944082E-02 5.0500266E-02 5.2692484E-02 5.3941835E-02 5.6584619E-02 5.9273787E-02 6.1807759E-02 6.4025834E-02 6.6955604E-02 6.9589190E-02 7.2610632E-02 7.5683594E-02 8.3461523E-02 8.0073930E-02 8.4488109E-02 8.6845599E-02 9.0473726E-02 9.5396817E-02 0.1003078 0.1037081 0.1079323 0.1127027 0.1174191 0.1208193 0.1252333 0.1297678 0.1343551 0.1392446 0.1439148 0.1484755 0.1533097 0.1581992 0.1629221 0.1680917 0.1728866 0.1746578 0.1779146 0.1817431 0.1846771 0.1880963
3.9857123E-02 4.0169645E-02 4.0624194E-02 4.1060049E-02 4.2143788E-02 4.1817367E-02 4.2474490E-02 4.2957496E-02 4.4233453E-02 4.4058017E-02 4.4585902E-02 4.5457106E-02 4.5529220E-02 4.6765354E-02 4.8884701E-02 4.8529819E-02 5.1395327E-02 5.3552467E-02 5.5485893E-02 5.7894178E-02 6.0184170E-02 6.2648401E-02 6.5355413E-02 6.7244545E-02 7.0014566E-02 7.2778895E-02 7.5455107E-02 7.8806758E-02 8.0616362E-02 8.4903456E-02 8.6888216E-02 9.0783954E-02 9.5127121E-02 0.1007027 0.1050172 0.1103439 0.1151300 0.1189164 0.1238332 0.1277760 0.1320551 0.1367773 0.1433740 0.1484684 0.1526356 0.1561603 0.1613059 0.1666699 0.1706914 0.1749092 0.1783770 0.1818650 0.1853890 0.1883329 0.1914578
4.0918395E-02 4.0444747E-02 4.1729026E-02 4.2361729E-02 4.2884454E-02 4.2289328E-02 4.2900071E-02 4.3368395E-02 4.4623062E-02 4.4395167E-02 4.4975221E-02 4.5264233E-02 4.5557931E-02 4.6013068E-02 4.8104893E-02 4.9731657E-02 5.1771279E-02 5.4134823E-02 5.6659535E-02 5.8549166E-02 6.1208915E-02 6.2819168E-02 6.5794826E-02 6.8180703E-02 7.0587397E-02 7.3218055E-02 7.5963847E-02 7.8665532E-02 8.0796517E-02 8.2390487E-02 8.7083630E-02 9.0748683E-02 9.6138209E-02 0.1013327 0.1066414 0.1114593 0.1167389 0.1205082 0.1260210 0.1304297 0.1344741 0.1390674 0.1440732 0.1500397 0.1543912 0.1591001 0.1641595 0.1692645 0.1738244 0.1779899 0.1833378 0.1857059 0.1887672 0.1931850 0.1953998
4.0382337E-02 4.0700153E-02 4.1853268E-02 4.2276405E-02 4.2755820E-02 4.2515278E-02 4.3104615E-02 4.4680394E-02 4.4426762E-02 4.4639360E-02 4.5125395E-02 4.5143761E-02 4.6026312E-02 4.7172155E-02 4.9053680E-02 5.1034529E-02 5.3085092E-02 5.4833453E-02 5.6814071E-02 5.9343338E-02 6.1565813E-02 6.4080551E-02 6.6821620E-02 6.9001809E-02 7.1291648E-02 7.3838025E-02 7.6345652E-02 7.8839734E-02 8.1102483E-02 8.4661223E-02 8.7319255E-02 9.1090001E-02 9.5861100E-02 0.1020443 0.1069700 0.1128151 0.1181010 0.1232132 0.1279705 0.1328072 0.1377516 0.1425796 0.1466108 0.1517937 0.1572033 0.1635643 0.1674995 0.1726844 0.1780823 0.1818182 0.1878078 0.1893733 0.1925300 0.1969481 0.2005220
4.0662315E-02 4.1796993E-02 4.1229993E-02 4.1635230E-02 4.2096920E-02 4.2648640E-02 4.3413680E-02 4.4840652E-02 4.4388492E-02 4.4632535E-02 4.4899717E-02 4.5719482E-02 4.6943109E-02 4.8631355E-02 5.0351270E-02 5.2408058E-02 5.4115660E-02 5.6076277E-02 5.8318309E-02 6.0428713E-02 6.2767625E-02 6.5076120E-02 6.7551255E-02 6.9822669E-02 7.2040029E-02 7.4445449E-02 7.6853402E-02 7.9288214E-02 8.1898645E-02 8.3241582E-02 8.5073978E-02 9.0762272E-02 9.5559627E-02 0.1022992 0.1087484 0.1141278 0.1200423 0.1265154 0.1309935 0.1355272 0.1402267 0.1462250 0.1516193 0.1559800 0.1616955 0.1670467 0.1722347 0.1753914 0.1810782 0.1852126 0.1890859 0.1937048 0.1966921 0.1995112 0.2032800
4.1674260E-02 4.1072428E-02 4.1345943E-02 4.1784037E-02 4.2667240E-02 4.2837221E-02 4.4160519E-02 4.4149183E-02 4.6563827E-02 4.5089740E-02 4.5523055E-02 4.6519764E-02 4.8266914E-02 5.0193742E-02 5.1666129E-02 5.3480286E-02 5.5320155E-02 5.7428956E-02 5.9401304E-02 6.1803646E-02 6.4402461E-02 6.5836661E-02 6.8174526E-02 7.0470795E-02 7.2838508E-02 7.5168394E-02 7.7516071E-02 7.9925410E-02 8.4581926E-02 8.6324945E-02 8.7618299E-02 9.1140836E-02 9.5628083E-02 0.1026643 0.1106212 0.1158224 0.1218848 0.1282659 0.1329998 0.1375459 0.1424107 0.1490451 0.1549695 0.1589248 0.1638486 0.1707546 0.1757351 0.1785921 0.1850812 0.1888490 0.1932509 0.1989645 0.2011950 0.2025747 0.2031749
3.4028235E+38 4.1224271E-02 4.2050958E-02 4.2669039E-02 4.2017467E-02 4.2967994E-02 4.3694399E-02 4.4430841E-02 4.5209087E-02 4.6697199E-02 4.6387348E-02 4.7859147E-02 4.9772803E-02 5.1331826E-02 5.2953005E-02 5.4713581E-02 5.6729775E-02 5.8646072E-02 6.0685713E-02 6.3304961E-02 6.5325059E-02 6.7433678E-02 6.9679864E-02 7.1581647E-02 7.6138154E-02 7.6128334E-02 7.8426003E-02 8.0844842E-02 8.3211742E-02 8.5264057E-02 8.7054148E-02 8.9676917E-02 9.6372560E-02 0.1036551 0.1116030 0.1175197 0.1235941 0.1302332 0.1352321 0.1412444 0.1471030 0.1523584 0.1584071 0.1632347 0.1680071 0.1745982 0.1796440 0.1867237 0.1879872 0.1924753 0.1958018 0.1986807 0.2007933 0.2033372 0.2051640
4.1356768E-02 4.0976498E-02 4.2084515E-02 4.3113604E-02 4.2742476E-02 4.3651741E-02 4.4194877E-02 4.6932202E-02 4.6712711E-02 4.5873664E-02 4.7641046E-02 4.9367990E-02 5.0905708E-02 5.2392475E-02 5.4071777E-02 5.5652034E-02 5.7764504E-02 6.0114071E-02 6.1857045E-02 6.4015992E-02 6.6179998E-02 6.8110958E-02 7.0224032E-02 7.2727650E-02 7.5066842E-02 7.7160232E-02 7.9555646E-02 8.2055993E-02 8.4190443E-02 8.6450204E-02 9.1633625E-02 9.1411166E-02 9.7586431E-02 0.1048066 0.1123975 0.1191603 0.1255292 0.1319168 0.1379339 0.1433178 0.1504130 0.1558781 0.1619703 0.1684163 0.1740731 0.1774064 0.1828543 0.1879382 0.1917141 0.1951163 0.1982795 0.2005565 0.2028582 0.2059159 0.2076332
4.1273896E-02 4.1665047E-02 4.2831771E-02 4.3348856E-02 4.3695297E-02 4.4314235E-02 4.4797923E-02 4.5008212E-02 4.6052132E-02 4.7370747E-02 4.8986133E-02 5.0243326E-02 5.2102849E-02 5.4106507E-02 5.5841271E-02 5.7544742E-02 5.8844805E-02 6.1338369E-02 6.2723532E-02 6.4974084E-02 6.6808388E-02 6.8932801E-02 7.1332470E-02 7.3487222E-02 7.6022185E-02 7.8457639E-02 8.0891073E-02 8.3424710E-02 8.5896842E-02 8.8380851E-02 9.2546381E-02 9.2443928E-02 9.8731503E-02 0.1059731 0.1139582 0.1212495 0.1279405 0.1344283 0.1413638 0.1465394 0.1537896 0.1593202 0.1666760 0.1724435 0.1776650 0.1821913 0.1871490 0.1910557 0.1971665 0.1974036 0.2024775 0.2038517 0.2070765 0.2090168 0.2104436
4.1331567E-02 4.1861992E-02 4.2536002E-02 4.3460410E-02 4.4327226E-02 4.4886041E-02 4.5464493E-02 4.5981638E-02 4.7328722E-02 4.8799396E-02 4.9884561E-02 5.1446136E-02 5.3467531E-02 5.5325091E-02 5.7090133E-02 5.8822561E-02 6.0125358E-02 6.1893512E-02 6.4322956E-02 6.5959804E-02 6.8176389E-02 7.0373043E-02 7.2500303E-02 7.4739829E-02 7.7236675E-02 7.9741068E-02 8.2096815E-02 8.5609049E-02 8.7229691E-02 8.9963645E-02 9.2643864E-02 9.3903624E-02 9.8290958E-02 0.1082598 0.1160425 0.1240595 0.1304360 0.1370225 0.1436855 0.1496430 0.1564839 0.1640474 0.1696929 0.1760646 0.1801215 0.1873419 0.1909248 0.1931287 0.1965049 0.1990212 0.2036928 0.2061910 0.2093785 0.2103702 0.2123203
4.1725870E-02 4.2805839E-02 4.3001167E-02 4.3703798E-02 4.4792559E-02 4.5069430E-02 4.6011630E-02 4.6989914E-02 4.8614264E-02 4.9985118E-02 5.1789425E-02 5.3259917E-02 5.4672055E-02 5.6598432E-02 5.8295529E-02 6.0045544E-02 6.1809201E-02 6.3211858E-02 6.4924270E-02 6.7048997E-02 6.9682762E-02 7.1350202E-02 7.3689781E-02 7.6043658E-02 7.8452632E-02 8.1049420E-02 8.3777577E-02 8.6996622E-02 9.0130009E-02 9.2680149E-02 9.5393300E-02 9.8958284E-02 0.1025527 0.1107314 0.1182336 0.1263353 0.1331683 0.1400017 0.1468040 0.1530989 0.1596058 0.1663046 0.1728963 0.1805401 0.1844607 0.1878499 0.1915624 0.1945136 0.1977842 0.2013491 0.2048060 0.2072562 0.2101219 0.2117314 0.2141396
4.2220861E-02 4.3056712E-02 4.4295289E-02 4.4159465E-02 4.4640172E-02 4.5791153E-02 4.6604302E-02 4.7920540E-02 4.9786158E-02 5.1374789E-02 5.4999691E-02 5.4619230E-02 5.6053698E-02 5.7736479E-02 5.9462242E-02 6.1226532E-02 6.2940560E-02 6.4349890E-02 6.6343173E-02 6.8316415E-02 7.0242949E-02 7.4573398E-02 7.5415432E-02 7.7409804E-02 7.9942077E-02 8.2883194E-02 8.5873738E-02 9.1012858E-02 9.2247695E-02 9.5486633E-02 9.8920815E-02 0.1024713 0.1066795 0.1141764 0.1213236 0.1297642 0.1364889 0.1434090 0.1510499 0.1576284 0.1654665 0.1702694 0.1760074 0.1825931 0.1862159 0.1896655 0.1930613 0.1961026 0.2001711 0.2027760 0.2065201 0.2095913 0.2113939 0.2134570 0.2155845
4.3583401E-02 4.3747764E-02 4.4153653E-02 4.5248803E-02 4.5666620E-02 4.6303153E-02 4.7624268E-02 4.9547646E-02 5.0986405E-02 5.2416194E-02 5.4002881E-02 5.5868331E-02 6.2983446E-02 5.9723541E-02 6.0082324E-02 6.1629966E-02 6.3599437E-02 6.5276884E-02 6.7395099E-02 6.9527686E-02 7.1580596E-02 7.4372061E-02 7.6109923E-02 7.8639336E-02 8.1703283E-02 8.4645607E-02 8.7872379E-02 9.3642615E-02 9.4500817E-02 9.8421142E-02 0.1021152 0.1069025 0.1121784 0.1172941 0.1251458 0.1323422 0.1395264 0.1465671 0.1542179 0.1625925 0.1702882 0.1761196 0.1807217 0.1846730 0.1883350 0.1925207 0.1955612 0.1984226 0.2016916 0.2053220 0.2080356 0.2099090 0.2120213 0.2151884 0.2158540
4.4386096E-02 4.4863883E-02 4.4707268E-02 4.5342118E-02 4.6170693E-02 4.7400597E-02 4.9330696E-02 5.0732616E-02 5.1634379E-02 5.3405281E-02 5.4840147E-02 5.6146976E-02 5.8264218E-02 6.0623437E-02 6.1368674E-02 6.3577622E-02 6.8199657E-02 6.7185789E-02 6.8465218E-02 7.0495218E-02 7.3306337E-02 7.4935824E-02 7.7561006E-02 8.0495581E-02 8.3439566E-02 8.6510502E-02 8.9884028E-02 9.3484536E-02 9.6864723E-02 0.1009747 0.1054856 0.1105731 0.1197208 0.1231485 0.1295519 0.1359431 0.1433156 0.1503827 0.1586971 0.1678740 0.1746956 0.1783527 0.1838390 0.1872729 0.1911775 0.1938822 0.1988182 0.2013966 0.2034205 0.2059934 0.2085030 0.2107434 0.2128590 0.2147045 0.2163483
4.4243507E-02 4.5215666E-02 4.5787904E-02 4.6121981E-02 4.7229681E-02 4.8547748E-02 4.9900841E-02 5.1886678E-02 5.3309608E-02 5.4234575E-02 5.5726282E-02 5.7400480E-02 5.9184279E-02 6.1405107E-02 6.2635511E-02 6.4673841E-02 6.6542260E-02 6.8343386E-02 7.0240282E-02 7.1793646E-02 7.4173339E-02 7.6644957E-02 7.9668120E-02 8.2476184E-02 8.5182615E-02 8.8176683E-02 9.1799878E-02 9.8127224E-02 9.9173211E-02 0.1033297 0.1080348 0.1137467 0.1195678 0.1300834 0.1349674 0.1405480 0.1486414 0.1549100 0.1626303 0.1710225 0.1762551 0.1813906 0.1864667 0.1902970 0.1921736 0.1957968 0.2010638 0.2026489 0.2048402 0.2075119 0.2098417 0.2127683 0.2143276 0.2157763 0.2171248
4.4715658E-02 4.5306861E-02 4.6046089E-02 4.7230288E-02 4.8446789E-02 4.9715944E-02 5.1076435E-02 5.2993488E-02 5.4372311E-02 5.5294361E-02 5.6873254E-02 5.8964800E-02 6.0867965E-02 6.2500104E-02 6.3814543E-02 6.5796442E-02 6.7634255E-02 6.9520041E-02 7.0979498E-02 7.3130742E-02 7.5374328E-02 7.8346223E-02 8.0761336E-02 8.3992749E-02 8.6478926E-02 8.9803889E-02 9.3421631E-02 9.7225450E-02 0.1014521 0.1056712 0.1108331 0.1162660 0.1228661 0.1301499 0.1377560 0.1443813 0.1520738 0.1586731 0.1644118 0.1720752 0.1797008 0.1829996 0.1869331 0.1912942 0.1940838 0.1975478 0.2020711 0.2047911 0.2074965 0.2101498 0.2118950 0.2143663 0.2163588 0.2177973 0.2183399
4.5860842E-02 4.6083499E-02 4.7154754E-02 4.8881833E-02 5.0127491E-02 5.0884612E-02 5.2159701E-02 5.3434014E-02 5.4832276E-02 5.6415930E-02 5.8112711E-02 5.9997618E-02 6.1807055E-02 6.3561089E-02 6.5067679E-02 6.7080677E-02 6.8261124E-02 7.0208400E-02 7.2084859E-02 7.4786514E-02 7.6907478E-02 7.9466909E-02 8.2101680E-02 8.5001655E-02 8.7914288E-02 9.2057087E-02 9.5357299E-02 9.9292733E-02 0.1035287 0.1079080 0.1130749 0.1186463 0.1252545 0.1361940 0.1413587 0.1476679 0.1559857 0.1602268 0.1669990 0.1736356 0.1801486 0.1844700 0.1882746 0.1938193 0.1963932 0.2004221 0.2043356 0.2061250 0.2080135 0.2105715 0.2120737 0.2142586 0.2164940 0.2173494 0.2189414
