LUCAS_GEMMES_COP27/includes/subsidence/Scenario_B2/tmp/TOT_SUBSIDENCE_2090_SINCE_2018_MKD_ONLY.ASC
NCOLS                318
NROWS                364
XLLCORNER      400000.00
YLLCORNER      907000.00
CELLSIZE         1000.00
NODATA_VALUE    0.3402823E+39
[rows 216 to 239 of 364, columns 56 to 111 of 318]
3.4028235E+38 3.4028235E+38 3.4028235E+38 3.4028235E+38 3.4028235E+38 3.4028235E+38 3.4028235E+38 3.4028235E+38 3.4028235E+38 3.4028235E+38 3.4028235E+38 3.4028235E+38 3.4028235E+38 3.4028235E+38 3.4028235E+38 3.4028235E+38 3.4028235E+38 3.4028235E+38 3.4028235E+38 3.4028235E+38 3.4028235E+38 3.4028235E+38 3.4028235E+38 3.4028235E+38 3.4028235E+38 3.4028235E+38 0.5857205 0.6005120 0.6123707 0.6295927 0.6431590 0.6564220 0.6699226 0.6825917 0.6922165 0.7043507 0.7216028 0.7342610 0.7456588 0.7888355 0.8380737 0.8766651 0.9165509 0.9391472 0.9663289 0.9955076 1.021365 1.042152 1.061300 1.080416 1.102592 1.124053 1.140856 1.157081 1.173509 1.188986
3.4028235E+38 3.4028235E+38 3.4028235E+38 3.4028235E+38 3.4028235E+38 3.4028235E+38 3.4028235E+38 3.4028235E+38 3.4028235E+38 3.4028235E+38 3.4028235E+38 3.4028235E+38 3.4028235E+38 3.4028235E+38 3.4028235E+38 3.4028235E+38 3.4028235E+38 3.4028235E+38 3.4028235E+38 3.4028235E+38 3.4028235E+38 3.4028235E+38 3.4028235E+38 3.4028235E+38 3.4028235E+38 3.4028235E+38 0.5883334 0.6025886 0.6171899 0.6343893 0.6485334 0.6622196 0.6755410 0.6878524 0.6989170 0.7121714 0.7289608 0.7402399 0.7518185 0.7956284 0.8463898 0.8914269 0.9441794 0.9589535 0.9866053 1.016063 1.039848 1.066259 1.085122 1.106396 1.127541 1.147669 1.164464 1.180344 1.196585 1.211814
3.4028235E+38 3.4028235E+38 3.4028235E+38 3.4028235E+38 3.4028235E+38 3.4028235E+38 3.4028235E+38 3.4028235E+38 3.4028235E+38 3.4028235E+38 3.4028235E+38 3.4028235E+38 3.4028235E+38 3.4028235E+38 3.4028235E+38 3.4028235E+38 3.4028235E+38 3.4028235E+38 3.4028235E+38 3.4028235E+38 3.4028235E+38 3.4028235E+38 3.4028235E+38 3.4028235E+38 3.4028235E+38 3.4028235E+38 0.5962889 0.6072627 0.6217251 0.6392312 0.6533927 0.6665345 0.6799768 0.6924218 0.7052001 0.7185712 0.7317311 0.7434351 0.7572890 0.8035446 0.8568730 0.9055842 0.9483936 0.9896298 1.007658 1.033728 1.064256 1.090380 1.115156 1.135114 1.151485 1.170899 1.188663 1.205583 1.221540 1.235128
3.4028235E+38 3.4028235E+38 3.4028235E+38 3.4028235E+38 3.4028235E+38 3.4028235E+38 3.4028235E+38 3.4028235E+38 3.4028235E+38 3.4028235E+38 3.4028235E+38 3.4028235E+38 3.4028235E+38 3.4028235E+38 3.4028235E+38 3.4028235E+38 3.4028235E+38 3.4028235E+38 3.4028235E+38 3.4028235E+38 3.4028235E+38 3.4028235E+38 3.4028235E+38 3.4028235E+38 3.4028235E+38 3.4028235E+38 0.6019862 0.6164804 0.6271841 0.6417231 0.6586782 0.6718702 0.6852360 0.6981648 0.7126664 0.7278628 0.7405660 0.7513509 0.7618232 0.8110312 0.8647298 0.9157711 0.9622715 1.016394 1.036349 1.060305 1.086179 1.117140 1.142717 1.163979 1.183094 1.200822 1.216099 1.233478 1.249792 1.263300
3.4028235E+38 3.4028235E+38 3.4028235E+38 3.4028235E+38 3.4028235E+38 3.4028235E+38 3.4028235E+38 3.4028235E+38 3.4028235E+38 3.4028235E+38 3.4028235E+38 3.4028235E+38 3.4028235E+38 3.4028235E+38 3.4028235E+38 3.4028235E+38 3.4028235E+38 3.4028235E+38 3.4028235E+38 3.4028235E+38 3.4028235E+38 3.4028235E+38 3.4028235E+38 3.4028235E+38 3.4028235E+38 3.4028235E+38 0.6069654 0.6211749 0.6356155 0.6481887 0.6620844 0.6790442 0.6932659 0.7056512 0.7203997 0.7349941 0.7470837 0.7616782 0.7716821 0.8157622 0.8725162 0.9262229 0.9748006 1.020334 1.070592 1.088722 1.111677 1.144649 1.172532 1.197580 1.214131 1.232341 1.249464 1.261411 1.277176 1.288656
3.4028235E+38 3.4028235E+38 3.4028235E+38 3.4028235E+38 3.4028235E+38 3.4028235E+38 3.4028235E+38 3.4028235E+38 3.4028235E+38 3.4028235E+38 3.4028235E+38 3.4028235E+38 3.4028235E+38 3.4028235E+38 3.4028235E+38 3.4028235E+38 3.4028235E+38 3.4028235E+38 3.4028235E+38 3.4028235E+38 3.4028235E+38 3.4028235E+38 3.4028235E+38 3.4028235E+38 3.4028235E+38 3.4028235E+38 0.6124074 0.6268077 0.6423060 0.6584436 0.6700191 0.6836933 0.7012336 0.7057120 0.7273443 0.7396287 0.7523330 0.7675228 0.7850509 0.8293260 0.8833274 0.9340301 0.9851356 1.034812 1.077358 1.106240 1.135054 1.167484 1.199000 1.228517 1.247219 1.270305 1.282617 1.293505 1.303518 1.315380
3.4028235E+38 3.4028235E+38 3.4028235E+38 3.4028235E+38 3.4028235E+38 3.4028235E+38 3.4028235E+38 3.4028235E+38 3.4028235E+38 3.4028235E+38 3.4028235E+38 3.4028235E+38 3.4028235E+38 3.4028235E+38 3.4028235E+38 3.4028235E+38 3.4028235E+38 3.4028235E+38 3.4028235E+38 3.4028235E+38 3.4028235E+38 3.4028235E+38 3.4028235E+38 3.4028235E+38 3.4028235E+38 3.4028235E+38 0.6127166 0.6336160 0.6491708 0.6649898 0.6789777 0.6898717 0.7010491 0.7099094 0.7181136 0.7327662 0.7521673 0.7804013 0.7908665 0.8359840 0.8909894 0.9387835 0.9934260 1.045290 1.092852 1.152067 1.175127 1.197299 1.231182 1.255004 1.277694 1.298899 1.312219 1.327920 1.340032 1.353363
3.4028235E+38 3.4028235E+38 3.4028235E+38 3.4028235E+38 3.4028235E+38 3.4028235E+38 3.4028235E+38 3.4028235E+38 3.4028235E+38 3.4028235E+38 3.4028235E+38 3.4028235E+38 3.4028235E+38 3.4028235E+38 3.4028235E+38 3.4028235E+38 3.4028235E+38 3.4028235E+38 3.4028235E+38 3.4028235E+38 3.4028235E+38 3.4028235E+38 3.4028235E+38 3.4028235E+38 3.4028235E+38 3.4028235E+38 0.6106437 0.6320310 0.6553472 0.6704801 0.6847295 0.6975023 0.7093630 0.7229939 0.7283000 0.7449359 0.7679530 0.7850815 0.7892014 0.8316498 0.8980535 0.9465101 1.004785 1.059390 1.110777 1.159667 1.207055 1.231165 1.255576 1.283461 1.307638 1.322588 1.336631 1.355856 1.372623 1.385328
3.4028235E+38 3.4028235E+38 3.4028235E+38 3.4028235E+38 3.4028235E+38 3.4028235E+38 3.4028235E+38 3.4028235E+38 3.4028235E+38 3.4028235E+38 3.4028235E+38 3.4028235E+38 3.4028235E+38 3.4028235E+38 3.4028235E+38 3.4028235E+38 3.4028235E+38 3.4028235E+38 3.4028235E+38 3.4028235E+38 3.4028235E+38 3.4028235E+38 3.4028235E+38 3.4028235E+38 3.4028235E+38 3.4028235E+38 0.6291087 0.6420116 0.6577039 0.6762009 0.6898580 0.7031494 0.7218885 0.7342315 0.7489156 0.7668796 0.7815745 0.7889639 0.8002886 0.8491548 0.9062836 0.9546397 1.016812 1.073516 1.125262 1.177979 1.243162 1.265767 1.283771 1.316700 1.343727 1.360639 1.371210 1.385604 1.403719 1.415426
3.4028235E+38 3.4028235E+38 3.4028235E+38 3.4028235E+38 3.4028235E+38 3.4028235E+38 3.4028235E+38 3.4028235E+38 3.4028235E+38 3.4028235E+38 3.4028235E+38 3.4028235E+38 3.4028235E+38 3.4028235E+38 3.4028235E+38 3.4028235E+38 3.4028235E+38 3.4028235E+38 3.4028235E+38 3.4028235E+38 3.4028235E+38 3.4028235E+38 3.4028235E+38 3.4028235E+38 3.4028235E+38 3.4028235E+38 0.6320310 0.6426431 0.6651517 0.6799580 0.6955454 0.7142088 0.7308776 0.7468322 0.7588572 0.7784720 0.7929906 0.8068091 0.8208281 0.8610344 0.9126922 0.9666408 1.025802 1.085621 1.140177 1.197314 1.253122 1.297012 1.316760 1.345008 1.376308 1.396968 1.409235 1.421977 1.437229 1.452317
3.4028235E+38 3.4028235E+38 3.4028235E+38 3.4028235E+38 3.4028235E+38 3.4028235E+38 3.4028235E+38 3.4028235E+38 3.4028235E+38 3.4028235E+38 3.4028235E+38 3.4028235E+38 3.4028235E+38 3.4028235E+38 3.4028235E+38 3.4028235E+38 3.4028235E+38 3.4028235E+38 3.4028235E+38 3.4028235E+38 3.4028235E+38 3.4028235E+38 3.4028235E+38 3.4028235E+38 3.4028235E+38 3.4028235E+38 0.6426979 0.6578085 0.6706737 0.6895154 0.7028663 0.7185534 0.7376164 0.7542270 0.7623169 0.7774436 0.8002449 0.8155556 0.8311398 0.8711330 0.9181014 0.9737304 1.033449 1.097818 1.154226 1.212098 1.272010 1.324638 1.338740 1.372084 1.408336 1.435514 1.450342 1.461976 1.473965 1.483422
3.4028235E+38 3.4028235E+38 3.4028235E+38 3.4028235E+38 3.4028235E+38 3.4028235E+38 3.4028235E+38 3.4028235E+38 3.4028235E+38 3.4028235E+38 3.4028235E+38 3.4028235E+38 3.4028235E+38 3.4028235E+38 3.4028235E+38 3.4028235E+38 3.4028235E+38 3.4028235E+38 3.4028235E+38 3.4028235E+38 3.4028235E+38 3.4028235E+38 3.4028235E+38 3.4028235E+38 3.4028235E+38 3.4028235E+38 0.6496240 0.6631848 0.6754780 0.6967767 0.7131413 0.7267930 0.7428008 0.7595836 0.7693885 0.7781235 0.8031628 0.8213711 0.8368661 0.8742731 0.9190775 0.9784580 1.040078 1.104242 1.167347 1.226128 1.284673 1.341617 1.374387 1.397689 1.429905 1.468325 1.493077 1.502314 1.512941 1.523663
3.4028235E+38 3.4028235E+38 3.4028235E+38 3.4028235E+38 3.4028235E+38 3.4028235E+38 3.4028235E+38 3.4028235E+38 3.4028235E+38 3.4028235E+38 3.4028235E+38 3.4028235E+38 3.4028235E+38 3.4028235E+38 3.4028235E+38 3.4028235E+38 3.4028235E+38 3.4028235E+38 3.4028235E+38 3.4028235E+38 3.4028235E+38 3.4028235E+38 3.4028235E+38 3.4028235E+38 3.4028235E+38 3.4028235E+38 0.6556622 0.6722485 0.6862410 0.7043219 0.7176433 0.7379513 0.7520751 0.7649568 0.7797537 0.7981040 0.8171468 0.8286393 0.8482957 0.8605351 0.9231202 0.9841202 1.047738 1.113279 1.177959 1.238544 1.296857 1.360660 1.400391 1.422471 1.457489 1.497414 1.527982 1.540150 1.551041 1.560126
3.4028235E+38 3.4028235E+38 3.4028235E+38 3.4028235E+38 3.4028235E+38 3.4028235E+38 3.4028235E+38 3.4028235E+38 3.4028235E+38 3.4028235E+38 3.4028235E+38 3.4028235E+38 3.4028235E+38 3.4028235E+38 3.4028235E+38 3.4028235E+38 3.4028235E+38 3.4028235E+38 3.4028235E+38 3.4028235E+38 3.4028235E+38 3.4028235E+38 3.4028235E+38 3.4028235E+38 3.4028235E+38 3.4028235E+38 0.6610844 0.6791958 0.6951129 0.7106836 0.7264692 0.7418763 0.7608777 0.7773897 0.7946496 0.8112894 0.8310909 0.8401337 0.8558756 0.8754307 0.9304937 0.9911409 1.054350 1.119235 1.182707 1.247322 1.312971 1.371710 1.420878 1.463793 1.482339 1.522681 1.555218 1.572753 1.585784 1.595714
3.4028235E+38 3.4028235E+38 3.4028235E+38 3.4028235E+38 3.4028235E+38 3.4028235E+38 3.4028235E+38 3.4028235E+38 3.4028235E+38 3.4028235E+38 3.4028235E+38 3.4028235E+38 3.4028235E+38 3.4028235E+38 3.4028235E+38 3.4028235E+38 3.4028235E+38 3.4028235E+38 3.4028235E+38 3.4028235E+38 3.4028235E+38 3.4028235E+38 3.4028235E+38 3.4028235E+38 3.4028235E+38 3.4028235E+38 0.6631576 0.6811957 0.6990798 0.7156209 0.7337893 0.7511080 0.7714249 0.7882630 0.8050169 0.8187261 0.8364773 0.8521293 0.8677935 0.8838143 0.9432493 1.002115 1.058655 1.123268 1.191087 1.258321 1.322203 1.385345 1.443309 1.482116 1.513388 1.543025 1.579853 1.608103 1.622396 1.626829
3.4028235E+38 3.4028235E+38 3.4028235E+38 3.4028235E+38 3.4028235E+38 3.4028235E+38 3.4028235E+38 3.4028235E+38 3.4028235E+38 3.4028235E+38 3.4028235E+38 3.4028235E+38 3.4028235E+38 3.4028235E+38 3.4028235E+38 3.4028235E+38 3.4028235E+38 3.4028235E+38 3.4028235E+38 3.4028235E+38 3.4028235E+38 3.4028235E+38 3.4028235E+38 3.4028235E+38 3.4028235E+38 3.4028235E+38 0.6703787 0.6890877 0.7100694 0.7281644 0.7454557 0.7637343 0.7814362 0.7982988 0.8149724 0.8317858 0.8481369 0.8645669 0.8811931 0.8937811 0.9480367 1.005350 1.063771 1.129511 1.198965 1.267657 1.334815 1.395783 1.459896 1.498474 1.547512 1.567340 1.614600 1.634567 1.651443 1.659989
3.4028235E+38 3.4028235E+38 3.4028235E+38 3.4028235E+38 3.4028235E+38 3.4028235E+38 3.4028235E+38 3.4028235E+38 3.4028235E+38 3.4028235E+38 3.4028235E+38 3.4028235E+38 3.4028235E+38 3.4028235E+38 3.4028235E+38 3.4028235E+38 3.4028235E+38 3.4028235E+38 3.4028235E+38 3.4028235E+38 3.4028235E+38 3.4028235E+38 3.4028235E+38 3.4028235E+38 3.4028235E+38 0.6603957 0.6762311 0.6935447 0.7166058 0.7363880 0.7537879 0.7712983 0.7900833 0.8062540 0.8238243 0.8404849 0.8553747 0.8686000 0.8859433 0.9014804 0.9571040 1.010218 1.067439 1.136638 1.208655 1.274977 1.342489 1.412879 1.476347 1.529660 1.564574 1.601187 1.637740 1.665853 1.685971 1.700219
3.4028235E+38 3.4028235E+38 3.4028235E+38 3.4028235E+38 3.4028235E+38 3.4028235E+38 3.4028235E+38 3.4028235E+38 3.4028235E+38 3.4028235E+38 3.4028235E+38 3.4028235E+38 3.4028235E+38 3.4028235E+38 3.4028235E+38 3.4028235E+38 3.4028235E+38 3.4028235E+38 3.4028235E+38 3.4028235E+38 3.4028235E+38 3.4028235E+38 3.4028235E+38 3.4028235E+38 3.4028235E+38 0.6661663 0.6843286 0.7012061 0.7222704 0.7428631 0.7603300 0.7783129 0.7966658 0.8111475 0.8286439 0.8449495 0.8583434 0.8747575 0.8940848 0.9093934 0.9603655 1.017381 1.078353 1.145923 1.211066 1.284621 1.349573 1.419872 1.487954 1.547743 1.591246 1.628028 1.654762 1.704072 1.723589 1.735142
3.4028235E+38 3.4028235E+38 3.4028235E+38 3.4028235E+38 3.4028235E+38 3.4028235E+38 3.4028235E+38 3.4028235E+38 3.4028235E+38 3.4028235E+38 3.4028235E+38 3.4028235E+38 3.4028235E+38 3.4028235E+38 3.4028235E+38 3.4028235E+38 3.4028235E+38 3.4028235E+38 3.4028235E+38 3.4028235E+38 3.4028235E+38 3.4028235E+38 3.4028235E+38 3.4028235E+38 3.4028235E+38 0.6730900 0.6923890 0.7106131 0.7302824 0.7507138 0.7677617 0.7812830 0.7997468 0.8197419 0.8387318 0.8534139 0.8694955 0.8897324 0.9072476 0.9224367 0.9737774 1.030868 1.089745 1.158556 1.214480 1.287354 1.355470 1.423368 1.492984 1.563298 1.622582 1.658068 1.689266 1.731861 1.759612 1.770469
3.4028235E+38 3.4028235E+38 3.4028235E+38 3.4028235E+38 3.4028235E+38 3.4028235E+38 3.4028235E+38 3.4028235E+38 3.4028235E+38 3.4028235E+38 3.4028235E+38 3.4028235E+38 3.4028235E+38 3.4028235E+38 3.4028235E+38 3.4028235E+38 3.4028235E+38 3.4028235E+38 3.4028235E+38 3.4028235E+38 3.4028235E+38 3.4028235E+38 3.4028235E+38 3.4028235E+38 3.4028235E+38 0.6784984 0.6989292 0.7191623 0.7384477 0.7550783 0.7710056 0.7885780 0.8104240 0.8261498 0.8436078 0.8637121 0.8811568 0.8979738 0.9137870 0.9289669 0.9813073 1.039289 1.099568 1.163503 1.222422 1.288634 1.355705 1.428828 1.498968 1.572511 1.641241 1.693063 1.732552 1.757798 1.794934 1.808927
3.4028235E+38 3.4028235E+38 3.4028235E+38 3.4028235E+38 3.4028235E+38 3.4028235E+38 3.4028235E+38 3.4028235E+38 3.4028235E+38 3.4028235E+38 3.4028235E+38 3.4028235E+38 3.4028235E+38 3.4028235E+38 3.4028235E+38 3.4028235E+38 3.4028235E+38 3.4028235E+38 3.4028235E+38 3.4028235E+38 3.4028235E+38 3.4028235E+38 3.4028235E+38 3.4028235E+38 3.4028235E+38 0.6846620 0.7046604 0.7250302 0.7389693 0.7564853 0.7772688 0.7925048 0.8121532 0.8307711 0.8516873 0.8700898 0.8889444 0.9070546 0.9212816 0.9359747 0.9875682 1.044283 1.110856 1.173849 1.235793 1.297222 1.367326 1.440177 1.510507 1.578209 1.650421 1.715068 1.767099 1.812099 1.829472 1.833736
3.4028235E+38 3.4028235E+38 3.4028235E+38 3.4028235E+38 3.4028235E+38 3.4028235E+38 3.4028235E+38 3.4028235E+38 3.4028235E+38 3.4028235E+38 3.4028235E+38 3.4028235E+38 3.4028235E+38 3.4028235E+38 3.4028235E+38 3.4028235E+38 3.4028235E+38 3.4028235E+38 3.4028235E+38 3.4028235E+38 3.4028235E+38 3.4028235E+38 3.4028235E+38 3.4028235E+38 3.4028235E+38 0.6912403 0.7071494 0.7260396 0.7428401 0.7632704 0.7806515 0.7990628 0.8181293 0.8365324 0.8543631 0.8739372 0.8931199 0.9116695 0.9265556 0.9422693 0.9944710 1.051865 1.116612 1.179035 1.240351 1.307686 1.383208 1.450289 1.520186 1.588087 1.659305 1.731256 1.801263 1.889015 1.864757 1.872437
3.4028235E+38 3.4028235E+38 3.4028235E+38 3.4028235E+38 3.4028235E+38 3.4028235E+38 3.4028235E+38 3.4028235E+38 3.4028235E+38 3.4028235E+38 3.4028235E+38 3.4028235E+38 3.4028235E+38 3.4028235E+38 3.4028235E+38 3.4028235E+38 3.4028235E+38 3.4028235E+38 3.4028235E+38 3.4028235E+38 3.4028235E+38 3.4028235E+38 3.4028235E+38 3.4028235E+38 3.4028235E+38 0.6948923 0.7125577 0.7347404 0.7504398 0.7658108 0.7883112 0.8106917 0.8286025 0.8464170 0.8671565 0.8861767 0.9038658 0.9205797 0.9383744 0.9564180 1.007539 1.063227 1.127275 1.189828 1.249268 1.314866 1.386023 1.453622 1.525671 1.596924 1.666052 1.739818 1.809283 1.862463 1.889911 1.901739
3.4028235E+38 3.4028235E+38 3.4028235E+38 3.4028235E+38 3.4028235E+38 3.4028235E+38 3.4028235E+38 3.4028235E+38 3.4028235E+38 3.4028235E+38 3.4028235E+38 3.4028235E+38 3.4028235E+38 3.4028235E+38 3.4028235E+38 3.4028235E+38 3.4028235E+38 3.4028235E+38 3.4028235E+38 3.4028235E+38 3.4028235E+38 3.4028235E+38 3.4028235E+38 3.4028235E+38 3.4028235E+38 0.6994736 0.7203268 0.7389158 0.7548885 0.7748895 0.7985039 0.8178237 0.8366966 0.8563272 0.8758233 0.8948746 0.9116334 0.9277751 0.9473889 0.9637693 1.014435 1.071983 1.136772 1.198900 1.258182 1.323113 1.393960 1.461241 1.530921 1.601621 1.664809 1.735323 1.800776 1.861990 1.915283 1.918870
