LUCAS_GEMMES_COP27/includes/subsidence/Scenario_B2/tmp/TOT_SUBSIDENCE_2060_SINCE_2018_MKD_ONLY.ASC
NCOLS                318
NROWS                364
XLLCORNER      400000.00
YLLCORNER      907000.00
CELLSIZE         1000.00
NODATA_VALUE    0.3402823E+39
[rows 144 to 167 of 364, columns 165 to 219 of 318]
0.4157407 0.4112386 0.4046142 0.3960954 0.3931189 0.3921960 0.3880415 0.3827601 0.3764012 0.3710233 0.3658640 0.3593304 0.3526369 0.3459625 0.3392230 0.3322511 0.3270913 0.3229660 0.3193672 0.3162983 0.3125982 0.3089507 0.3053428 0.3016262 0.2981635 0.2946842 0.2913836 0.2863308 0.2801480 0.2841439 0.2887294 0.2949849 0.3002551 0.3071275 0.3125984 0.3176675 0.3202928 0.3247271 0.3330292 0.3395045 0.3396778 0.3431141 0.3482460 0.3468263 0.3462290 0.3495636 0.3521978 0.3542688 0.3564850 0.3613428 0.3646748 0.3679265 0.3709883 0.3732857 0.3743390
0.4175389 0.4122569 0.4079694 0.4024718 0.3988383 0.3923282 0.3928781 0.3837515 0.3829125 0.3765045 0.3702116 0.3644353 0.3580148 0.3505973 0.3452712 0.3401487 0.3359660 0.3310662 0.3267761 0.3230374 0.3195684 0.3158463 0.3115315 0.3076214 0.3039033 0.2999281 0.2947832 0.2883554 0.2836012 0.2886364 0.2939452 0.2999479 0.3052404 0.3112074 0.3175517 0.3226455 0.3256490 0.3320844 0.3395755 0.3446468 0.3472256 0.3480612 0.3508303 0.3530673 0.3545651 0.3584374 0.3588502 0.3605668 0.3600308 0.3664221 0.3704418 0.3741081 0.3772330 0.3795287 0.3826840
0.4150595 0.4120837 0.4091612 0.4067225 0.4004640 0.3939353 0.3914646 0.3905914 0.3886225 0.3821278 0.3759981 0.3708395 0.3642941 0.3573135 0.3534866 0.3490728 0.3444051 0.3397962 0.3346622 0.3304520 0.3269296 0.3225111 0.3182727 0.3137600 0.3097720 0.3056765 0.2971999 0.2889000 0.2874882 0.2939197 0.2995313 0.3054928 0.3105951 0.3159475 0.3215077 0.3286779 0.3336923 0.3398452 0.3443027 0.3487902 0.3525732 0.3552928 0.3561267 0.3588738 0.3629071 0.3638117 0.3646781 0.3625270 0.3659132 0.3721304 0.3764501 0.3804777 0.3837441 0.3863177 0.3905103
0.4142692 0.4084359 0.4096635 0.4092798 0.4077374 0.4033468 0.3977591 0.3962887 0.3936636 0.3880473 0.3814779 0.3745792 0.3702251 0.3668666 0.3623917 0.3576828 0.3523548 0.3477669 0.3431334 0.3386051 0.3345078 0.3294348 0.3238647 0.3203789 0.3164049 0.3088758 0.3006994 0.2940523 0.2966917 0.3003858 0.3058836 0.3118533 0.3165112 0.3204415 0.3267795 0.3339089 0.3399132 0.3447440 0.3486872 0.3526038 0.3583538 0.3621088 0.3629522 0.3671844 0.3697262 0.3707389 0.3711251 0.3695617 0.3714361 0.3776191 0.3824181 0.3871266 0.3911613 0.3943405 0.3980479
0.4175386 0.4096521 0.4100122 0.4108780 0.4119948 0.4109219 0.4079107 0.4051541 0.4000486 0.3948138 0.3867363 0.3798090 0.3770468 0.3748951 0.3709948 0.3661543 0.3614829 0.3564534 0.3515230 0.3459512 0.3397764 0.3345796 0.3294432 0.3263346 0.3216170 0.3119486 0.3038682 0.2985421 0.3029578 0.3079547 0.3134886 0.3191834 0.3241741 0.3282664 0.3351737 0.3414493 0.3480336 0.3524108 0.3569239 0.3598086 0.3635962 0.3681823 0.3707530 0.3745838 0.3775008 0.3788944 0.3784736 0.3768466 0.3787221 0.3816397 0.3878909 0.3934636 0.3982101 0.4024908 0.4065441
0.4189013 0.4074032 0.4095462 0.4128417 0.4164687 0.4174507 0.4159651 0.4126298 0.4069614 0.4016976 0.3966277 0.3887323 0.3836489 0.3817596 0.3789925 0.3735608 0.3693598 0.3648787 0.3601453 0.3542449 0.3469648 0.3420483 0.3377071 0.3337574 0.3256363 0.3146196 0.3046818 0.3026094 0.3102509 0.3161473 0.3220900 0.3278647 0.3330575 0.3388244 0.3448423 0.3498938 0.3560486 0.3606339 0.3656219 0.3698831 0.3730484 0.3759871 0.3802388 0.3826484 0.3852528 0.3876015 0.3853693 0.3860691 0.3896377 0.3911170 0.3931425 0.3995857 0.4049135 0.4098497 0.4151939
0.4220775 0.4069831 0.4028817 0.4166223 0.4230147 0.4244071 0.4244848 0.4188569 0.4135806 0.4078743 0.4034916 0.3961242 0.3909817 0.3875555 0.3838868 0.3798721 0.3777598 0.3733191 0.3692192 0.3640148 0.3576327 0.3528967 0.3474076 0.3410093 0.3304214 0.3205126 0.3120848 0.3155563 0.3194905 0.3253887 0.3315695 0.3376297 0.3428829 0.3485022 0.3532715 0.3573592 0.3641442 0.3697530 0.3754341 0.3802502 0.3820555 0.3853940 0.3894356 0.3915965 0.3929904 0.3955215 0.3952373 0.3976703 0.3996373 0.4020216 0.4039596 0.4057660 0.4099714 0.4156587 0.4211891
0.4276350 0.4157389 0.4024743 0.4218800 0.4315332 0.4347519 0.4294662 0.4209451 0.4161118 0.4123256 0.4080929 0.4030302 0.3980054 0.3944293 0.3904749 0.3867000 0.3859080 0.3810184 0.3768569 0.3714711 0.3656331 0.3606267 0.3549134 0.3462406 0.3353805 0.3274233 0.3214517 0.3252646 0.3301260 0.3360295 0.3424823 0.3485031 0.3540718 0.3591810 0.3631524 0.3661865 0.3708605 0.3768528 0.3844348 0.3897410 0.3928385 0.3975548 0.4000657 0.4028385 0.4032131 0.4032773 0.4055755 0.4094538 0.4110241 0.4126545 0.4129043 0.4186321 0.4190987 0.4160197 0.4252653
0.4369885 0.4287553 0.4012742 0.4467454 0.4429964 0.4396027 0.4239291 0.4193289 0.4166683 0.4148020 0.4129768 0.4095961 0.4033238 0.4034231 0.4020643 0.3983631 0.3929921 0.3858034 0.3817185 0.3772471 0.3713904 0.3658803 0.3608444 0.3519672 0.3416737 0.3318831 0.3280168 0.3358177 0.3412464 0.3478134 0.3544762 0.3599389 0.3660693 0.3716505 0.3768805 0.3774606 0.3816712 0.3877307 0.3946113 0.4009231 0.4046567 0.4087565 0.4122629 0.4145430 0.4155504 0.4160179 0.4187660 0.4208828 0.4227191 0.4225399 0.4192397 0.4196910 0.4212934 0.4176135 0.4343305
0.4462232 0.4421350 0.4527797 0.4500566 0.3963422 0.4155666 0.4155478 0.4145341 0.4151120 0.4166782 0.4163140 0.4121045 0.4089146 0.4076892 0.4045757 0.4029298 0.4024794 0.3956972 0.3913826 0.3859415 0.3797384 0.3737859 0.3687050 0.3588547 0.3492849 0.3412627 0.3420675 0.3461919 0.3532840 0.3607600 0.3675248 0.3732452 0.3794220 0.3855676 0.3908603 0.3955948 0.3990871 0.4060580 0.4097588 0.4150959 0.4195321 0.4227276 0.4255467 0.4279650 0.4295613 0.4324938 0.4343467 0.4343117 0.4367809 0.4360397 0.4347830 0.4338932 0.4336457 0.4328093 0.4323532
0.4539745 0.4566622 0.4547039 0.4333084 0.3984798 0.3989781 0.3997844 0.4101622 0.4130546 0.4163256 0.4184558 0.4158417 0.4145743 0.4157276 0.4138018 0.4098269 0.4111351 0.4076304 0.4012592 0.3947471 0.3888202 0.3828269 0.3761143 0.3658829 0.3578586 0.3508721 0.3530008 0.3595108 0.3670483 0.3754506 0.3826964 0.3882822 0.3948523 0.4017744 0.4078163 0.4138320 0.4180984 0.4236413 0.4272576 0.4321017 0.4372678 0.4408532 0.4443825 0.4462175 0.4505784 0.4472576 0.4488630 0.4486173 0.4480783 0.4481826 0.4464552 0.4464574 0.4465057 0.4458082 0.4434790
0.4584917 0.4566768 0.4491425 0.4362178 0.4233035 0.4124197 0.4027145 0.4061494 0.4097713 0.4171386 0.4210590 0.4248336 0.4247261 0.4232397 0.4212622 0.4201273 0.4215672 0.4188010 0.4104107 0.4041047 0.4007382 0.3947282 0.3849744 0.3740627 0.3628005 0.3574580 0.3668658 0.3755195 0.3838135 0.3919940 0.3995212 0.4062155 0.4126399 0.4201148 0.4273913 0.4330455 0.4395053 0.4452354 0.4494345 0.4538306 0.4584110 0.4667738 0.4669834 0.4659172 0.4609050 0.4564330 0.4603914 0.4610519 0.4599020 0.4588070 0.4530767 0.4569542 0.4582534 0.4574599 0.4570769
0.4593607 0.4569906 0.4514976 0.4425999 0.4334686 0.4250383 0.4205035 0.4186110 0.4148768 0.4190685 0.4255733 0.4298925 0.4300709 0.4226909 0.4354001 0.4298422 0.4308670 0.4309593 0.4221881 0.4174236 0.4138838 0.4075668 0.3987633 0.3854742 0.3728872 0.3768007 0.3837078 0.3935552 0.4023494 0.4105655 0.4192027 0.4274963 0.4357152 0.4439269 0.4516427 0.4584906 0.4643071 0.4749543 0.4785486 0.4808728 0.4837045 0.4869281 0.4873231 0.4854614 0.4817438 0.4773801 0.4771584 0.4759763 0.4748932 0.4685647 0.4643032 0.4686480 0.4704655 0.4697350 0.4697957
0.4613687 0.4589359 0.4546005 0.4487589 0.4420509 0.4364213 0.4326096 0.4299998 0.4294317 0.4304602 0.4306801 0.4349139 0.4423698 0.4406822 0.4458716 0.4418483 0.4411740 0.4398498 0.4382322 0.4353541 0.4300867 0.4226218 0.4119007 0.3976086 0.3846828 0.3951222 0.4052116 0.4151371 0.4240987 0.4337981 0.4433221 0.4530279 0.4625409 0.4778209 0.4820020 0.4869168 0.4905806 0.4955241 0.4999171 0.5034242 0.5072682 0.5074894 0.5071970 0.5042841 0.5011145 0.4970926 0.4910576 0.4884164 0.4884054 0.4855513 0.4854936 0.4837100 0.4828738 0.4820942 0.4829576
0.4638602 0.4609721 0.4573835 0.4538547 0.4494365 0.4454423 0.4423077 0.4405754 0.4403514 0.4412206 0.4436752 0.4476487 0.4507777 0.4536875 0.4619946 0.4613108 0.4576436 0.4557992 0.4560502 0.4552795 0.4518716 0.4436097 0.4308401 0.4100513 0.3958822 0.4196157 0.4331643 0.4445062 0.4528742 0.4621104 0.4738967 0.4791697 0.4895949 0.4970879 0.5047303 0.5101886 0.5135527 0.5180067 0.5219233 0.5256149 0.5257312 0.5240880 0.5230861 0.5216748 0.5181062 0.5109056 0.5041364 0.5019971 0.4985824 0.4951992 0.5001045 0.4995505 0.4972929 0.4951500 0.4945840
0.4671252 0.4637353 0.4610897 0.4585459 0.4557694 0.4527442 0.4505071 0.4500034 0.4509064 0.4527501 0.4557491 0.4590645 0.4631537 0.4679245 0.4729924 0.4745346 0.4784139 0.4770254 0.4729788 0.4773259 0.4776311 0.4731390 0.4641192 0.4389014 0.4429154 0.4525858 0.4766505 0.4804785 0.4848636 0.4909655 0.4951867 0.5022869 0.5130339 0.5208574 0.5269835 0.5335363 0.5386134 0.5430929 0.5437613 0.5438329 0.5429149 0.5419672 0.5414970 0.5392531 0.5363161 0.5304765 0.5271990 0.5238478 0.5192493 0.5149376 0.5172563 0.5149637 0.5116617 0.5099512 0.5075938
0.4707024 0.4679031 0.4659573 0.4639063 0.4617968 0.4596030 0.4584205 0.4590278 0.4606826 0.4628617 0.4662181 0.4704379 0.4755194 0.4810785 0.4863246 0.4919106 0.4971021 0.4908813 0.4927442 0.4931118 0.5050883 0.5156647 0.4994918 0.4855715 0.4859190 0.4888484 0.4934863 0.5033047 0.5089126 0.5164276 0.5237848 0.5302780 0.5375138 0.5439193 0.5507154 0.5574722 0.5624315 0.5657448 0.5644870 0.5647185 0.5635147 0.5606574 0.5593436 0.5551820 0.5533524 0.5508012 0.5487279 0.5450331 0.5410919 0.5391371 0.5341262 0.5317568 0.5285588 0.5258982 0.5206347
0.4744499 0.4727586 0.4709941 0.4691799 0.4674641 0.4661323 0.4657965 0.4667850 0.4686302 0.4713618 0.4760951 0.4813461 0.4869775 0.4939440 0.5010544 0.5078814 0.5145488 0.5190815 0.5197167 0.5072759 0.5494826 0.5436007 0.5043501 0.5151016 0.5147891 0.5171458 0.5220325 0.5279273 0.5348600 0.5415438 0.5477804 0.5557147 0.5598772 0.5626013 0.5707625 0.5788015 0.5834464 0.5848215 0.5837132 0.5839272 0.5821769 0.5801927 0.5779909 0.5723831 0.5691347 0.5664640 0.5640537 0.5614991 0.5569510 0.5545029 0.5490853 0.5474406 0.5450277 0.5400145 0.5357818
0.4779622 0.4764357 0.4752554 0.4735609 0.4728897 0.4724997 0.4730193 0.4743894 0.4766372 0.4799653 0.4856228 0.4914299 0.4979455 0.5062556 0.5151561 0.5245990 0.5350260 0.5438958 0.5529048 0.5601708 0.5716156 0.5600861 0.5512078 0.5449160 0.5448825 0.5458297 0.5493572 0.5537254 0.5604205 0.5669021 0.5727979 0.5831071 0.5843923 0.5836401 0.5901945 0.5978417 0.6017849 0.6024523 0.6030166 0.6021340 0.6006974 0.5988802 0.5948462 0.5889246 0.5849321 0.5830417 0.5795503 0.5770196 0.5721977 0.5695235 0.5652913 0.5641998 0.5616860 0.5558017 0.5523979
0.4814587 0.4802716 0.4796006 0.4782200 0.4779139 0.4783516 0.4795650 0.4815409 0.4846731 0.4888552 0.4943149 0.5005987 0.5085493 0.5177067 0.5285501 0.5407529 0.5537036 0.5660580 0.5798239 0.5966467 0.5941728 0.5882220 0.5804491 0.5770211 0.5750320 0.5753270 0.5783343 0.5801961 0.5860820 0.5910828 0.5982891 0.6023862 0.5999826 0.5992856 0.6078058 0.6133195 0.6155772 0.6186867 0.6200696 0.6170547 0.6181208 0.6159239 0.6099718 0.6055094 0.6016532 0.5977045 0.5951072 0.5900748 0.5873120 0.5849500 0.5814326 0.5806502 0.5771241 0.5722671 0.5698825
0.4860835 0.4849170 0.4856618 0.4833989 0.4825997 0.4838552 0.4856261 0.4878511 0.4911175 0.4964182 0.5026002 0.5096078 0.5187384 0.5295587 0.5419822 0.5557938 0.5714651 0.5867236 0.6037509 0.6171670 0.6158983 0.6106660 0.6058986 0.6008849 0.6003225 0.5995158 0.6010604 0.6016418 0.6046522 0.6064621 0.6111301 0.6080227 0.6084277 0.6133969 0.6215383 0.6260852 0.6277390 0.6309901 0.6324998 0.6285779 0.6297718 0.6281679 0.6249275 0.6232005 0.6186950 0.6145113 0.6088774 0.6041828 0.6037976 0.6019248 0.5974054 0.5946983 0.5905858 0.5889277 0.5856855
0.4897845 0.4868580 0.4871378 0.4856587 0.4873552 0.4890904 0.4909531 0.4941303 0.5001347 0.5048915 0.5113013 0.5192281 0.5268822 0.5397377 0.5541723 0.5689915 0.5864205 0.6070734 0.6244049 0.6312013 0.6280761 0.6255602 0.6238370 0.6211717 0.6182547 0.6202015 0.6173802 0.6174589 0.6154936 0.6122644 0.6218237 0.6181214 0.6183357 0.6241417 0.6322282 0.6349671 0.6373699 0.6408962 0.6344159 0.6316184 0.6384232 0.6402493 0.6428989 0.6416593 0.6326895 0.6290706 0.6252193 0.6187769 0.6162748 0.6165248 0.6141654 0.6092309 0.6045156 0.6036945 0.6004984
0.4956656 0.4942254 0.4906440 0.4915972 0.4951954 0.4942268 0.4958265 0.5009900 0.5090894 0.5121554 0.5190669 0.5281678 0.5379432 0.5493881 0.5664496 0.5848103 0.6065145 0.6271987 0.6404688 0.6400403 0.6380961 0.6304591 0.6332369 0.6348430 0.6328851 0.6302075 0.6290621 0.6277347 0.6282362 0.6276767 0.6302832 0.6312218 0.6286799 0.6317406 0.6402346 0.6426117 0.6452061 0.6477919 0.6428269 0.6422192 0.6500330 0.6517002 0.6544946 0.6527933 0.6465316 0.6414045 0.6364709 0.6347750 0.6329591 0.6304269 0.6250998 0.6265529 0.6211714 0.6184947 0.6132796
0.4967988 0.4962757 0.4947222 0.4953981 0.4957198 0.4971675 0.5007628 0.5065650 0.5125093 0.5178652 0.5263300 0.5363706 0.5477102 0.5623878 0.5788543 0.5985250 0.6245188 0.6456362 0.6485087 0.6469927 0.6448808 0.6413929 0.6417696 0.6416367 0.6409293 0.6389793 0.6366478 0.6363539 0.6365619 0.6363618 0.6329199 0.6408072 0.6392882 0.6402157 0.6444054 0.6465891 0.6494930 0.6458612 0.6442251 0.6513798 0.6560807 0.6586997 0.6613972 0.6613851 0.6603607 0.6568964 0.6513073 0.6493788 0.6482087 0.6468189 0.6411480 0.6373497 0.6377937 0.6344331 0.6272997
