LUCAS_GEMMES_COP27/includes/subsidence/Scenario_B2/tmp/TOT_SUBSIDENCE_2050_SINCE_2018_MKD_ONLY.ASC
NCOLS                318
NROWS                364
XLLCORNER      400000.00
YLLCORNER      907000.00
CELLSIZE         1000.00
NODATA_VALUE    0.3402823E+39
[rows 96 to 119 of 364, columns 55 to 109 of 318]
3.4028235E+38 3.4028235E+38 3.4028235E+38 3.4028235E+38 3.4028235E+38 3.4028235E+38 3.4028235E+38 3.4028235E+38 3.4028235E+38 3.4028235E+38 3.4028235E+38 3.4028235E+38 3.4028235E+38 3.4028235E+38 3.4028235E+38 3.4028235E+38 3.4028235E+38 3.4028235E+38 3.4028235E+38 3.4028235E+38 3.4028235E+38 3.4028235E+38 3.4028235E+38 3.4028235E+38 3.4028235E+38 3.4028235E+38 3.4028235E+38 3.4028235E+38 3.4028235E+38 3.4028235E+38 3.4028235E+38 3.4028235E+38 3.4028235E+38 3.4028235E+38 3.4028235E+38 3.4028235E+38 3.4028235E+38 3.4028235E+38 3.4028235E+38 2.8478056E-02 2.9448695E-02 3.4028235E+38 3.4028235E+38 3.4028235E+38 3.4028235E+38 3.4028235E+38 3.4028235E+38 3.3034042E-02 3.3977758E-02 3.4079485E-02 3.4492385E-02 3.5317201E-02 3.5268120E-02 3.5659298E-02 3.6135878E-02
3.4028235E+38 3.4028235E+38 3.4028235E+38 3.4028235E+38 3.4028235E+38 3.4028235E+38 3.4028235E+38 3.4028235E+38 3.4028235E+38 3.4028235E+38 3.4028235E+38 3.4028235E+38 3.4028235E+38 3.4028235E+38 3.4028235E+38 3.4028235E+38 3.4028235E+38 3.4028235E+38 3.4028235E+38 3.4028235E+38 3.4028235E+38 3.4028235E+38 3.4028235E+38 3.4028235E+38 3.4028235E+38 3.4028235E+38 3.4028235E+38 3.4028235E+38 3.4028235E+38 3.4028235E+38 3.4028235E+38 3.4028235E+38 3.4028235E+38 3.4028235E+38 3.4028235E+38 3.4028235E+38 3.4028235E+38 3.4028235E+38 2.8326333E-02 3.3944368E-02 3.4028235E+38 3.4028235E+38 3.4028235E+38 3.4028235E+38 3.4028235E+38 3.4028235E+38 3.4028235E+38 3.4349218E-02 3.3978391E-02 3.4908660E-02 3.4826860E-02 3.5720043E-02 3.6109760E-02 3.6131889E-02 3.6766514E-02
3.4028235E+38 3.4028235E+38 3.4028235E+38 3.4028235E+38 3.4028235E+38 3.4028235E+38 3.4028235E+38 3.4028235E+38 3.4028235E+38 3.4028235E+38 3.4028235E+38 3.4028235E+38 3.4028235E+38 3.4028235E+38 3.4028235E+38 3.4028235E+38 3.4028235E+38 3.4028235E+38 3.4028235E+38 3.4028235E+38 3.4028235E+38 3.4028235E+38 3.4028235E+38 3.4028235E+38 3.4028235E+38 3.4028235E+38 3.4028235E+38 3.4028235E+38 3.4028235E+38 3.4028235E+38 3.4028235E+38 3.4028235E+38 3.4028235E+38 3.4028235E+38 3.4028235E+38 3.4028235E+38 3.4028235E+38 2.8111197E-02 2.8525241E-02 3.0476380E-02 3.4028235E+38 3.4028235E+38 3.4028235E+38 3.4028235E+38 3.4028235E+38 3.4028235E+38 3.4028235E+38 3.4028235E+38 3.4545965E-02 3.4707770E-02 3.5311025E-02 3.5729263E-02 3.6153074E-02 3.6776561E-02 3.7453122E-02
3.4028235E+38 3.4028235E+38 3.4028235E+38 3.4028235E+38 3.4028235E+38 3.4028235E+38 3.4028235E+38 3.4028235E+38 3.4028235E+38 3.4028235E+38 3.4028235E+38 3.4028235E+38 3.4028235E+38 3.4028235E+38 3.4028235E+38 3.4028235E+38 3.4028235E+38 3.4028235E+38 3.4028235E+38 3.4028235E+38 3.4028235E+38 3.4028235E+38 3.4028235E+38 3.4028235E+38 3.4028235E+38 3.4028235E+38 3.4028235E+38 3.4028235E+38 3.4028235E+38 3.4028235E+38 3.4028235E+38 3.4028235E+38 3.4028235E+38 3.4028235E+38 3.4028235E+38 3.4028235E+38 3.4028235E+38 2.9680781E-02 3.4028235E+38 3.4028235E+38 3.4028235E+38 3.4028235E+38 3.4028235E+38 3.4028235E+38 3.4028235E+38 3.4028235E+38 3.4028235E+38 3.5618473E-02 3.5353541E-02 3.5267316E-02 3.6217198E-02 3.6315691E-02 3.6879722E-02 3.7914585E-02 3.8296703E-02
3.4028235E+38 3.4028235E+38 3.4028235E+38 3.4028235E+38 3.4028235E+38 3.4028235E+38 3.4028235E+38 3.4028235E+38 3.4028235E+38 3.4028235E+38 3.4028235E+38 3.4028235E+38 3.4028235E+38 3.4028235E+38 3.4028235E+38 3.4028235E+38 3.4028235E+38 3.4028235E+38 3.4028235E+38 3.4028235E+38 3.4028235E+38 3.4028235E+38 3.4028235E+38 3.4028235E+38 3.4028235E+38 3.4028235E+38 3.4028235E+38 3.4028235E+38 3.4028235E+38 3.4028235E+38 3.4028235E+38 3.4028235E+38 3.4028235E+38 3.4028235E+38 3.4028235E+38 3.4028235E+38 3.0373480E-02 3.0338749E-02 3.0492168E-02 3.4028235E+38 3.4028235E+38 3.4028235E+38 3.4028235E+38 3.4028235E+38 3.4028235E+38 3.4028235E+38 3.4028235E+38 3.5878241E-02 3.5778448E-02 3.5826690E-02 3.6380779E-02 3.7369896E-02 3.7550975E-02 3.8314722E-02 3.9626595E-02
3.4028235E+38 3.4028235E+38 3.4028235E+38 3.4028235E+38 3.4028235E+38 3.4028235E+38 3.4028235E+38 3.4028235E+38 3.4028235E+38 3.4028235E+38 3.4028235E+38 3.4028235E+38 3.4028235E+38 3.4028235E+38 3.4028235E+38 3.4028235E+38 3.4028235E+38 3.4028235E+38 3.4028235E+38 3.4028235E+38 3.4028235E+38 3.4028235E+38 3.4028235E+38 3.4028235E+38 3.4028235E+38 3.4028235E+38 3.4028235E+38 3.4028235E+38 3.4028235E+38 3.4028235E+38 3.4028235E+38 3.4028235E+38 3.4028235E+38 3.4028235E+38 3.4028235E+38 3.4028235E+38 3.3971425E-02 3.4028235E+38 3.4028235E+38 3.4028235E+38 3.4028235E+38 3.4028235E+38 3.4028235E+38 3.4028235E+38 3.4028235E+38 3.4028235E+38 3.6983382E-02 3.6106583E-02 3.6277950E-02 3.6799479E-02 3.7037347E-02 3.8053609E-02 3.8816407E-02 3.9313752E-02 4.0223651E-02
3.4028235E+38 3.4028235E+38 3.4028235E+38 3.4028235E+38 3.4028235E+38 3.4028235E+38 3.4028235E+38 3.4028235E+38 3.4028235E+38 3.4028235E+38 3.4028235E+38 3.4028235E+38 3.4028235E+38 3.4028235E+38 3.4028235E+38 3.4028235E+38 3.4028235E+38 3.4028235E+38 3.4028235E+38 3.4028235E+38 3.4028235E+38 3.4028235E+38 3.4028235E+38 3.4028235E+38 3.4028235E+38 3.4028235E+38 3.4028235E+38 3.4028235E+38 3.4028235E+38 3.4028235E+38 3.4028235E+38 3.4028235E+38 3.4028235E+38 3.4028235E+38 3.4028235E+38 3.0169494E-02 3.1370424E-02 3.2393020E-02 3.4028235E+38 3.4028235E+38 3.4028235E+38 3.4028235E+38 3.4028235E+38 3.4892291E-02 3.4028235E+38 3.6657460E-02 3.6208984E-02 3.6165498E-02 3.6852356E-02 3.7324321E-02 3.7692588E-02 3.8818691E-02 3.9713565E-02 4.0692691E-02 4.1252714E-02
3.4028235E+38 3.4028235E+38 3.4028235E+38 3.4028235E+38 3.4028235E+38 3.4028235E+38 3.4028235E+38 3.4028235E+38 3.4028235E+38 3.4028235E+38 3.4028235E+38 3.4028235E+38 3.4028235E+38 3.4028235E+38 3.4028235E+38 3.4028235E+38 3.4028235E+38 3.4028235E+38 3.4028235E+38 3.4028235E+38 3.4028235E+38 3.4028235E+38 3.4028235E+38 3.4028235E+38 3.4028235E+38 3.4028235E+38 3.4028235E+38 3.4028235E+38 3.4028235E+38 3.4028235E+38 3.4028235E+38 3.4028235E+38 3.4028235E+38 3.4028235E+38 3.4028235E+38 3.0253470E-02 3.1363819E-02 3.4028235E+38 3.4028235E+38 3.4028235E+38 3.4028235E+38 3.4028235E+38 3.5841215E-02 3.6215417E-02 3.6599848E-02 3.7063148E-02 3.7596818E-02 3.6853135E-02 3.7352983E-02 3.8153060E-02 3.8404692E-02 3.9714850E-02 4.0631037E-02 4.1581217E-02 4.2456005E-02
3.4028235E+38 3.4028235E+38 3.4028235E+38 3.4028235E+38 3.4028235E+38 3.4028235E+38 3.4028235E+38 3.4028235E+38 3.4028235E+38 3.4028235E+38 3.4028235E+38 3.4028235E+38 3.4028235E+38 3.4028235E+38 3.4028235E+38 3.4028235E+38 3.4028235E+38 3.4028235E+38 3.4028235E+38 3.4028235E+38 3.4028235E+38 3.4028235E+38 3.4028235E+38 3.4028235E+38 3.4028235E+38 3.4028235E+38 3.4028235E+38 3.4028235E+38 3.4028235E+38 3.4028235E+38 3.4028235E+38 3.4028235E+38 3.4028235E+38 3.4028235E+38 3.0458048E-02 3.0791514E-02 3.1864040E-02 3.2417867E-02 3.3198319E-02 3.4028235E+38 3.4028235E+38 3.4028235E+38 3.6733042E-02 3.4028235E+38 3.4028235E+38 3.4028235E+38 3.8150337E-02 3.7732385E-02 3.8394935E-02 3.8577437E-02 3.9409947E-02 4.0402450E-02 4.1715547E-02 4.2509224E-02 4.3325808E-02
3.4028235E+38 3.4028235E+38 3.4028235E+38 3.4028235E+38 3.4028235E+38 3.4028235E+38 3.4028235E+38 3.4028235E+38 3.4028235E+38 3.4028235E+38 3.4028235E+38 3.4028235E+38 3.4028235E+38 3.4028235E+38 3.4028235E+38 3.4028235E+38 3.4028235E+38 3.4028235E+38 3.4028235E+38 3.4028235E+38 3.4028235E+38 3.4028235E+38 3.4028235E+38 3.4028235E+38 3.4028235E+38 3.4028235E+38 3.4028235E+38 3.4028235E+38 3.4028235E+38 3.4028235E+38 3.4028235E+38 3.4028235E+38 3.4028235E+38 3.0410901E-02 3.0664597E-02 3.1215068E-02 3.1957798E-02 3.2497469E-02 3.3581898E-02 3.4115206E-02 3.4028235E+38 3.4028235E+38 3.4028235E+38 3.4028235E+38 3.4028235E+38 3.4028235E+38 3.4028235E+38 3.4028235E+38 3.4028235E+38 3.4028235E+38 4.1138805E-02 4.1452013E-02 4.2661257E-02 4.3189570E-02 4.4116035E-02
3.4028235E+38 3.4028235E+38 3.4028235E+38 3.4028235E+38 3.4028235E+38 3.4028235E+38 1.7668674E-02 1.8841544E-02 1.8716477E-02 1.8922187E-02 1.7698774E-02 1.9158743E-02 3.4028235E+38 3.4028235E+38 3.4028235E+38 3.4028235E+38 3.4028235E+38 3.4028235E+38 3.4028235E+38 3.4028235E+38 3.4028235E+38 3.4028235E+38 3.4028235E+38 3.4028235E+38 3.4028235E+38 3.4028235E+38 3.4028235E+38 3.4028235E+38 3.4028235E+38 3.4028235E+38 3.4028235E+38 3.4028235E+38 3.0129235E-02 3.0570425E-02 3.1163335E-02 3.1880409E-02 3.2484848E-02 3.3084132E-02 3.3749551E-02 3.4508955E-02 3.4028235E+38 3.4028235E+38 3.4028235E+38 3.4028235E+38 3.4028235E+38 3.4028235E+38 3.4028235E+38 3.4028235E+38 3.4028235E+38 3.4028235E+38 4.2316053E-02 4.2487096E-02 4.3440353E-02 4.4084545E-02 4.5256350E-02
1.6724963E-02 1.6673345E-02 1.6866436E-02 1.7317872E-02 1.7331984E-02 1.7228110E-02 1.7273832E-02 1.7259825E-02 1.7309789E-02 1.7298510E-02 1.7059121E-02 1.8003834E-02 1.8477514E-02 1.8895201E-02 2.1020416E-02 2.1223538E-02 3.4028235E+38 3.4028235E+38 3.4028235E+38 3.4028235E+38 3.4028235E+38 3.4028235E+38 3.4028235E+38 3.4028235E+38 3.4028235E+38 3.4028235E+38 3.4028235E+38 3.4028235E+38 3.4028235E+38 3.4028235E+38 3.4028235E+38 3.3292018E-02 3.0593868E-02 3.1124916E-02 3.1875476E-02 3.2550387E-02 3.3190977E-02 3.3815823E-02 3.4455113E-02 3.5524283E-02 3.4028235E+38 3.4028235E+38 3.4028235E+38 3.4028235E+38 3.4028235E+38 3.4028235E+38 3.4028235E+38 3.4028235E+38 4.3463528E-02 4.2987805E-02 4.3153845E-02 4.3773830E-02 4.4447824E-02 4.5414876E-02 4.6305150E-02
1.6343078E-02 1.6739981E-02 1.6507287E-02 1.6997509E-02 1.7046306E-02 1.6887939E-02 1.7122438E-02 1.7287122E-02 1.7838934E-02 1.8178690E-02 1.8145172E-02 1.8618269E-02 1.9312367E-02 1.9320652E-02 2.0031346E-02 2.0639936E-02 2.1150656E-02 2.1863967E-02 2.2420419E-02 2.2862159E-02 2.5216293E-02 2.4325229E-02 2.4737578E-02 2.7033787E-02 2.7785804E-02 2.6818048E-02 2.9599968E-02 2.7974747E-02 2.8413583E-02 2.9210411E-02 3.0219108E-02 3.0612960E-02 3.1036094E-02 3.1780705E-02 3.2693714E-02 3.3515930E-02 3.3940312E-02 3.7987307E-02 3.6723495E-02 3.9360531E-02 3.4028235E+38 3.4028235E+38 3.4028235E+38 3.4028235E+38 3.4028235E+38 3.4028235E+38 3.4028235E+38 3.4028235E+38 3.4028235E+38 4.9504168E-02 4.4654332E-02 4.5002621E-02 4.5806967E-02 4.6747170E-02 4.7460712E-02
1.5833413E-02 1.6321246E-02 1.5930623E-02 1.6214455E-02 1.6565999E-02 1.6751790E-02 1.7288806E-02 1.7683716E-02 1.8192008E-02 1.8603733E-02 1.8614160E-02 1.9238245E-02 1.9942574E-02 2.0222280E-02 2.1052962E-02 2.1439323E-02 2.1298271E-02 2.1666702E-02 2.2044381E-02 2.2610970E-02 2.3054691E-02 2.3838781E-02 2.4580814E-02 2.5368422E-02 2.6068576E-02 2.6422560E-02 2.7790390E-02 2.8454520E-02 2.8776016E-02 2.9541440E-02 3.0406088E-02 3.1413604E-02 3.1664047E-02 3.2689258E-02 3.2967418E-02 3.4567062E-02 3.4028235E+38 3.9093327E-02 3.4028235E+38 3.4028235E+38 3.4028235E+38 3.4028235E+38 3.4028235E+38 3.4028235E+38 3.4028235E+38 3.4028235E+38 3.4028235E+38 3.4028235E+38 3.4028235E+38 3.4028235E+38 4.5681953E-02 4.6267737E-02 4.7119699E-02 4.7924567E-02 4.8551403E-02
1.5434513E-02 1.5193151E-02 1.5448829E-02 1.6065584E-02 1.6721299E-02 1.6887676E-02 1.7234363E-02 1.7797515E-02 1.8291540E-02 1.8394334E-02 1.8936746E-02 1.9710390E-02 2.0166760E-02 2.0824501E-02 2.1248726E-02 2.1624744E-02 2.1845525E-02 2.2319857E-02 2.2055294E-02 2.2889812E-02 2.3258474E-02 2.4205651E-02 2.4941370E-02 2.5479484E-02 2.6187696E-02 2.7056117E-02 2.7696524E-02 2.8393660E-02 2.9478736E-02 3.0627236E-02 3.1015124E-02 3.2550346E-02 3.4028235E+38 3.4028235E+38 3.4028235E+38 4.1208547E-02 3.4028235E+38 3.4028235E+38 3.4028235E+38 3.4028235E+38 3.4028235E+38 3.4028235E+38 3.4028235E+38 3.4028235E+38 3.4028235E+38 3.4028235E+38 3.4028235E+38 3.4028235E+38 3.4028235E+38 3.4028235E+38 3.4028235E+38 4.8327137E-02 4.8684899E-02 4.9416069E-02 4.9928367E-02
1.4833855E-02 1.5162988E-02 1.6125325E-02 1.6501553E-02 1.6985733E-02 1.7362038E-02 1.7780177E-02 1.8366329E-02 1.8851455E-02 1.8841568E-02 1.9584525E-02 2.0085264E-02 2.0464253E-02 2.0866454E-02 2.1264933E-02 2.1717612E-02 2.1783529E-02 2.1912409E-02 2.2189915E-02 2.3250636E-02 2.3902286E-02 2.5021579E-02 2.5239147E-02 2.6156634E-02 2.6907984E-02 2.7568910E-02 2.8357778E-02 2.8814215E-02 2.9954135E-02 3.1184174E-02 3.1921856E-02 3.6732387E-02 3.4028235E+38 3.4028235E+38 3.4028235E+38 3.4028235E+38 3.4028235E+38 3.4028235E+38 3.4028235E+38 3.4028235E+38 3.4028235E+38 3.4028235E+38 3.4028235E+38 3.4028235E+38 3.4028235E+38 3.4028235E+38 3.4028235E+38 3.4028235E+38 3.4028235E+38 5.5995792E-02 5.2212957E-02 5.0605040E-02 5.0630398E-02 5.1052410E-02 5.1553041E-02
1.5092734E-02 1.5593613E-02 1.6003415E-02 1.6390044E-02 1.7116282E-02 1.7743606E-02 1.8233579E-02 1.8743630E-02 1.8703211E-02 1.8948726E-02 1.9508226E-02 1.9886276E-02 2.0291802E-02 2.0245794E-02 2.0601436E-02 2.1056214E-02 2.1658137E-02 2.1786029E-02 2.2750378E-02 2.3580313E-02 2.4248529E-02 2.5112346E-02 2.5714502E-02 2.6667003E-02 2.7142707E-02 2.7939290E-02 2.8816666E-02 2.9282622E-02 3.0204438E-02 3.1366043E-02 3.2407880E-02 3.3339735E-02 3.4028235E+38 3.4028235E+38 3.4028235E+38 3.4028235E+38 3.4028235E+38 3.4028235E+38 3.4028235E+38 3.4028235E+38 3.4028235E+38 3.4028235E+38 3.4028235E+38 3.4028235E+38 3.4028235E+38 3.4028235E+38 3.4028235E+38 3.4028235E+38 3.4028235E+38 5.3257022E-02 5.3011823E-02 5.2517172E-02 5.2686080E-02 5.3027801E-02 5.3289220E-02
1.5634909E-02 1.6411958E-02 1.6728623E-02 1.6803456E-02 1.7237809E-02 1.8038418E-02 1.8439593E-02 1.8395605E-02 1.8696187E-02 1.9410679E-02 1.9961284E-02 2.0251894E-02 2.0382727E-02 2.0349637E-02 2.0825619E-02 2.1358175E-02 2.1605253E-02 2.2350783E-02 2.3331203E-02 2.4084751E-02 2.4861574E-02 2.5590248E-02 2.6378002E-02 2.7040970E-02 2.7983591E-02 2.8765913E-02 2.9234249E-02 3.0326925E-02 3.0846212E-02 3.1908479E-02 3.2774784E-02 3.3437308E-02 3.4028235E+38 3.4028235E+38 3.4028235E+38 3.4028235E+38 3.4028235E+38 3.4028235E+38 3.4028235E+38 3.4028235E+38 3.4028235E+38 3.4028235E+38 3.4028235E+38 3.4028235E+38 3.4028235E+38 3.4028235E+38 3.4028235E+38 3.4028235E+38 5.6184400E-02 5.5592250E-02 5.5366158E-02 5.5106297E-02 5.4807059E-02 5.5194244E-02 5.5214964E-02
1.6500371E-02 1.6985172E-02 1.7177641E-02 1.7480792E-02 1.7450918E-02 1.7777808E-02 1.8092230E-02 1.8422319E-02 1.8533375E-02 1.8934341E-02 2.0036507E-02 2.0336207E-02 2.0687889E-02 2.0934921E-02 2.1484017E-02 2.2082794E-02 2.2215234E-02 2.3021175E-02 2.3881570E-02 2.4633039E-02 2.5385275E-02 2.6082981E-02 2.6892658E-02 2.7561586E-02 2.8531119E-02 2.9589828E-02 3.0213479E-02 3.1106129E-02 3.1623498E-02 3.2747068E-02 3.3674564E-02 3.4028235E+38 3.4028235E+38 3.4028235E+38 3.4028235E+38 3.4028235E+38 3.4028235E+38 3.4028235E+38 3.4028235E+38 3.4028235E+38 3.4028235E+38 3.4028235E+38 3.4028235E+38 3.4028235E+38 3.4028235E+38 3.4028235E+38 3.4028235E+38 3.4028235E+38 5.9291340E-02 5.8791094E-02 5.8084428E-02 5.7464913E-02 5.6934789E-02 5.7047382E-02 5.7149462E-02
1.6920088E-02 1.7334335E-02 1.7506983E-02 1.7779963E-02 1.7944399E-02 1.8032070E-02 1.7839758E-02 1.8378373E-02 1.8495733E-02 1.8894181E-02 1.9623989E-02 1.9871553E-02 2.0679217E-02 2.0936523E-02 2.1233618E-02 2.1998685E-02 2.2730283E-02 2.3678694E-02 2.4413727E-02 2.5174353E-02 2.5885243E-02 2.6591524E-02 2.7324736E-02 2.8137140E-02 2.8823197E-02 2.9996302E-02 3.0917991E-02 3.1283207E-02 3.2113343E-02 3.3529699E-02 3.4475364E-02 3.4906391E-02 3.4028235E+38 3.4028235E+38 3.4028235E+38 3.4028235E+38 3.4028235E+38 3.4028235E+38 3.4028235E+38 3.4028235E+38 3.4028235E+38 3.4028235E+38 3.4028235E+38 3.4028235E+38 3.4028235E+38 3.4028235E+38 3.4028235E+38 3.4028235E+38 6.4059041E-02 6.3100591E-02 6.1792128E-02 6.0466297E-02 5.9719354E-02 5.9121542E-02 5.9423789E-02
1.7203240E-02 1.7569717E-02 1.7861387E-02 1.8066209E-02 1.8290898E-02 1.7816024E-02 1.8010167E-02 1.9172605E-02 1.9491326E-02 1.9367093E-02 1.9951181E-02 1.9972743E-02 2.0604692E-02 2.1149777E-02 2.1587772E-02 2.2368237E-02 2.3324335E-02 2.4021778E-02 2.4910849E-02 2.5615878E-02 2.6370987E-02 2.7098071E-02 2.7831208E-02 2.8637685E-02 2.9663816E-02 3.0164778E-02 3.1324062E-02 3.1705685E-02 3.2920238E-02 3.4292102E-02 3.5273261E-02 3.6170900E-02 3.4028235E+38 3.4028235E+38 3.4028235E+38 3.4028235E+38 3.4028235E+38 4.4734441E-02 3.4028235E+38 3.4028235E+38 3.4028235E+38 3.4028235E+38 3.4028235E+38 3.4028235E+38 3.4028235E+38 3.4028235E+38 3.4028235E+38 7.5168476E-02 7.1794771E-02 6.8628490E-02 6.5998159E-02 6.3970149E-02 6.2647760E-02 6.1718769E-02 6.1455660E-02
1.7646620E-02 1.8017916E-02 1.8328751E-02 1.8437166E-02 1.8048732E-02 1.7996745E-02 1.8279960E-02 1.9542899E-02 1.9716712E-02 1.9968640E-02 2.0327535E-02 2.0656113E-02 2.1082932E-02 2.1638660E-02 2.2177383E-02 2.2924200E-02 2.4039041E-02 2.4613298E-02 2.5670972E-02 2.6068918E-02 2.6744109E-02 2.7459472E-02 2.8315838E-02 2.9182039E-02 3.0094262E-02 3.0916084E-02 3.1549819E-02 3.2556023E-02 3.4015030E-02 3.5175655E-02 3.6107834E-02 3.7040450E-02 4.0240824E-02 4.1544612E-02 3.4028235E+38 3.4028235E+38 4.4069014E-02 4.4852413E-02 3.4028235E+38 3.4028235E+38 3.4028235E+38 3.4028235E+38 3.4028235E+38 3.4028235E+38 3.4028235E+38 3.4028235E+38 3.4028235E+38 8.4726058E-02 7.9730965E-02 7.4610338E-02 7.0759431E-02 6.8107642E-02 6.5787733E-02 6.4373761E-02 6.3513882E-02
1.8113153E-02 1.8407907E-02 1.9001162E-02 1.8803496E-02 1.8596631E-02 1.8830316E-02 1.9394893E-02 1.9588804E-02 1.9659573E-02 2.0163897E-02 2.0676304E-02 2.1079106E-02 2.1482877E-02 2.2017460E-02 2.2919923E-02 2.4067499E-02 2.5314845E-02 2.5492754E-02 2.5961146E-02 2.6571512E-02 2.7418531E-02 2.8253727E-02 2.9203594E-02 2.9702302E-02 3.0488562E-02 3.1368393E-02 3.2272514E-02 3.3216264E-02 3.4497857E-02 3.5632208E-02 3.6734600E-02 3.8208161E-02 4.0833741E-02 4.4451203E-02 4.4601616E-02 4.5191944E-02 4.5030516E-02 4.5744076E-02 4.6988532E-02 3.4028235E+38 3.4028235E+38 3.4028235E+38 3.4028235E+38 3.4028235E+38 3.4028235E+38 0.1486926 0.1242302 0.1010490 8.9127339E-02 8.1176557E-02 7.6250747E-02 7.1723454E-02 6.9115855E-02 6.7270458E-02 6.6049971E-02
1.8428102E-02 1.8640051E-02 1.9005703E-02 1.9011317E-02 1.8818595E-02 1.9397398E-02 1.9287631E-02 1.9600796E-02 1.9814506E-02 2.0409588E-02 2.0938743E-02 2.1290420E-02 2.2039089E-02 2.2399830E-02 2.3475146E-02 2.4638286E-02 2.5296312E-02 2.5988623E-02 2.6685804E-02 2.7254593E-02 2.8022144E-02 2.8836541E-02 2.9707309E-02 3.0477155E-02 3.1332072E-02 3.2109104E-02 3.3207320E-02 3.4230363E-02 3.5254583E-02 3.6281057E-02 3.7735701E-02 3.9119121E-02 4.1113861E-02 4.3852080E-02 4.6577364E-02 4.5934670E-02 4.5981593E-02 4.6577904E-02 4.7747876E-02 4.7957465E-02 4.8627932E-02 3.4028235E+38 3.4028235E+38 3.4028235E+38 3.4028235E+38 0.1406111 0.1272934 0.1104971 9.7205967E-02 8.7363832E-02 8.0439828E-02 7.5383835E-02 7.2214700E-02 6.9963448E-02 6.8510406E-02
