LUCAS_GEMMES_COP27/includes/subsidence/Scenario_B2/tmp/TOT_SUBSIDENCE_2100_SINCE_2018_MKD_ONLY.ASC
NCOLS                318
NROWS                364
XLLCORNER      400000.00
YLLCORNER      907000.00
CELLSIZE         1000.00
NODATA_VALUE    0.3402823E+39
[rows 200 to 224 of 364, columns 112 to 167 of 318]
1.147021 1.170337 1.186602 1.212605 1.229754 1.255316 1.273719 1.292796 1.312346 1.329505 1.344528 1.358400 1.364873 1.373405 1.380509 1.392530 1.390673 1.399518 1.406295 1.405400 1.395817 1.402158 1.396148 1.379180 1.372369 1.375167 1.364460 1.349516 1.335698 1.324571 1.308563 1.299114 1.262858 1.235190 1.211354 1.183110 1.155458 1.123906 1.094625 1.069201 1.030726 0.9977114 0.9654940 0.9194533 0.8950274 0.8528817 0.8033979 0.7632614 0.7264740 0.6486225 0.5887144 0.5928143 0.6191913 0.6460925 0.7143448 0.7460238
1.148408 1.169571 1.194397 1.216622 1.240489 1.259696 1.278204 1.296824 1.316153 1.334362 1.349001 1.356165 1.364845 1.381037 1.380606 1.393899 1.399985 1.402853 1.403228 1.398355 1.396400 1.402873 1.394954 1.386055 1.368757 1.363543 1.351263 1.339591 1.325161 1.311959 1.294813 1.295054 1.271182 1.243299 1.217122 1.190959 1.173286 1.136803 1.099522 1.071858 1.041073 1.003881 0.9699200 0.9287767 0.8947846 0.8190620 0.7708882 0.7377416 0.6943433 0.6495824 0.6019894 0.6256176 0.6464964 0.6737454 0.7405713 0.7643270
1.156526 1.181004 1.201044 1.227566 1.247518 1.268048 1.285281 1.301520 1.315463 1.333392 1.346585 1.357789 1.369837 1.379304 1.378848 1.392689 1.398828 1.404093 1.409810 1.400038 1.408762 1.405377 1.396685 1.379675 1.371427 1.372614 1.350581 1.340642 1.326139 1.306700 1.290506 1.280765 1.267254 1.231277 1.206420 1.181391 1.156055 1.123584 1.086615 1.054688 1.028223 0.9906833 0.9497079 0.9072767 0.8975904 0.8181577 0.8038093 0.7369195 0.6955789 0.6949533 0.6657403 0.6488835 0.7163897 0.7431337 0.7663684 0.7462735
1.165894 1.189943 1.210773 1.230741 1.249389 1.267239 1.282640 1.299768 1.316495 1.341163 1.355789 1.365890 1.371242 1.380336 1.382170 1.388730 1.401688 1.406660 1.409085 1.407603 1.408250 1.404490 1.397822 1.382904 1.386354 1.375205 1.361077 1.350857 1.337660 1.309156 1.296684 1.282193 1.257116 1.234128 1.213243 1.192468 1.162023 1.129362 1.121761 1.086632 1.060623 1.024137 0.9849807 0.9151677 0.8749685 0.8243421 0.7761809 0.7401751 0.7006726 0.6841182 0.6741985 0.6759791 0.7459835 0.7272615 0.7481844 0.7767951
1.177175 1.199355 1.226272 1.242575 1.262000 1.284324 1.297271 1.311870 1.328806 1.349347 1.363152 1.373294 1.377374 1.390255 1.399245 1.399041 1.410992 1.413523 1.413365 1.413192 1.412054 1.407882 1.392803 1.391784 1.393485 1.384179 1.368962 1.360917 1.347936 1.331204 1.315744 1.297526 1.260363 1.245246 1.246069 1.230060 1.190134 1.138030 1.129664 1.097932 1.072605 1.038367 0.9995146 0.9591883 0.9166156 0.8712388 0.8264893 0.7855905 0.7463657 0.7113466 0.6838373 0.7043556 0.7301249 0.7496400 0.8146833 0.8457502
1.187946 1.209112 1.231066 1.257136 1.271946 1.289417 1.308770 1.322671 1.339065 1.357434 1.366440 1.377866 1.388015 1.404437 1.409553 1.406538 1.410006 1.411589 1.411372 1.411668 1.410976 1.415714 1.401472 1.407178 1.402224 1.391606 1.380022 1.368483 1.356214 1.342277 1.326066 1.307750 1.290107 1.274336 1.256796 1.231842 1.199383 1.146748 1.119368 1.102782 1.053972 1.018754 0.9765907 0.9417083 0.8943687 0.8398960 0.8033062 0.7589160 0.7052748 0.6895558 0.7156069 0.7767179 0.7577107 0.8169440 0.8434504 0.8725820
1.199737 1.220101 1.241655 1.268378 1.287665 1.300231 1.313498 1.333067 1.349305 1.364741 1.376333 1.380286 1.392658 1.406273 1.410469 1.414392 1.416594 1.426080 1.427370 1.429385 1.419668 1.413564 1.420165 1.417146 1.409022 1.400079 1.387817 1.377085 1.366262 1.352850 1.338621 1.320456 1.298680 1.283418 1.267884 1.243534 1.215505 1.182878 1.132918 1.097308 1.066816 1.064376 1.019346 0.9897975 0.9420688 0.8888515 0.8549153 0.8091815 0.7743766 0.7807604 0.7901738 0.7651109 0.7820606 0.8462569 0.8716481 0.8978029
1.211412 1.232941 1.254383 1.279403 1.298141 1.315615 1.323219 1.336751 1.353342 1.369147 1.381810 1.391847 1.409564 1.418822 1.425962 1.430951 1.425221 1.435723 1.437909 1.441783 1.429529 1.422084 1.417858 1.424125 1.419172 1.410345 1.397533 1.386553 1.379786 1.365893 1.352825 1.332585 1.306967 1.291927 1.279565 1.255748 1.230687 1.199857 1.168745 1.136713 1.112882 1.091068 1.045784 1.002659 0.9594745 0.9136115 0.8724014 0.7822089 0.7627989 0.7787296 0.7887681 0.7962198 0.8131432 0.8319052 0.8954470 0.8754940
1.226739 1.248958 1.267940 1.283500 1.301785 1.326365 1.343009 1.348456 1.365888 1.387425 1.398934 1.411398 1.421438 1.430761 1.436291 1.440479 1.435899 1.447451 1.450164 1.451104 1.439698 1.445482 1.430739 1.436144 1.427093 1.417979 1.399964 1.387229 1.378303 1.366529 1.350641 1.332530 1.311209 1.293448 1.275424 1.253555 1.227515 1.196478 1.164621 1.138870 1.109188 1.076349 1.033194 0.9869081 0.9398752 0.8917760 0.8456501 0.8112914 0.8483993 0.8499997 0.8536468 0.8277082 0.8435424 0.8595318 0.8786646 0.8972457
1.243716 1.263952 1.281660 1.296394 1.314984 1.335341 1.352075 1.365652 1.380830 1.393957 1.412029 1.423410 1.434285 1.443319 1.448268 1.454665 1.450035 1.451171 1.463747 1.461977 1.451031 1.462023 1.446434 1.435966 1.427004 1.419220 1.415282 1.416543 1.405389 1.394883 1.383389 1.361084 1.343978 1.328772 1.293397 1.286817 1.263008 1.238612 1.216147 1.193447 1.161087 1.129038 1.086871 1.039677 0.9974064 0.9473594 0.8947183 0.8745687 0.8816739 0.8495474 0.8554449 0.8656795 0.9229339 0.8932984 0.9065194 0.9635082
1.257814 1.276917 1.295223 1.314394 1.339191 1.357253 1.373096 1.388542 1.402716 1.408147 1.417364 1.430042 1.441447 1.450222 1.456758 1.461314 1.463630 1.465567 1.470224 1.466265 1.463094 1.473853 1.472228 1.463117 1.443487 1.447942 1.428223 1.418949 1.407385 1.395059 1.386007 1.382151 1.346524 1.330261 1.309229 1.284770 1.258121 1.232129 1.211578 1.187191 1.152575 1.152170 1.111146 1.062507 1.017565 0.9399618 0.8913696 0.8872063 0.8880801 0.8958938 0.9399835 0.9462880 0.9656272 0.9322729 0.9773675 0.9872714
1.274391 1.292876 1.311553 1.331444 1.350429 1.375453 1.388306 1.402942 1.415681 1.423390 1.435210 1.452560 1.462076 1.473217 1.479410 1.481751 1.484047 1.485601 1.489745 1.490948 1.478582 1.486377 1.483500 1.480742 1.475504 1.468671 1.460635 1.436771 1.425283 1.411844 1.397532 1.383456 1.371079 1.373013 1.330760 1.307133 1.304293 1.281898 1.237776 1.212510 1.174043 1.146194 1.111027 1.059409 1.015015 0.9726924 0.9742313 0.9376142 0.9349552 0.9769235 0.9810144 0.9829794 0.9890591 0.9585553 1.007215 1.012353
1.293306 1.312392 1.331952 1.350964 1.364711 1.387328 1.406606 1.420716 1.431591 1.443743 1.450821 1.457344 1.478419 1.490028 1.496489 1.492918 1.503380 1.504964 1.506883 1.510411 1.496442 1.492043 1.486937 1.493873 1.493002 1.488406 1.480499 1.472402 1.461576 1.433013 1.418655 1.426913 1.415683 1.398048 1.377396 1.334101 1.311622 1.314272 1.292025 1.265854 1.237067 1.180261 1.142117 1.132087 1.058668 1.045368 1.033261 1.023101 1.017956 1.017156 1.019500 1.019449 1.021556 0.9868116 1.029867 0.9929252
1.312570 1.331239 1.352241 1.370518 1.382174 1.401961 1.417892 1.435065 1.450595 1.463280 1.474564 1.479514 1.491799 1.499822 1.506173 1.503958 1.512413 1.515844 1.517037 1.516945 1.513608 1.511983 1.511488 1.513669 1.509472 1.508236 1.502634 1.497679 1.485675 1.476228 1.444790 1.430399 1.435636 1.424663 1.406592 1.388974 1.347355 1.322431 1.323219 1.300347 1.272032 1.241006 1.204187 1.169993 1.137967 1.100937 1.088620 1.079867 1.058491 1.061006 1.058045 1.053232 1.052379 1.013202 1.014857 1.017031
1.332287 1.351627 1.371816 1.390522 1.408286 1.426659 1.443655 1.452574 1.466693 1.481357 1.494563 1.509523 1.509823 1.517091 1.531970 1.535938 1.540638 1.545018 1.545755 1.544018 1.536267 1.544276 1.524487 1.519033 1.526397 1.528704 1.521687 1.513891 1.508612 1.502288 1.491050 1.458205 1.451967 1.455693 1.438441 1.420918 1.403874 1.354365 1.332811 1.334218 1.307647 1.280918 1.248074 1.213958 1.170076 1.150683 1.128973 1.125068 1.098252 1.098845 1.092986 1.083419 1.076844 1.036007 1.038122 1.040335
1.355514 1.374342 1.395332 1.412365 1.427783 1.442754 1.460778 1.474641 1.488952 1.500842 1.516773 1.530282 1.528899 1.536061 1.553568 1.559031 1.563039 1.566898 1.565081 1.567352 1.556618 1.557037 1.551074 1.546956 1.562804 1.557552 1.552014 1.548830 1.537387 1.529367 1.515828 1.505318 1.475761 1.461483 1.475874 1.454723 1.433716 1.410683 1.364710 1.340808 1.349125 1.328133 1.297009 1.261371 1.233798 1.193425 1.168097 1.167440 1.150937 1.132905 1.122967 1.112376 1.066233 1.061993 1.100950 1.060723
1.382024 1.400248 1.418931 1.434246 1.449217 1.464364 1.477983 1.498995 1.512771 1.521629 1.536239 1.550102 1.560132 1.558453 1.566478 1.583170 1.586900 1.589356 1.587808 1.579015 1.579528 1.591583 1.588051 1.571704 1.561758 1.571959 1.564920 1.576734 1.568975 1.563349 1.547022 1.534856 1.525410 1.495990 1.487411 1.493280 1.473583 1.453007 1.427629 1.384719 1.401541 1.378249 1.351322 1.322205 1.276615 1.246599 1.217742 1.204094 1.186861 1.167982 1.154725 1.105406 1.093668 1.126013 1.124390 1.121816
1.407272 1.425872 1.442629 1.457771 1.473611 1.489022 1.502144 1.520106 1.534119 1.545580 1.557485 1.571154 1.582847 1.591071 1.587067 1.589437 1.606809 1.609728 1.599171 1.603231 1.616251 1.616436 1.612355 1.611759 1.595260 1.614744 1.592900 1.581435 1.581561 1.589389 1.576586 1.567131 1.535894 1.526332 1.514985 1.500226 1.509934 1.492029 1.474554 1.434237 1.418813 1.423931 1.402602 1.382553 1.341787 1.301053 1.269279 1.243075 1.221561 1.202438 1.149787 1.134001 1.156657 1.150567 1.147319 1.143207
1.433831 1.453183 1.471240 1.482309 1.499190 1.516135 1.533561 1.541184 1.562523 1.576484 1.582163 1.596573 1.606823 1.615977 1.619258 1.607177 1.614747 1.625509 1.624374 1.637912 1.641724 1.646257 1.635514 1.625679 1.625560 1.622216 1.629374 1.628296 1.606303 1.610897 1.592834 1.582126 1.574646 1.583514 1.566457 1.535845 1.528143 1.534600 1.519776 1.511866 1.468351 1.445715 1.462482 1.426446 1.385073 1.344811 1.307797 1.274535 1.252148 1.198607 1.178297 1.196197 1.183523 1.175833 1.169310 1.164168
1.465378 1.483168 1.497993 1.509132 1.525154 1.548684 1.556947 1.568451 1.588417 1.603584 1.618538 1.623009 1.630787 1.637929 1.644119 1.649000 1.642829 1.647472 1.660761 1.663430 1.667445 1.662882 1.667785 1.652921 1.666755 1.650213 1.643855 1.656413 1.630229 1.627634 1.625587 1.636503 1.638694 1.632147 1.605584 1.600298 1.567284 1.553794 1.574620 1.566146 1.550834 1.503510 1.484897 1.468108 1.426881 1.383799 1.343675 1.279227 1.252997 1.228759 1.205696 1.188128 1.209203 1.197742 1.188690 1.182464
1.501797 1.518544 1.530769 1.544972 1.561613 1.576433 1.589012 1.599593 1.614745 1.626330 1.638953 1.645177 1.654582 1.657545 1.669232 1.665936 1.670544 1.675456 1.691644 1.690065 1.677439 1.677927 1.680594 1.679211 1.694407 1.676203 1.672521 1.667028 1.667040 1.678283 1.656721 1.643278 1.661764 1.662388 1.655741 1.653255 1.637285 1.602705 1.624724 1.614169 1.603878 1.605261 1.533104 1.469327 1.462186 1.425255 1.351197 1.319360 1.326611 1.295775 1.268817 1.221711 1.232548 1.219087 1.208666 1.197042
1.527283 1.546835 1.557939 1.576214 1.590253 1.606264 1.622604 1.634127 1.642023 1.646545 1.663677 1.671700 1.681259 1.690236 1.684954 1.690639 1.710851 1.704690 1.702942 1.710734 1.699856 1.703442 1.716730 1.716402 1.722843 1.718829 1.722825 1.706741 1.716634 1.715067 1.714351 1.690529 1.678716 1.699244 1.685037 1.678726 1.682717 1.651848 1.642970 1.659940 1.657796 1.650875 1.596902 1.520797 1.456817 1.428215 1.387983 1.383749 1.357791 1.326181 1.304281 1.250350 1.222686 1.241750 1.233870 1.218739
1.558369 1.576959 1.589764 1.609034 1.615987 1.631755 1.649504 1.661919 1.668175 1.671013 1.681627 1.699236 1.710908 1.702594 1.707015 1.727996 1.734181 1.737800 1.728100 1.725619 1.731776 1.752949 1.749041 1.745314 1.752219 1.749867 1.757160 1.737284 1.731379 1.752940 1.751305 1.744805 1.719553 1.705993 1.697054 1.700068 1.730471 1.732851 1.696958 1.689281 1.731015 1.703120 1.636181 1.591664 1.510892 1.444167 1.453113 1.417429 1.385459 1.356001 1.330632 1.309554 1.250348 1.234219 1.258386 1.243986
1.599901 1.617192 1.624111 1.637626 1.649547 1.667778 1.679979 1.692225 1.699409 1.708326 1.713473 1.727402 1.729115 1.732263 1.745195 1.756339 1.761548 1.764755 1.769882 1.758995 1.759339 1.779832 1.773099 1.777241 1.785238 1.788127 1.790395 1.786798 1.762352 1.788753 1.785402 1.785787 1.781734 1.753152 1.748189 1.770277 1.775456 1.783305 1.782822 1.745294 1.743093 1.723087 1.673347 1.596704 1.545862 1.503467 1.435713 1.454610 1.421654 1.389288 1.357182 1.338395 1.317124 1.263919 1.247291 1.266857
1.632350 1.652705 1.666256 1.678949 1.683562 1.693257 1.711628 1.723180 1.726594 1.732487 1.740726 1.748911 1.758243 1.774011 1.779472 1.782720 1.784690 1.791527 1.798618 1.800469 1.785502 1.785820 1.800559 1.810424 1.817742 1.821083 1.816969 1.816903 1.799068 1.803236 1.823091 1.824342 1.824050 1.826737 1.792672 1.789498 1.813966 1.818847 1.829831 1.856703 1.794917 1.725191 1.675768 1.635262 1.612809 1.570044 1.497411 1.498685 1.459885 1.424819 1.389340 1.367299 1.349698 1.328632 1.275758 1.258340
