LUCAS_GEMMES_COP27/includes/subsidence/Scenario_B2/tmp/TOT_SUBSIDENCE_2100_SINCE_2018_MKD_ONLY.ASC
NCOLS                318
NROWS                364
XLLCORNER      400000.00
YLLCORNER      907000.00
CELLSIZE         1000.00
NODATA_VALUE    0.3402823E+39
[rows 125 to 149 of 364, columns 112 to 167 of 318]
0.1949710 0.1929470 0.1943705 0.1958911 0.1978451 0.2002004 0.2046194 0.2085253 0.2137250 0.2194820 0.2267241 0.2344422 0.2428400 0.2529776 0.2630858 0.2728499 0.2846332 0.2961246 0.3064343 0.3190112 0.3362069 0.3470517 0.3633019 0.3775213 0.3924683 0.4103199 0.4268403 0.4395217 0.4559745 0.4727983 0.4925909 0.5075755 0.5171986 0.5322896 0.5382997 0.5480669 0.5558401 0.5617486 0.5560723 0.5597621 0.5707319 0.5722760 0.5762172 0.5752350 0.5659139 0.5648211 0.5574343 0.5610697 0.5597000 0.5615329 0.5643511 0.5648938 0.5630783 0.5643083 0.5626396 0.5602536
0.2006869 0.2023186 0.2031382 0.2047653 0.2070395 0.2098568 0.2139636 0.2178227 0.2241019 0.2325667 0.2404648 0.2490001 0.2573279 0.2668056 0.2783984 0.2872484 0.2998884 0.3117940 0.3236253 0.3363406 0.3501675 0.3658124 0.3838096 0.3980258 0.4141276 0.4311459 0.4492495 0.4658778 0.4752384 0.4955752 0.5157732 0.5331224 0.5466299 0.5599712 0.5686383 0.5744779 0.5772783 0.5822532 0.5857848 0.5814410 0.5965017 0.5968200 0.5967263 0.5979493 0.5927637 0.5892740 0.5826735 0.5831022 0.5765828 0.5769997 0.5825099 0.5825086 0.5804775 0.5796056 0.5758348 0.5694669
0.2119393 0.2117826 0.2126523 0.2143835 0.2163963 0.2201566 0.2255775 0.2314493 0.2374282 0.2453367 0.2552908 0.2643199 0.2731020 0.2820001 0.2936753 0.3025478 0.3152493 0.3293814 0.3422751 0.3559608 0.3778936 0.3879103 0.4037444 0.4186834 0.4263963 0.4436730 0.4697976 0.4918281 0.5089599 0.5194698 0.5384185 0.5570022 0.5715970 0.5883465 0.5889902 0.6045784 0.6115977 0.6155843 0.6133088 0.6192068 0.6199834 0.6224231 0.6297734 0.6297822 0.6259226 0.6180824 0.6107801 0.6075611 0.5996894 0.6025518 0.6074058 0.6028882 0.5997988 0.5991459 0.5955639 0.5848843
0.2223898 0.2222688 0.2230128 0.2247523 0.2269142 0.2320182 0.2377596 0.2450678 0.2531058 0.2616687 0.2710095 0.2802545 0.2907282 0.3012111 0.3121688 0.3242219 0.3361451 0.3485864 0.3616114 0.3750659 0.3902863 0.4039186 0.4216173 0.4412183 0.4555252 0.4747131 0.4967977 0.5177515 0.5338062 0.5549554 0.5628039 0.5768014 0.5930932 0.6101993 0.6167975 0.6325139 0.6416080 0.6472048 0.6456185 0.6522731 0.6575195 0.6515549 0.6701272 0.6691808 0.6622028 0.6530635 0.6451836 0.6401031 0.6289270 0.6346775 0.6349567 0.6274139 0.6229572 0.6196610 0.6151512 0.6049400
0.2340444 0.2335931 0.2340513 0.2357044 0.2380438 0.2440966 0.2510292 0.2593848 0.2683633 0.2761844 0.2852824 0.2982877 0.3115819 0.3221569 0.3316709 0.3437873 0.3559475 0.3684151 0.3818321 0.3968632 0.4143675 0.4314443 0.4421875 0.4682216 0.4820508 0.5023029 0.5220293 0.5419921 0.5591341 0.5765000 0.5949388 0.6082114 0.6199904 0.6350271 0.6485839 0.6589186 0.6662556 0.6765132 0.6862214 0.6929179 0.7003380 0.7063864 0.6939168 0.7057724 0.7014732 0.6915994 0.6835567 0.6780586 0.6696805 0.6676854 0.6611720 0.6548724 0.6505364 0.6420054 0.6404062 0.6341056
0.2472212 0.2458628 0.2456200 0.2470313 0.2495688 0.2566123 0.2648816 0.2744920 0.2831813 0.2931060 0.3050613 0.3187140 0.3333055 0.3453383 0.3553121 0.3639831 0.3755437 0.3914719 0.4032990 0.4152162 0.4341789 0.4551365 0.4670804 0.4891658 0.5057089 0.5275722 0.5483139 0.5673937 0.5853683 0.6024497 0.6216781 0.6360313 0.6508934 0.6604210 0.6743706 0.6852164 0.6994877 0.7094370 0.7226827 0.7356716 0.7418677 0.7445928 0.7401260 0.7249318 0.7437041 0.7351524 0.7084302 0.7172766 0.7085574 0.6986025 0.6870568 0.6731023 0.6730579 0.6664104 0.6607731 0.6543729
0.2623039 0.2590026 0.2575063 0.2584689 0.2608913 0.2684272 0.2769052 0.2871336 0.3032888 0.3167963 0.3302678 0.3417965 0.3560660 0.3683476 0.3821100 0.3869283 0.4008292 0.4175812 0.4276064 0.4372100 0.4591822 0.4782757 0.4952470 0.5131210 0.5297369 0.5502254 0.5722894 0.5877091 0.6109462 0.6280996 0.6420863 0.6593739 0.6697580 0.6824270 0.6975141 0.7134413 0.7262806 0.7392311 0.7555296 0.7627764 0.7724646 0.7775854 0.7737832 0.7712600 0.7605948 0.7599169 0.7670096 0.7577062 0.7489479 0.7361306 0.7212626 0.7088501 0.7012936 0.6917894 0.6828090 0.6740158
0.2773814 0.2722821 0.2695733 0.2677561 0.2708831 0.2784927 0.2926782 0.3039177 0.3238195 0.3392232 0.3542410 0.3653340 0.3800621 0.3923160 0.4039149 0.4108284 0.4178224 0.4342466 0.4446891 0.4630308 0.4835441 0.4980838 0.5158957 0.5371326 0.5566838 0.5721065 0.5893121 0.6099582 0.6355462 0.6499684 0.6582139 0.6713698 0.6846925 0.7028879 0.7213759 0.7387492 0.7551979 0.7703747 0.7804067 0.7907678 0.8047851 0.8136487 0.8047465 0.7953956 0.7901249 0.7930201 0.7875268 0.7815456 0.7817962 0.7643682 0.7529777 0.7422588 0.7287834 0.7170404 0.7059245 0.6953439
0.2893202 0.2836538 0.2807263 0.2766980 0.2789186 0.2791806 0.3034586 0.3305473 0.3477993 0.3610113 0.3791627 0.3912391 0.4060172 0.4175199 0.4321716 0.4372024 0.4462131 0.4600854 0.4694901 0.4881424 0.5065320 0.5159826 0.5341722 0.5585570 0.5798375 0.5958533 0.6156284 0.6414064 0.6599771 0.6692247 0.6781818 0.6898777 0.7063622 0.7239519 0.7434658 0.7571097 0.7816091 0.7923332 0.8027025 0.8181561 0.8239474 0.8305240 0.8321323 0.8189614 0.8252378 0.8132025 0.8082981 0.8112211 0.7967549 0.7920610 0.7831635 0.7629294 0.7543722 0.7421550 0.7293901 0.7162251
0.3042609 0.2964686 0.2906353 0.2842846 3.4028235E+38 3.4028235E+38 3.4028235E+38 0.3472309 0.3741415 0.3805065 0.4078549 0.4193284 0.4329470 0.4435141 0.4564313 0.4677204 0.4785220 0.4880225 0.4972503 0.5118716 0.5232137 0.5366597 0.5659148 0.5847155 0.6011241 0.6198390 0.6364908 0.6642573 0.6768563 0.6906233 0.7080103 0.7206201 0.7337030 0.7522460 0.7678341 0.7784314 0.7932231 0.8072151 0.8245058 0.8339199 0.8330138 0.8392619 0.8402398 0.8562729 0.8555166 0.8456025 0.8300002 0.8364853 0.8279605 0.8152263 0.8119802 0.7892179 0.7731438 0.7579075 0.7394108 0.7343398
0.3218255 0.3120601 0.3047694 3.4028235E+38 3.4028235E+38 3.4028235E+38 3.4028235E+38 0.3814854 0.4056244 3.4028235E+38 0.4283590 0.4507686 0.4617025 0.4705799 0.4825554 0.4819624 0.4994172 0.5064448 0.5206072 0.5384811 0.5460496 0.5594937 0.5848015 0.6035065 0.6237687 0.6411853 0.6548387 0.6736609 0.6911116 0.7102272 0.7252454 0.7397704 0.7540398 0.7705402 0.7844195 0.7945871 0.8078966 0.8259252 0.8391385 0.8476236 0.8489683 0.8478549 0.8591563 0.8704115 0.8704755 0.8615313 0.8629034 0.8538921 0.8541735 0.8431361 0.8234738 0.8146065 0.8038514 0.7854967 0.7650819 0.7559351
0.3446823 0.3226869 0.3123704 3.4028235E+38 3.4028235E+38 3.4028235E+38 3.4028235E+38 3.4028235E+38 0.4343694 3.4028235E+38 0.4646757 0.4803801 0.4864568 0.4953289 0.5036309 0.5012709 0.5085583 0.5244436 0.5462867 0.5609978 0.5704124 0.5855355 0.6059713 0.6234205 0.6415839 0.6591295 0.6703216 0.6882841 0.7111216 0.7242810 0.7367776 0.7517275 0.7673243 0.7830807 0.7929063 0.8068090 0.8217811 0.8366500 0.8513824 0.8623886 0.8687504 0.8728470 0.8759196 0.8843058 0.8894015 0.8857563 0.8839741 0.8897928 0.8741671 0.8681654 0.8441368 0.8266562 0.8238510 0.8050526 0.7886920 0.7746533
0.3865986 3.4028235E+38 3.4028235E+38 3.4028235E+38 3.4028235E+38 3.4028235E+38 3.4028235E+38 0.5197169 0.4931417 0.4987802 0.5016158 0.5128726 0.5167351 0.5257596 0.5301458 0.5261954 0.5343671 0.5482171 0.5688151 0.5830392 0.5968406 0.6065789 0.6267518 0.6408099 0.6568264 0.6673977 0.6842360 0.7003822 0.7158884 0.7361547 0.7502865 0.7654526 0.7816015 0.7914116 0.8049272 0.8247076 0.8404493 0.8476241 0.8633870 0.8732874 0.8775752 0.8860345 0.8882705 0.8958191 0.9009655 0.9030222 0.9022718 0.9021007 0.9012253 0.8853975 0.8687689 0.8457829 0.8321819 0.8214789 0.8065162 0.7909146
0.4292430 0.4124177 0.4167435 3.4028235E+38 3.4028235E+38 3.4028235E+38 0.5491312 0.5402309 0.5331933 0.5355099 0.5381396 0.5380915 0.5423827 0.5496225 0.5556414 0.5611905 0.5652357 0.5753974 0.5866750 0.5998216 0.6165550 0.6242343 0.6391830 0.6582589 0.6715693 0.6852640 0.7060411 0.7203767 0.7285204 0.7491149 0.7638284 0.7798806 0.7882872 0.8022372 0.8176219 0.8385932 0.8517414 0.8580298 0.8662986 0.8760701 0.8838673 0.8969278 0.9020249 0.9054853 0.9064283 0.9119114 0.9124113 0.9103794 0.9097672 0.9029884 0.8720808 0.8663925 0.8480641 0.8302439 0.8206069 0.8051589
0.4528772 0.4242434 3.4028235E+38 3.4028235E+38 3.4028235E+38 0.5622986 0.5599364 0.5573927 0.5511441 0.5497959 0.5586897 0.5608763 0.5665396 0.5719256 0.5775254 0.5790975 0.5885283 0.6018346 0.6120849 0.6177003 0.6337302 0.6456378 0.6540451 0.6667064 0.6811672 0.6972328 0.7173173 0.7298700 0.7365817 0.7507085 0.7697365 0.7856416 0.7951407 0.8173037 0.8275989 0.8469362 0.8592678 0.8688591 0.8725914 0.8813189 0.8934203 0.8979434 0.9062731 0.9104224 0.9112635 0.9163376 0.9175370 0.9148268 0.9169060 0.9116050 0.9046429 0.8813128 0.8614963 0.8432587 0.8266836 0.8158680
0.4798730 0.5021865 0.5324715 0.5360004 0.5599030 0.5628502 0.5724477 0.5644224 0.5653141 0.5712377 0.5761135 0.5811404 0.5856799 0.5905160 0.5907494 0.5986373 0.6115948 0.6213777 0.6308900 0.6346952 0.6441342 0.6613855 0.6719058 0.6781524 0.6934602 0.7135931 0.7263813 0.7388743 0.7493550 0.7561463 0.7746934 0.7850348 0.8038009 0.8255621 0.8342971 0.8478203 0.8636260 0.8736364 0.8777978 0.8873813 0.9002843 0.9038904 0.9133824 0.9170219 0.9154805 0.9219403 0.9223197 0.9205974 0.9221231 0.9170563 0.9083999 0.8955007 0.8709469 0.8537535 0.8369483 0.8215314
0.5063581 0.5225131 0.5411696 0.5562848 0.5684371 0.5745205 0.5755330 0.5777752 0.5847715 0.5880609 0.5919688 0.5985631 0.6034349 0.6042193 0.6103471 0.6143658 0.6222402 0.6375953 0.6482400 0.6566494 0.6581548 0.6691528 0.6781882 0.6896212 0.7025414 0.7219375 0.7343702 0.7459763 0.7554156 0.7596596 0.7744353 0.7941405 0.8113700 0.8315130 0.8432852 0.8522568 0.8674656 0.8732773 0.8826942 0.8917166 0.9015136 0.9074223 0.9183559 0.9216097 0.9193360 0.9231932 0.9254313 0.9257766 0.9240958 0.9185843 0.9112709 0.8967906 0.8814243 0.8607323 0.8443371 0.8282865
0.5251745 0.5385233 0.5535055 0.5667820 0.5765994 0.5842270 0.5848917 0.5945569 0.5981300 0.6025859 0.6086347 0.6155869 0.6200101 0.6215632 0.6276488 0.6365872 0.6377565 0.6528565 0.6616904 0.6702268 0.6772065 0.6823672 0.6915798 0.7068292 0.7106605 0.7225822 0.7399908 0.7507235 0.7584366 0.7646366 0.7846434 0.8083982 0.8183339 0.8373860 0.8497325 0.8577495 0.8685648 0.8779464 0.8898800 0.8958653 0.9039727 0.9128146 0.9183050 0.9224086 0.9229840 0.9278219 0.9319693 0.9292417 0.9246876 0.9205381 0.9131065 0.9049052 0.8858619 0.8633269 0.8484223 0.8353956
0.5428647 0.5554818 0.5678132 0.5776567 0.5872954 0.5895152 0.5957603 0.6062458 0.6104279 0.6165653 0.6263635 0.6316379 0.6275973 0.6339005 0.6404639 0.6453585 0.6515489 0.6589628 0.6727555 0.6803686 0.6813133 0.6900796 0.6990343 0.7145440 0.7234591 0.7263726 0.7429363 0.7511522 0.7569104 0.7760028 0.7998227 0.8156859 0.8244526 0.8381095 0.8549590 0.8625886 0.8736264 0.8856334 0.8938141 0.9003310 0.9100512 0.9174114 0.9182300 0.9234849 0.9283583 0.9310820 0.9342673 0.9312088 0.9281295 0.9224053 0.9158616 0.9015777 0.8844283 0.8703651 0.8531963 0.8410745
0.5590914 0.5714464 0.5800885 0.5881101 0.5927404 0.6021831 0.6162027 0.6205313 0.6252655 0.6308440 0.6370404 0.6357260 0.6391668 0.6519251 0.6582898 0.6579608 0.6636484 0.6708170 0.6765421 0.6836621 0.6905304 0.7049214 0.7055249 0.7133676 0.7277312 0.7292490 0.7363638 0.7489573 0.7685863 0.7926484 0.8084400 0.8215455 0.8341461 0.8423927 0.8589735 0.8668424 0.8777844 0.8903726 0.8958051 0.9047917 0.9121715 0.9168350 0.9220171 0.9291515 0.9299636 0.9328746 0.9346204 0.9325701 0.9291502 0.9211689 0.9118204 0.8997059 0.8834093 0.8685786 0.8602237 0.8470554
0.5738884 0.5822505 0.5904360 0.5940294 0.6049089 0.6201770 0.6297470 0.6335164 0.6389241 0.6437499 0.6486550 0.6470933 0.6582171 0.6642658 0.6699231 0.6757615 0.6746567 0.6807156 0.6862665 0.6923245 0.7049876 0.7115662 0.7180014 0.7161356 0.7226366 0.7359049 0.7407861 0.7610153 0.7780296 0.8007947 0.8161498 0.8278601 0.8398591 0.8470024 0.8592494 0.8719660 0.8834815 0.8962981 0.9013402 0.9104566 0.9138590 0.9196906 0.9284844 0.9334626 0.9329960 0.9355841 0.9354575 0.9330003 0.9281645 0.9213299 0.9132016 0.9002413 0.8857191 0.8720496 0.8620270 0.8540069
0.5870416 0.5947329 0.6031690 0.6076752 0.6220498 0.6309096 0.6385089 0.6447307 0.6505744 0.6552874 0.6533551 0.6575327 0.6633177 0.6764191 0.6819652 0.6873276 0.6932157 0.6904490 0.6950301 0.7011316 0.7054861 0.7179615 0.7220985 0.7269071 0.7229730 0.7345948 0.7543728 0.7772536 0.7869474 0.8024535 0.8233262 0.8353686 0.8484269 0.8549186 0.8663526 0.8836567 0.8904834 0.9001572 0.9080130 0.9158192 0.9188964 0.9248016 0.9305210 0.9334195 0.9361867 0.9375939 0.9356426 0.9336611 0.9303207 0.9243760 0.9152923 0.9017404 0.8846192 0.8667675 0.8614146 0.8562495
0.5981109 0.6074270 0.6090826 0.6180078 0.6320111 0.6404713 0.6480483 0.6561164 0.6587758 0.6575178 0.6621460 0.6730024 0.6736045 0.6792711 0.6907868 0.6964703 0.7017712 0.6980535 0.7094750 0.7063289 0.7091461 0.7122873 0.7229698 0.7257673 0.7295341 0.7491859 0.7642614 0.7862825 0.8005294 0.8093338 0.8306261 0.8378417 0.8503748 0.8633573 0.8751729 0.8893597 0.8950830 0.9036423 0.9153012 0.9197242 0.9239342 0.9314557 0.9366239 0.9375585 0.9409319 0.9402832 0.9399789 0.9377930 0.9325070 0.9258637 0.9172926 0.9041094 0.8859476 0.8650222 0.8533890 0.8571708
0.6126477 0.6138448 0.6194956 0.6330771 0.6456827 0.6546351 0.6592970 0.6668108 0.6659505 0.6676762 0.6791792 0.6844684 0.6906480 0.6884770 0.6923954 0.7053993 0.7020313 0.7055213 0.7165414 0.7193636 0.7126555 0.7147066 0.7150236 0.7243341 0.7451999 0.7667962 0.7739277 0.7897144 0.8104701 0.8201427 0.8336076 0.8457493 0.8612344 0.8690777 0.8813356 0.8953633 0.9016167 0.9101198 0.9201474 0.9241978 0.9311624 0.9365925 0.9406257 0.9417139 0.9426290 0.9432656 0.9450024 0.9414532 0.9360623 0.9285709 0.9193739 0.9075877 0.8894928 0.8719586 0.8558992 0.8578899
0.6169034 0.6254491 0.6341904 0.6338017 0.6520718 0.6668975 0.6724386 0.6761349 0.6748983 0.6835972 0.6877162 0.6938345 0.7005063 0.7048023 0.7002857 0.7054006 0.7091614 0.7194922 0.7226341 0.7238560 0.7167787 0.7146707 0.7221979 0.7405187 0.7624008 0.7782682 0.7906201 0.7995679 0.8139303 0.8276667 0.8415076 0.8581371 0.8687459 0.8798028 0.8879042 0.8984603 0.9074342 0.9154165 0.9225628 0.9305122 0.9381132 0.9420882 0.9436131 0.9458119 0.9484842 0.9492707 0.9492373 0.9440039 0.9391314 0.9333924 0.9244169 0.9126980 0.8952718 0.8751225 0.8515314 0.8571773
