LUCAS_GEMMES_COP27/includes/subsidence/Scenario_B2/tmp/TOT_SUBSIDENCE_2090_SINCE_2018_MKD_ONLY.ASC
NCOLS                318
NROWS                364
XLLCORNER      400000.00
YLLCORNER      907000.00
CELLSIZE         1000.00
NODATA_VALUE    0.3402823E+39
[rows 120 to 143 of 364, columns 112 to 167 of 318]
0.1448303 0.1458361 0.1473399 0.1496117 0.1521389 0.1545639 0.1564386 0.1569044 0.1576679 0.1574290 0.1577626 0.1631625 0.1669662 0.1715533 0.1777131 0.1840945 0.1921470 0.2011423 0.2110690 0.2210676 0.2309308 0.2399921 0.2513240 0.2625462 0.2736388 0.2847306 0.2962847 0.3053475 0.3175492 0.3300304 0.3419386 0.3536415 0.3634006 0.3751538 0.3779610 0.3876028 0.3951746 0.4066846 0.4186440 0.4249829 0.4280313 0.4283780 0.4345035 0.4363947 0.4355929 0.4354332 0.4348218 0.4357015 0.4377413 0.4410329 0.4432426 0.4468632 0.4506691 0.4490269 0.4416162 0.4390854
0.1495667 0.1498475 0.1510640 0.1526179 0.1543193 0.1560193 0.1573752 0.1590410 0.1593589 0.1632478 0.1666136 0.1703214 0.1747992 0.1806521 0.1865716 0.1942921 0.2030146 0.2126712 0.2226444 0.2327701 0.2438647 0.2515517 0.2619051 0.2745357 0.2860413 0.2980048 0.3079001 0.3192760 0.3318334 0.3455951 0.3583063 0.3685881 0.3770344 0.3898962 0.3979002 0.3997546 0.4064120 0.4158369 0.4317742 0.4358668 0.4387063 0.4409492 0.4431214 0.4419760 0.4415474 0.4432619 0.4442056 0.4459423 0.4476082 0.4488427 0.4517488 0.4523546 0.4515541 0.4487647 0.4476839 0.4471394
0.1547854 0.1545124 0.1554639 0.1564668 0.1577275 0.1591508 0.1597019 0.1608493 0.1662073 0.1697359 0.1737540 0.1782457 0.1829716 0.1891012 0.1966917 0.2056746 0.2144971 0.2233601 0.2330638 0.2442952 0.2549031 0.2642780 0.2746414 0.2871235 0.2994052 0.3117030 0.3227979 0.3345569 0.3465711 0.3581427 0.3722652 0.3853477 0.3968220 0.4060019 0.4130697 0.4141421 0.4311581 0.4321680 0.4443064 0.4483811 0.4507674 0.4531328 0.4548545 0.4527569 0.4469776 0.4490943 0.4537950 0.4586981 0.4599850 0.4586288 0.4599105 0.4611944 0.4597789 0.4578636 0.4549243 0.4553967
0.1608157 0.1600359 0.1602925 0.1614400 0.1615336 0.1617139 0.1664285 0.1699409 0.1730157 0.1768445 0.1815251 0.1865847 0.1929011 0.1997961 0.2083815 0.2169864 0.2259422 0.2349414 0.2450755 0.2565574 0.2670068 0.2782640 0.2883282 0.3014850 0.3132741 0.3257202 0.3387756 0.3512622 0.3642236 0.3749994 0.3871100 0.4053627 0.4161252 0.4212898 0.4287712 0.4371459 0.4438859 0.4600536 0.4619615 0.4698494 0.4704775 0.4647481 0.4656125 0.4657285 0.4622892 0.4572953 0.4657605 0.4705169 0.4692084 0.4684724 0.4693689 0.4702536 0.4686431 0.4685948 0.4686025 0.4680277
0.1665811 0.1667537 0.1654313 0.1650482 0.1679083 0.1701620 0.1728562 0.1766217 0.1812954 0.1855496 0.1902444 0.1965553 0.2029136 0.2119768 0.2202664 0.2284693 0.2373224 0.2480290 0.2584649 0.2682078 0.2795247 0.2914480 0.3027906 0.3156365 0.3270927 0.3411030 0.3563896 0.3675858 0.3844079 0.3947589 0.4074982 0.4247513 0.4294640 0.4411632 0.4516628 0.4586453 0.4647421 0.4782292 0.4708284 0.4803167 0.4884070 0.4819215 0.4860072 0.4833758 0.4784048 0.4769419 0.4802852 0.4793224 0.4791436 0.4791189 0.4797340 0.4807548 0.4803056 0.4797103 0.4802393 0.4792052
0.1727683 0.1710005 0.1722739 0.1735889 0.1752624 0.1772995 0.1811555 0.1845345 0.1890148 0.1939589 0.2002413 0.2069208 0.2141745 0.2229317 0.2316628 0.2401095 0.2502686 0.2602489 0.2692206 0.2801168 0.2949459 0.3044215 0.3184553 0.3308114 0.3437968 0.3592923 0.3736311 0.3847430 0.3990508 0.4136749 0.4308245 0.4438697 0.4523766 0.4655365 0.4708625 0.4794521 0.4862620 0.4915673 0.4868851 0.4902530 0.4998603 0.5013596 0.5049236 0.5041959 0.4962716 0.4953199 0.4888361 0.4918843 0.4905536 0.4919504 0.4941927 0.4944267 0.4925981 0.4934613 0.4918364 0.4895297
0.1775565 0.1790350 0.1797717 0.1811897 0.1831313 0.1856018 0.1891916 0.1925289 0.1979424 0.2052419 0.2119805 0.2193631 0.2265841 0.2348044 0.2448082 0.2524727 0.2633864 0.2736818 0.2839279 0.2949459 0.3069438 0.3204885 0.3360659 0.3483787 0.3623568 0.3771173 0.3928424 0.4073400 0.4155992 0.4332014 0.4507269 0.4657949 0.4775636 0.4892048 0.4968587 0.5020605 0.5046611 0.5090977 0.5123065 0.5087922 0.5219014 0.5223432 0.5224159 0.5236027 0.5191394 0.5160893 0.5103176 0.5106036 0.5048206 0.5049993 0.5095080 0.5093011 0.5073029 0.5063566 0.5029232 0.4972651
0.1872181 0.1871133 0.1878912 0.1894039 0.1911539 0.1944085 0.1990969 0.2041529 0.2093431 0.2161604 0.2246827 0.2324402 0.2400776 0.2477873 0.2578564 0.2655440 0.2765060 0.2887050 0.2998615 0.3117253 0.3309443 0.3393230 0.3530591 0.3660496 0.3728659 0.3878407 0.4104655 0.4295472 0.4444540 0.4536578 0.4701138 0.4862804 0.4989735 0.5135488 0.5142645 0.5277772 0.5340217 0.5376128 0.5358319 0.5410691 0.5419390 0.5441880 0.5506614 0.5506741 0.5473287 0.5405370 0.5341662 0.5313158 0.5244060 0.5266622 0.5306392 0.5265055 0.5236556 0.5229036 0.5196076 0.5102922
0.1961238 0.1960531 0.1967257 0.1982507 0.2001363 0.2045237 0.2094879 0.2157738 0.2226878 0.2300754 0.2381234 0.2460703 0.2551093 0.2641804 0.2736372 0.2840315 0.2943322 0.3050910 0.3163614 0.3280199 0.3412135 0.3530443 0.3683706 0.3853210 0.3977888 0.4144245 0.4335456 0.4517316 0.4657119 0.4840633 0.4909703 0.5031798 0.5173552 0.5321999 0.5380360 0.5516909 0.5596796 0.5646510 0.5634494 0.5693164 0.5739725 0.5692191 0.5849847 0.5841531 0.5781253 0.5702208 0.5634282 0.5590037 0.5492083 0.5539099 0.5539924 0.5472877 0.5432349 0.5402308 0.5361894 0.5272755
0.2060435 0.2056985 0.2061303 0.2075840 0.2096164 0.2148284 0.2208110 0.2279790 0.2357092 0.2424723 0.2503063 0.2614641 0.2728757 0.2820299 0.2902485 0.3006996 0.3112062 0.3219905 0.3335986 0.3466045 0.3617128 0.3765260 0.3859296 0.4083605 0.4204311 0.4379897 0.4551135 0.4724489 0.4873455 0.5024341 0.5184585 0.5300509 0.5403457 0.5534236 0.5652097 0.5742798 0.5807313 0.5896916 0.5981729 0.6040580 0.6106038 0.6159260 0.6051523 0.6152017 0.6114472 0.6029356 0.5959800 0.5911884 0.5838546 0.5819879 0.5761982 0.5705881 0.5666655 0.5591406 0.5576463 0.5520744
0.2172422 0.2161334 0.2159753 0.2172187 0.2194178 0.2255100 0.2326024 0.2408556 0.2483542 0.2568778 0.2671434 0.2788664 0.2913666 0.3017261 0.3103698 0.3178894 0.3278891 0.3416254 0.3518855 0.3622445 0.3786271 0.3967029 0.4071613 0.4262700 0.4406110 0.4595515 0.4775912 0.4941739 0.5097905 0.5246041 0.5413364 0.5538541 0.5667968 0.5751275 0.5872984 0.5967600 0.6091717 0.6178579 0.6293645 0.6407005 0.6460369 0.6483949 0.6445007 0.6314418 0.6473989 0.6400151 0.6171028 0.6245359 0.6169664 0.6082313 0.5981252 0.5859714 0.5857361 0.5798661 0.5748438 0.5692207
0.2300358 0.2272869 0.2260709 0.2269421 0.2290452 0.2355906 0.2428797 0.2516403 0.2654438 0.2769941 0.2885440 0.2984535 0.3107122 0.3212829 0.3331458 0.3374131 0.3494091 0.3638237 0.3725871 0.3809830 0.3999369 0.4164346 0.4311422 0.4466691 0.4611288 0.4789486 0.4981290 0.5115583 0.5316581 0.5465681 0.5588123 0.5738393 0.5829321 0.5939770 0.6071094 0.6209297 0.6321111 0.6433695 0.6575316 0.6638218 0.6721151 0.6765383 0.6731826 0.6709564 0.6618268 0.6611825 0.6671267 0.6590688 0.6514773 0.6402358 0.6272845 0.6164406 0.6097737 0.6014595 0.5936043 0.5859188
0.2428062 0.2384942 0.2363040 0.2348587 0.2375887 0.2441756 0.2562288 0.2659070 0.2829106 0.2960471 0.3089038 0.3184558 0.3311070 0.3416608 0.3516786 0.3577445 0.3638722 0.3780380 0.3871399 0.4029839 0.4206911 0.4333436 0.4488130 0.4671570 0.4841543 0.4976613 0.5126617 0.5306016 0.5527660 0.5653405 0.5726049 0.5841297 0.5957173 0.6114830 0.6275539 0.6426224 0.6568890 0.6701046 0.6788727 0.6877472 0.6997743 0.7074435 0.6997124 0.6916215 0.6871639 0.6896033 0.6848031 0.6795499 0.6795515 0.6643808 0.6544133 0.6450006 0.6332580 0.6230182 0.6133254 0.6041056
0.2528665 0.2481239 0.2457587 0.2424573 0.2444636 0.2449541 0.2654207 0.2884255 0.3032160 0.3145724 0.3300811 0.3404571 0.3531634 0.3630956 0.3757473 0.3801947 0.3880398 0.4000479 0.4082756 0.4243809 0.4402918 0.4486022 0.4643897 0.4854925 0.5039380 0.5179765 0.5352123 0.5575727 0.5737027 0.5818695 0.5897373 0.5999620 0.6142605 0.6295431 0.6464884 0.6584074 0.6796510 0.6890165 0.6979256 0.7112018 0.7161683 0.7218696 0.7232254 0.7118658 0.7172303 0.7069797 0.7026710 0.7051045 0.6925198 0.6882167 0.6803569 0.6627372 0.6552055 0.6445445 0.6334243 0.6219746
0.2654530 0.2589386 0.2541194 0.2488781 3.4028235E+38 3.4028235E+38 3.4028235E+38 0.3028597 0.3255370 0.3311234 0.3544449 0.3643273 0.3760805 0.3852258 0.3963967 0.4061875 0.4155591 0.4238519 0.4319409 0.4446186 0.4545594 0.4662616 0.4915255 0.5078927 0.5221465 0.5385052 0.5530801 0.5772007 0.5882530 0.6002486 0.6152863 0.6263188 0.6377284 0.6538598 0.6674408 0.6767955 0.6896204 0.7016969 0.7165461 0.7247186 0.7239425 0.7294416 0.7302389 0.7441119 0.7434027 0.7348499 0.7214438 0.7269834 0.7195166 0.7083711 0.7052579 0.6854098 0.6713861 0.6581073 0.6420475 0.6375492
0.2802447 0.2720867 0.2660463 3.4028235E+38 3.4028235E+38 3.4028235E+38 3.4028235E+38 0.3316846 0.3522403 3.4028235E+38 0.3720424 0.3910901 0.4005528 0.4082396 0.4186860 0.4183443 0.4334005 0.4396160 0.4518944 0.4673125 0.4740912 0.4857957 0.5076858 0.5239203 0.5415903 0.5567765 0.5688058 0.5852188 0.6004368 0.6170310 0.6301132 0.6427532 0.6552245 0.6696084 0.6817124 0.6906585 0.7021705 0.7177194 0.7291228 0.7365079 0.7377068 0.7368320 0.7466196 0.7563912 0.7564381 0.7486806 0.7499047 0.7421426 0.7423093 0.7326152 0.7154109 0.7074388 0.6979771 0.6819682 0.6642169 0.6561799
0.2995284 0.2811207 0.2725064 3.4028235E+38 3.4028235E+38 3.4028235E+38 3.4028235E+38 3.4028235E+38 0.3769291 3.4028235E+38 0.4029113 0.4163903 0.4216932 0.4294602 0.4366999 0.4348583 0.4412578 0.4550141 0.4738586 0.4866403 0.4949493 0.5081394 0.5258191 0.5410104 0.5568631 0.5721816 0.5821293 0.5978064 0.6176411 0.6291180 0.6400185 0.6530497 0.6666523 0.6804022 0.6890781 0.7011625 0.7141138 0.7270077 0.7396923 0.7493060 0.7548282 0.7585292 0.7612060 0.7684993 0.7729148 0.7697536 0.7682215 0.7732478 0.7598101 0.7545085 0.7334907 0.7181463 0.7154344 0.6990182 0.6847171 0.6724216
0.3348687 3.4028235E+38 3.4028235E+38 3.4028235E+38 3.4028235E+38 3.4028235E+38 3.4028235E+38 0.4495420 0.4269162 0.4318793 0.4344426 0.4441053 0.4475448 0.4554781 0.4593311 0.4561571 0.4633461 0.4753790 0.4931686 0.5055428 0.5175544 0.5261937 0.5437029 0.5559480 0.5700034 0.5793660 0.5940865 0.6081851 0.6217327 0.6393059 0.6516471 0.6648546 0.6789638 0.6876717 0.6994292 0.7165034 0.7301762 0.7364795 0.7501659 0.7588232 0.7626526 0.7700689 0.7720107 0.7785494 0.7830183 0.7848619 0.7842748 0.7841568 0.7833461 0.7696953 0.7551004 0.7349330 0.7229626 0.7134156 0.7002659 0.6866029
0.3709405 0.3570454 0.3605665 3.4028235E+38 3.4028235E+38 3.4028235E+38 0.4746383 0.4670866 0.4611637 0.4633160 0.4656764 0.4657198 0.4695446 0.4759292 0.4812143 0.4861041 0.4897787 0.4986519 0.5085145 0.5200185 0.5345066 0.5413743 0.5544607 0.5710056 0.5826392 0.5947583 0.6128120 0.6253631 0.6326208 0.6504974 0.6633570 0.6773939 0.6848533 0.6970311 0.7103664 0.7285064 0.7399688 0.7455601 0.7527739 0.7613292 0.7681500 0.7795556 0.7841030 0.7870542 0.7879611 0.7928132 0.7932487 0.7915168 0.7909420 0.7850161 0.7581350 0.7530931 0.7369785 0.7213088 0.7126648 0.6990989
0.3910520 0.3671392 3.4028235E+38 3.4028235E+38 3.4028235E+38 0.4858289 0.4838548 0.4818057 0.4766473 0.4755692 0.4833144 0.4853128 0.4903287 0.4950876 0.5000312 0.5015793 0.5098504 0.5213413 0.5303218 0.5354063 0.5492994 0.5597584 0.5672644 0.5783615 0.5910354 0.6050709 0.6225249 0.6335361 0.6395680 0.6519371 0.6684219 0.6823696 0.6907529 0.7099460 0.7189949 0.7357510 0.7465285 0.7549231 0.7582877 0.7659250 0.7764630 0.7805381 0.7878977 0.7915428 0.7923229 0.7967763 0.7978369 0.7955457 0.7973521 0.7927240 0.7866203 0.7663538 0.7489122 0.7328430 0.7182406 0.7085913
0.4142787 0.4333678 0.4596173 0.4628834 0.4835601 0.4862726 0.4946706 0.4879100 0.4888012 0.4939567 0.4982587 0.5027404 0.5067764 0.5110654 0.5114733 0.5184116 0.5296042 0.5381734 0.5465337 0.5500608 0.5583838 0.5733447 0.5825877 0.5882245 0.6016679 0.6191545 0.6303583 0.6413175 0.6505047 0.6566123 0.6727124 0.6818987 0.6982100 0.7170750 0.7247834 0.7366095 0.7503302 0.7591076 0.7628506 0.7712812 0.7825583 0.7858271 0.7941198 0.7973520 0.7961301 0.8017886 0.8021748 0.8007634 0.8020954 0.7976949 0.7901378 0.7788402 0.7573816 0.7422165 0.7273819 0.7137803
0.4369618 0.4509399 0.4671313 0.4802890 0.4908562 0.4962822 0.4973859 0.4994264 0.5054544 0.5084467 0.5119010 0.5177416 0.5220655 0.5229621 0.5283821 0.5319721 0.5389054 0.5521669 0.5615258 0.5689352 0.5704867 0.5801518 0.5881113 0.5981435 0.6095149 0.6263665 0.6372749 0.6474692 0.6557508 0.6596565 0.6725829 0.6897413 0.7047544 0.7222067 0.7324842 0.7404780 0.7537063 0.7588990 0.7671747 0.7751247 0.7837822 0.7889850 0.7985884 0.8014762 0.7996318 0.8030782 0.8050990 0.8054695 0.8040023 0.7992259 0.7928599 0.7802007 0.7666696 0.7485385 0.7340438 0.7198780
0.4531291 0.4647318 0.4777593 0.4893448 0.4979432 0.5046621 0.5054237 0.5138128 0.5170062 0.5209699 0.5262510 0.5324255 0.5363655 0.5379411 0.5433202 0.5510689 0.5523129 0.5653933 0.5731147 0.5806567 0.5868273 0.5916184 0.5997307 0.6129617 0.6165472 0.6270294 0.6421521 0.6515864 0.6583790 0.6639473 0.6813828 0.7019953 0.7107881 0.7273299 0.7381470 0.7453051 0.7547971 0.7630242 0.7734163 0.7788147 0.7859801 0.7937284 0.7986267 0.8023058 0.8029417 0.8072678 0.8109272 0.8086099 0.8046817 0.8011177 0.7946590 0.7875029 0.7708362 0.7510608 0.7378431 0.7262717
0.4683337 0.4792891 0.4900267 0.4987173 0.5071746 0.5093228 0.5148416 0.5238966 0.5276217 0.5330236 0.5416158 0.5462914 0.5430151 0.5485982 0.5544040 0.5587297 0.5642182 0.5707836 0.5827294 0.5894403 0.5905083 0.5982655 0.6061850 0.6196438 0.6275222 0.6303166 0.6446937 0.6519562 0.6571588 0.6737742 0.6944475 0.7083046 0.7161120 0.7280766 0.7427339 0.7495645 0.7592697 0.7697030 0.7769483 0.7828012 0.7914291 0.7978445 0.7987198 0.8034143 0.8077555 0.8102391 0.8130836 0.8104677 0.8078560 0.8029132 0.7972348 0.7847901 0.7697834 0.7573416 0.7422256 0.7314097
