LUCAS_GEMMES_COP27/includes/subsidence/Scenario_B2/tmp/TOT_SUBSIDENCE_2060_SINCE_2018_MKD_ONLY.ASC
NCOLS                318
NROWS                364
XLLCORNER      400000.00
YLLCORNER      907000.00
CELLSIZE         1000.00
NODATA_VALUE    0.3402823E+39
[rows 96 to 119 of 364, columns 110 to 164 of 318]
4.6109088E-02 4.7072534E-02 4.8280731E-02 4.9442336E-02 5.1263310E-02 5.2561391E-02 5.3296447E-02 5.4559171E-02 5.5971943E-02 5.8140654E-02 5.9760656E-02 6.1363153E-02 6.3009724E-02 6.4857408E-02 6.6228032E-02 6.7612648E-02 6.9551356E-02 7.2034545E-02 7.4311957E-02 7.8594998E-02 7.8438133E-02 8.0827922E-02 8.3593838E-02 8.6689301E-02 8.9979261E-02 9.3300685E-02 9.7135536E-02 0.1008868 0.1053525 0.1097527 0.1148552 0.1207309 0.1274424 0.1382997 0.1453819 0.1478095 0.1545664 0.1611694 0.1675701 0.1737528 0.1807813 0.1854199 0.1898921 0.1946411 0.1981228 0.2015457 0.2045601 0.2064414 0.2086196 0.2110094 0.2134070 0.2150554 0.2169659 0.2178589 0.2195343
4.7020972E-02 4.8115253E-02 4.9907360E-02 5.0537162E-02 5.1751681E-02 5.3606406E-02 5.4377165E-02 5.5725101E-02 5.7214584E-02 5.9324484E-02 6.0945973E-02 6.2591977E-02 6.3858733E-02 6.5885648E-02 6.7322925E-02 6.9438793E-02 7.1276002E-02 7.3294662E-02 7.5431511E-02 7.7151813E-02 7.9736635E-02 8.2696304E-02 8.5020900E-02 8.8171840E-02 9.1294311E-02 9.4786808E-02 9.8537847E-02 0.1026012 0.1072290 0.1116447 0.1168512 0.1225911 0.1293441 0.1366035 0.1423319 0.1488853 0.1549513 0.1610410 0.1674590 0.1740474 0.1805256 0.1864806 0.1923500 0.1972605 0.2001624 0.2029886 0.2063530 0.2079851 0.2102040 0.2120648 0.2139918 0.2156349 0.2171847 0.2186877 0.2201363
4.8612576E-02 4.9194582E-02 5.0448302E-02 5.2104548E-02 5.2856885E-02 5.4077368E-02 5.5421263E-02 5.7455376E-02 5.8399275E-02 5.9941906E-02 6.2089927E-02 6.3668154E-02 6.5203562E-02 7.0766613E-02 6.9000825E-02 7.0770815E-02 7.2536282E-02 7.3912412E-02 7.5981766E-02 7.8420170E-02 8.1443422E-02 8.4105268E-02 8.6506084E-02 8.9502402E-02 9.2824385E-02 9.6578069E-02 0.1003757 0.1045149 0.1119222 0.1134653 0.1185795 0.1243000 0.1308812 0.1372222 0.1439204 0.1503920 0.1560406 0.1627012 0.1695255 0.1757843 0.1817738 0.1877044 0.1929410 0.1975683 0.2014861 0.2050860 0.2072531 0.2103227 0.2120933 0.2133167 0.2153493 0.2163822 0.2177040 0.2195679 0.2207743
4.9190365E-02 5.0867941E-02 5.1534664E-02 5.2662645E-02 5.4366663E-02 5.5410765E-02 5.6575339E-02 5.8611624E-02 6.0117569E-02 6.1166689E-02 6.2763751E-02 6.4379297E-02 6.6236347E-02 6.8533905E-02 7.0196599E-02 7.1731731E-02 7.3603027E-02 7.5503461E-02 7.7606529E-02 7.9900101E-02 8.2445823E-02 8.5063055E-02 8.7788977E-02 9.1047049E-02 9.4353959E-02 9.7819656E-02 0.1016555 0.1058660 0.1103878 0.1151020 0.1204664 0.1260876 0.1316366 0.1372958 0.1433669 0.1498384 0.1572746 0.1643081 0.1730562 0.1784307 0.1836478 0.1895803 0.1955951 0.1991958 0.2035273 0.2058715 0.2078119 0.2118377 0.2132090 0.2145676 0.2158586 0.2173490 0.2185086 0.2198247 0.2215681
5.0455693E-02 5.1531184E-02 5.3191621E-02 5.3848665E-02 5.5204954E-02 5.6954354E-02 5.7678264E-02 5.9200589E-02 6.1258573E-02 6.2823080E-02 6.3961893E-02 6.5575756E-02 6.7369826E-02 6.9345191E-02 7.1410783E-02 7.3354527E-02 7.9299495E-02 7.7164985E-02 7.9340242E-02 8.1623562E-02 8.3697475E-02 8.6443819E-02 8.9698024E-02 9.2720255E-02 9.5881432E-02 9.9706769E-02 0.1036169 0.1076320 0.1121962 0.1170842 0.1224145 0.1274008 0.1327698 0.1372817 0.1438181 0.1502108 0.1579759 0.1643142 0.1729802 0.1810677 0.1854635 0.1910599 0.1961877 0.2002547 0.2040101 0.2070776 0.2103837 0.2133575 0.2156401 0.2163194 0.2176865 0.2185516 0.2199982 0.2204482 0.2220438
5.2158061E-02 5.2764822E-02 5.3894721E-02 5.5131122E-02 5.6309924E-02 5.7569120E-02 5.9444383E-02 6.0375895E-02 6.1911356E-02 6.3495994E-02 6.5117419E-02 6.7218304E-02 6.8694972E-02 7.0585318E-02 7.2615735E-02 7.4455492E-02 7.6353587E-02 7.8262217E-02 8.0344476E-02 8.2485452E-02 8.4988572E-02 8.7921783E-02 9.1131739E-02 9.4845749E-02 9.8049283E-02 0.1020363 0.1059130 0.1100929 0.1139296 0.1191023 0.1272445 0.1289549 0.1328639 0.1384238 0.1440586 0.1505975 0.1609897 0.1651314 0.1732723 0.1804841 0.1866764 0.1929763 0.1977449 0.2017575 0.2051755 0.2084472 0.2117652 0.2133294 0.2150406 0.2166513 0.2183117 0.2200666 0.2212062 0.2213620 0.2225109
5.2944053E-02 5.4003339E-02 5.5201411E-02 5.6333795E-02 5.8026344E-02 5.8827341E-02 6.0242891E-02 6.2179234E-02 6.3213319E-02 6.4772725E-02 6.6544339E-02 6.8179160E-02 7.0339598E-02 7.1747474E-02 7.3574997E-02 7.5457677E-02 7.7503867E-02 7.9423837E-02 8.1614546E-02 8.3731286E-02 8.6220555E-02 8.8990062E-02 9.2322223E-02 9.5851764E-02 9.9607989E-02 0.1041123 0.1081747 0.1123609 0.1165605 0.1211121 0.1257118 0.1291081 0.1376451 0.1396950 0.1451598 0.1514986 0.1587162 0.1670257 0.1742221 0.1816693 0.1884028 0.1958777 0.1999289 0.2043122 0.2070714 0.2107816 0.2128417 0.2142174 0.2154904 0.2175276 0.2194379 0.2206549 0.2213930 0.2220970 0.2233670
5.4168690E-02 5.5309534E-02 5.6789532E-02 5.7570718E-02 5.8852307E-02 6.0648277E-02 6.1562106E-02 6.3028522E-02 6.4485662E-02 6.5956131E-02 6.7479260E-02 6.9725297E-02 7.0962623E-02 7.3338337E-02 7.4689142E-02 7.6385871E-02 7.8911975E-02 8.0726713E-02 8.3001964E-02 8.5117809E-02 8.7680228E-02 9.0101823E-02 9.3274988E-02 9.6321099E-02 0.1003015 0.1052884 0.1097402 0.1132170 0.1176947 0.1221241 0.1260390 0.1306132 0.1357483 0.1412359 0.1466695 0.1526306 0.1598898 0.1680519 0.1775638 0.1834423 0.1898390 0.1965074 0.2012656 0.2050866 0.2084515 0.2114553 0.2137768 0.2147592 0.2170038 0.2185988 0.2200467 0.2205909 0.2217570 0.2227533 0.2237138
5.5493809E-02 5.6582220E-02 5.8036517E-02 5.9329957E-02 6.0253430E-02 6.1561145E-02 6.2823817E-02 6.4238049E-02 6.5747947E-02 6.7633785E-02 6.8747602E-02 7.0694551E-02 7.2711542E-02 7.4199550E-02 7.5900726E-02 7.7767819E-02 7.9468727E-02 8.1874743E-02 8.4205844E-02 8.6043216E-02 8.8934109E-02 9.1418505E-02 9.4320588E-02 9.7650535E-02 0.1010211 0.1054683 0.1117394 0.1141627 0.1184448 0.1224946 0.1262090 0.1325378 0.1371760 0.1429603 0.1517980 0.1546374 0.1616572 0.1693948 0.1780536 0.1845222 0.1917126 0.1989993 0.2029853 0.2066229 0.2105890 0.2129125 0.2155437 0.2172417 0.2190509 0.2199154 0.2211713 0.2219004 0.2228193 0.2237158 0.2247894
5.6959815E-02 5.7879709E-02 5.9013873E-02 6.0569193E-02 6.1898038E-02 6.2951833E-02 6.4059906E-02 6.5881602E-02 6.6966936E-02 6.8507843E-02 7.0376940E-02 7.1651615E-02 7.3661715E-02 7.5218059E-02 7.7548072E-02 7.9368114E-02 8.0824129E-02 8.2957707E-02 8.4667854E-02 8.7088004E-02 8.9958116E-02 9.2365779E-02 9.5129766E-02 9.8189548E-02 0.1016706 0.1099648 0.1105533 0.1156629 0.1199168 0.1225814 0.1279244 0.1332051 0.1391428 0.1446770 0.1505160 0.1571995 0.1635768 0.1707940 0.1789526 0.1854194 0.1972888 0.2001664 0.2083067 0.2081560 0.2115729 0.2143039 0.2178757 0.2187516 0.2194082 0.2199274 0.2217168 0.2231826 0.2242993 0.2248464 0.2254349
5.8439586E-02 5.9638131E-02 6.0281545E-02 6.1734360E-02 6.3294098E-02 6.4107478E-02 6.5341190E-02 6.6716902E-02 6.8576001E-02 6.9742218E-02 7.1388461E-02 7.3056109E-02 7.4744396E-02 7.6484255E-02 7.8764953E-02 8.0607034E-02 8.2039662E-02 8.3950020E-02 8.5890658E-02 8.8619538E-02 9.1048971E-02 9.3585141E-02 9.6011154E-02 9.8877564E-02 0.1029181 0.1067648 0.1121709 0.1164887 0.1190980 0.1247773 0.1304499 0.1356187 0.1414610 0.1465320 0.1530969 0.1597070 0.1664173 0.1738505 0.1810392 0.1883144 0.1955244 0.2025519 0.2070667 0.2096636 0.2126646 0.2154795 0.2180092 0.2194973 0.2203272 0.2209847 0.2228499 0.2248397 0.2265045 0.2268325 0.2265648
5.9772424E-02 6.1046991E-02 6.2132079E-02 6.2870651E-02 6.4238176E-02 6.5481864E-02 6.7205109E-02 6.8208136E-02 6.9604933E-02 7.1429096E-02 7.2686590E-02 7.4332133E-02 7.6447912E-02 7.7840216E-02 7.9675287E-02 8.1850886E-02 8.3195180E-02 8.5085623E-02 8.7068990E-02 8.9251824E-02 9.1986425E-02 9.4427653E-02 9.6602455E-02 9.9424981E-02 0.1026420 0.1068034 0.1094702 0.1147654 0.1201999 0.1262836 0.1316880 0.1374299 0.1438482 0.1497270 0.1559619 0.1624089 0.1689414 0.1769472 0.1831539 0.1914117 0.1984777 0.2080066 0.2100529 0.2120647 0.2147532 0.2173569 0.2194559 0.2211328 0.2225865 0.2231313 0.2243776 0.2262624 0.2278405 0.2284237 0.2276920
6.1082926E-02 6.2186163E-02 6.3684314E-02 6.4207792E-02 6.5661058E-02 6.6819333E-02 6.8394653E-02 6.9637440E-02 7.0771895E-02 7.2468393E-02 7.4001767E-02 7.5638622E-02 7.7342093E-02 7.9501256E-02 8.1031457E-02 8.2727127E-02 8.4358968E-02 8.6647592E-02 8.8623852E-02 9.0291843E-02 9.2493378E-02 9.4797760E-02 9.7213700E-02 0.1003483 0.1028697 0.1060867 0.1089689 0.1131413 0.1206044 0.1274557 0.1338952 0.1396024 0.1461564 0.1518476 0.1587741 0.1655102 0.1714011 0.1787893 0.1858046 0.1934044 0.2017972 0.2082999 0.2123827 0.2148247 0.2175151 0.2202574 0.2217798 0.2233338 0.2252340 0.2246982 0.2247735 0.2256702 0.2281250 0.2293203 0.2288930
6.2660888E-02 6.3682199E-02 6.4714432E-02 6.5918528E-02 6.7424417E-02 6.8430923E-02 6.9768012E-02 7.1370102E-02 7.2327986E-02 7.3913530E-02 7.5427860E-02 7.7259280E-02 7.8679688E-02 8.0404446E-02 8.2198031E-02 8.4062092E-02 8.5671395E-02 8.7875403E-02 8.9806490E-02 9.1760173E-02 9.3353368E-02 9.5559068E-02 9.8269373E-02 0.1007557 0.1032934 0.1058032 0.1094644 0.1162949 0.1217737 0.1286812 0.1342666 0.1416684 0.1479099 0.1549147 0.1621708 0.1678379 0.1752952 0.1823827 0.1884680 0.1965251 0.2059467 0.2118950 0.2162112 0.2185211 0.2208966 0.2241880 0.2243292 0.2250025 0.2259496 0.2258778 0.2260272 0.2269718 0.2289744 0.2297689 0.2300221
6.4278573E-02 6.5185353E-02 6.6226415E-02 6.7606136E-02 6.8791330E-02 7.0213743E-02 7.1353585E-02 7.2636366E-02 7.3903479E-02 7.5450473E-02 7.6872095E-02 7.8405038E-02 8.0341905E-02 8.1671342E-02 8.3355017E-02 8.5434355E-02 8.7037057E-02 8.8749267E-02 9.0810880E-02 9.2429303E-02 9.4339430E-02 9.6383452E-02 9.8537393E-02 0.1011562 0.1035162 0.1054808 0.1121294 0.1170423 0.1240161 0.1304049 0.1368998 0.1433758 0.1499855 0.1567288 0.1634952 0.1706504 0.1782231 0.1853417 0.1919584 0.1994724 0.2068910 0.2156485 0.2219822 0.2222745 0.2240083 0.2260180 0.2265248 0.2271532 0.2277504 0.2278553 0.2283671 0.2291088 0.2294048 0.2301281 0.2309733
6.6338263E-02 6.7224145E-02 6.8172798E-02 6.9341749E-02 7.0599996E-02 7.1993798E-02 7.3471680E-02 7.4385360E-02 7.5753160E-02 7.7339061E-02 7.8900643E-02 7.9860240E-02 8.1424803E-02 8.2984492E-02 8.4598407E-02 8.6511783E-02 8.8733993E-02 9.0021193E-02 9.1671251E-02 9.3357936E-02 9.5699079E-02 9.7537309E-02 9.9195540E-02 0.1012040 0.1032894 0.1089062 0.1145385 0.1200343 0.1264408 0.1335099 0.1399353 0.1465942 0.1532282 0.1599750 0.1667863 0.1743193 0.1813874 0.1881962 0.1946559 0.2021842 0.2097081 0.2188469 0.2247792 0.2255702 0.2285208 0.2303397 0.2292938 0.2302470 0.2304833 0.2307711 0.2307450 0.2306962 0.2317034 0.2314940 0.2316080
6.8220869E-02 6.9069549E-02 6.9910243E-02 7.1105406E-02 7.2838351E-02 7.4019164E-02 7.5124606E-02 7.6375552E-02 7.7681243E-02 7.9023272E-02 8.0490112E-02 8.1939228E-02 8.2923718E-02 8.4264003E-02 8.6051963E-02 8.7767094E-02 8.9559160E-02 9.1423914E-02 9.2918195E-02 9.4806544E-02 9.6553542E-02 9.8370314E-02 0.1003679 0.1015753 0.1040483 0.1115606 0.1178638 0.1238776 0.1300995 0.1406848 0.1432616 0.1502289 0.1569753 0.1637571 0.1708808 0.1785936 0.1851466 0.1911177 0.1985078 0.2065489 0.2124716 0.2209921 0.2261331 0.2286845 0.2305159 0.2326904 0.2322739 0.2328792 0.2339929 0.2341292 0.2338404 0.2345436 0.2336365 0.2339925 0.2336174
7.0800699E-02 7.1348354E-02 7.2192051E-02 7.3413633E-02 7.4359596E-02 7.6002337E-02 7.7404469E-02 7.9241551E-02 8.0508545E-02 8.1182919E-02 8.2221620E-02 8.3332062E-02 8.4352389E-02 8.5628919E-02 8.7268002E-02 8.8994205E-02 9.0485170E-02 9.2489243E-02 9.4258241E-02 9.5659293E-02 9.7640030E-02 9.9066786E-02 0.1012787 0.1026751 0.1090642 0.1146929 0.1215384 0.1283388 0.1339870 0.1403629 0.1466130 0.1535977 0.1614267 0.1686793 0.1762353 0.1835876 0.1899247 0.1955183 0.2020395 0.2086054 0.2153506 0.2226173 0.2294120 0.2334880 0.2347797 0.2355055 0.2361107 0.2357078 0.2361951 0.2376429 0.2373150 0.2374852 0.2364549 0.2360997 0.2366487
7.3592983E-02 7.4040256E-02 7.4815378E-02 7.5458117E-02 7.6919310E-02 7.8355767E-02 8.0259703E-02 8.2264677E-02 8.3535768E-02 8.4315069E-02 8.4479898E-02 8.5280135E-02 8.6267218E-02 8.7487496E-02 8.8445738E-02 9.0068571E-02 9.1567554E-02 9.3490221E-02 9.5336132E-02 9.7566545E-02 9.8703340E-02 0.1004174 0.1021387 0.1076940 0.1131556 0.1193702 0.1260218 0.1326470 0.1383547 0.1446909 0.1510577 0.1587499 0.1664881 0.1756852 0.1840088 0.1903075 0.1952930 0.1999164 0.2041673 0.2104519 0.2183127 0.2250641 0.2336471 0.2370177 0.2368865 0.2378688 0.2390102 0.2407772 0.2401091 0.2403082 0.2401586 0.2401699 0.2391644 0.2390131 0.2397166
7.6052360E-02 7.6356128E-02 7.6856047E-02 7.8156926E-02 7.9509690E-02 8.1475593E-02 8.3839916E-02 8.5880876E-02 8.7236181E-02 8.7318286E-02 8.7201007E-02 8.7410323E-02 8.8226803E-02 8.9300938E-02 8.9838654E-02 9.1389440E-02 9.2698097E-02 9.4607472E-02 9.6573025E-02 9.8479249E-02 0.1003063 0.1018950 0.1075269 0.1123890 0.1183010 0.1247176 0.1311774 0.1376192 0.1448825 0.1496123 0.1558017 0.1626457 0.1718014 0.1829960 0.1896487 0.1998414 0.2005811 0.2032332 0.2070569 0.2135416 0.2198439 0.2273582 0.2338158 0.2387806 0.2400868 0.2414497 0.2419180 0.2433195 0.2411273 0.2419460 0.2418255 0.2420939 0.2414808 0.2416233 0.2429786
7.8682952E-02 7.8889459E-02 7.9427965E-02 8.0479994E-02 8.2180709E-02 8.4914967E-02 8.8897072E-02 9.1608018E-02 9.3524814E-02 9.2483930E-02 9.0193368E-02 8.9608729E-02 8.9920655E-02 9.0370081E-02 9.1430679E-02 9.2581019E-02 9.4248541E-02 9.6149005E-02 9.7655267E-02 9.9677019E-02 0.1045842 0.1081561 0.1123342 0.1178393 0.1239668 0.1300128 0.1362449 0.1429376 0.1502182 0.1562060 0.1621781 0.1690056 0.1756655 0.1815361 0.1874637 0.1951216 0.1996337 0.2106814 0.2158098 0.2156439 0.2220214 0.2284448 0.2339388 0.2407139 0.2420977 0.2435821 0.2452665 0.2437791 0.2430718 0.2435277 0.2440466 0.2457483 0.2442201 0.2443101 0.2444695
8.1282519E-02 8.1160441E-02 8.1597090E-02 8.2688317E-02 8.4453210E-02 8.7420464E-02 9.2024975E-02 9.3988754E-02 9.5323525E-02 9.4151482E-02 9.2022337E-02 9.1610402E-02 9.1824755E-02 9.2342563E-02 9.3140110E-02 9.4455734E-02 9.5549300E-02 9.7108327E-02 0.1014236 0.1053808 0.1094735 0.1132939 0.1181111 0.1234988 0.1291848 0.1358210 0.1419352 0.1488691 0.1550990 0.1615299 0.1682886 0.1748227 0.1800843 0.1864380 0.1912248 0.1985959 0.2034759 0.2091097 0.2137505 0.2200800 0.2258552 0.2313151 0.2361408 0.2411025 0.2450557 0.2466369 0.2471799 0.2459318 0.2465757 0.2464976 0.2457234 0.2461448 0.2464537 0.2468822 0.2468739
8.4045015E-02 8.3664022E-02 8.4009968E-02 8.4995784E-02 8.6864181E-02 8.9562237E-02 9.3933791E-02 9.6344687E-02 9.6628904E-02 9.6340977E-02 9.4400048E-02 9.3635499E-02 9.3119927E-02 9.3832739E-02 9.4621360E-02 9.5947370E-02 9.6814439E-02 0.1019721 0.1055554 0.1095580 0.1142789 0.1189961 0.1237551 0.1294194 0.1352849 0.1418909 0.1474378 0.1535508 0.1601487 0.1664658 0.1727316 0.1784819 0.1847515 0.1914482 0.1973245 0.2022895 0.2074599 0.2127362 0.2181744 0.2246742 0.2305951 0.2341947 0.2383004 0.2423308 0.2473464 0.2487424 0.2487048 0.2485335 0.2484820 0.2484132 0.2476802 0.2487409 0.2500559 0.2504163 0.2511740
8.6894728E-02 8.6355984E-02 8.6400688E-02 8.7376788E-02 8.8661082E-02 9.0553626E-02 9.3015514E-02 9.4836913E-02 9.7079903E-02 9.6313275E-02 9.5351815E-02 9.5219627E-02 9.5678478E-02 9.5656723E-02 9.6443124E-02 9.9877544E-02 0.1026900 0.1059399 0.1102712 0.1146705 0.1198499 0.1251913 0.1300995 0.1352388 0.1419361 0.1480920 0.1534777 0.1593871 0.1659578 0.1723918 0.1788438 0.1844830 0.1906993 0.1973050 0.2030395 0.2084873 0.2134527 0.2182159 0.2239387 0.2324631 0.2374752 0.2398983 0.2430000 0.2462783 0.2491080 0.2519450 0.2512450 0.2509855 0.2503087 0.2502259 0.2507217 0.2522386 0.2537431 0.2559234 0.2553036
