LUCAS_GEMMES_COP27/includes/subsidence/Scenario_B2/tmp/TOT_SUBSIDENCE_2100_SINCE_2018_MKD_ONLY.ASC
NCOLS                318
NROWS                364
XLLCORNER      400000.00
YLLCORNER      907000.00
CELLSIZE         1000.00
NODATA_VALUE    0.3402823E+39
[rows 300 to 324 of 364, columns 56 to 111 of 318]
3.4028235E+38 3.4028235E+38 3.4028235E+38 3.4028235E+38 3.4028235E+38 3.4028235E+38 3.4028235E+38 3.4028235E+38 3.4028235E+38 3.4028235E+38 3.4028235E+38 3.4028235E+38 3.4028235E+38 3.4028235E+38 3.4028235E+38 3.4028235E+38 3.4028235E+38 3.4028235E+38 3.4028235E+38 3.4028235E+38 3.4028235E+38 3.4028235E+38 0.4022790 0.4114408 0.4206669 0.4280715 3.4028235E+38 3.4028235E+38 3.4028235E+38 3.4028235E+38 3.4028235E+38 3.4028235E+38 0.4758601 0.4806060 0.4854201 0.4909527 0.4960254 0.5002446 0.5054526 0.5116273 0.5186384 0.5263339 0.5341797 0.4841002 0.5839635 0.5695398 0.4969385 0.5071607 0.5381656 0.5749756 0.5525237 0.5497180 0.5545359 0.5600106 0.5808726 0.5975757
3.4028235E+38 3.4028235E+38 3.4028235E+38 3.4028235E+38 3.4028235E+38 3.4028235E+38 3.4028235E+38 3.4028235E+38 3.4028235E+38 3.4028235E+38 3.4028235E+38 3.4028235E+38 3.4028235E+38 3.4028235E+38 3.4028235E+38 3.4028235E+38 3.4028235E+38 3.4028235E+38 3.4028235E+38 3.4028235E+38 3.4028235E+38 3.4028235E+38 3.4028235E+38 3.4028235E+38 3.4028235E+38 3.4028235E+38 3.4028235E+38 3.4028235E+38 3.4028235E+38 3.4028235E+38 3.4028235E+38 3.4028235E+38 0.4706163 0.4756836 0.4806550 0.4868518 0.4908294 0.4960144 0.5034040 0.5116309 0.5231595 0.5391550 0.5628911 0.5848939 0.5818072 0.4847465 0.4878911 0.5106858 0.5268619 0.5417061 0.5420066 0.5472259 0.5546921 0.5647241 0.5795571 0.5927242
3.4028235E+38 3.4028235E+38 3.4028235E+38 3.4028235E+38 3.4028235E+38 3.4028235E+38 3.4028235E+38 3.4028235E+38 3.4028235E+38 3.4028235E+38 3.4028235E+38 3.4028235E+38 3.4028235E+38 3.4028235E+38 3.4028235E+38 3.4028235E+38 3.4028235E+38 3.4028235E+38 3.4028235E+38 3.4028235E+38 3.4028235E+38 3.4028235E+38 3.4028235E+38 3.4028235E+38 3.4028235E+38 3.4028235E+38 3.4028235E+38 3.4028235E+38 3.4028235E+38 3.4028235E+38 3.4028235E+38 0.5933968 0.4659005 0.4705800 0.4760476 0.4825988 0.4871829 0.4931947 0.5009138 0.5088877 0.5213488 0.5463858 0.5874903 0.6803092 0.4839423 0.5158054 0.4975295 0.5074269 0.5228662 0.5341160 0.5401171 0.5422080 0.5510497 0.5620051 0.5763509 0.5952818
3.4028235E+38 3.4028235E+38 3.4028235E+38 3.4028235E+38 3.4028235E+38 3.4028235E+38 3.4028235E+38 3.4028235E+38 3.4028235E+38 3.4028235E+38 3.4028235E+38 3.4028235E+38 3.4028235E+38 3.4028235E+38 3.4028235E+38 3.4028235E+38 3.4028235E+38 3.4028235E+38 3.4028235E+38 3.4028235E+38 3.4028235E+38 3.4028235E+38 3.4028235E+38 3.4028235E+38 3.4028235E+38 3.4028235E+38 3.4028235E+38 3.4028235E+38 3.4028235E+38 3.4028235E+38 3.4028235E+38 0.4553867 0.4618173 0.4656068 0.4725881 0.4778711 0.4824831 0.4896792 0.4980337 0.5051669 0.5194592 0.5389262 0.5642850 0.5486128 0.5284969 0.5055718 0.5074230 0.5136021 0.5204406 0.5278550 0.5353140 0.5369775 0.5454983 0.5561527 0.5723053 0.5901627
3.4028235E+38 3.4028235E+38 3.4028235E+38 3.4028235E+38 3.4028235E+38 3.4028235E+38 3.4028235E+38 3.4028235E+38 3.4028235E+38 3.4028235E+38 3.4028235E+38 3.4028235E+38 3.4028235E+38 3.4028235E+38 3.4028235E+38 3.4028235E+38 3.4028235E+38 3.4028235E+38 3.4028235E+38 3.4028235E+38 3.4028235E+38 3.4028235E+38 3.4028235E+38 3.4028235E+38 3.4028235E+38 3.4028235E+38 3.4028235E+38 3.4028235E+38 3.4028235E+38 3.4028235E+38 0.4448458 0.4507589 0.5742798 0.4612066 0.4673246 0.4732424 0.4791031 0.4857166 0.4931843 0.5015640 0.5117215 0.5207791 0.5339572 0.5305622 0.5222310 0.5120865 0.5099388 0.5124190 0.5166417 0.5226718 0.5292103 0.5311933 0.5388618 0.5480561 0.5630008 0.5775691
3.4028235E+38 3.4028235E+38 3.4028235E+38 3.4028235E+38 3.4028235E+38 3.4028235E+38 3.4028235E+38 3.4028235E+38 3.4028235E+38 3.4028235E+38 3.4028235E+38 3.4028235E+38 3.4028235E+38 3.4028235E+38 3.4028235E+38 3.4028235E+38 3.4028235E+38 3.4028235E+38 3.4028235E+38 3.4028235E+38 3.4028235E+38 3.4028235E+38 3.4028235E+38 3.4028235E+38 3.4028235E+38 0.4035989 0.4131909 0.4218544 0.4300069 0.4372367 0.4434576 0.4489062 0.4539230 0.4584228 0.4638909 0.4699596 0.4755390 0.4816478 0.4880747 0.4949188 0.5027919 0.5103499 0.5159898 0.5164571 0.5138341 0.5107180 0.5094947 0.5101127 0.5129800 0.5144218 0.5189588 0.5250027 0.5302023 0.5362071 0.5461522 0.5604369
3.4028235E+38 3.4028235E+38 3.4028235E+38 3.4028235E+38 3.4028235E+38 3.4028235E+38 3.4028235E+38 3.4028235E+38 3.4028235E+38 3.4028235E+38 3.4028235E+38 3.4028235E+38 3.4028235E+38 3.4028235E+38 3.4028235E+38 3.4028235E+38 3.4028235E+38 3.4028235E+38 3.4028235E+38 3.4028235E+38 3.4028235E+38 3.4028235E+38 3.4028235E+38 3.4028235E+38 3.4028235E+38 0.3978570 0.5096057 0.5199763 0.4305184 0.4379640 0.4437685 0.4484955 0.4529806 0.4571960 0.4619921 0.4674331 0.4728030 0.4786777 0.4838588 0.4892059 0.4952504 0.5001342 0.5042304 0.5062004 0.5065317 0.5062646 0.5068671 0.5066823 0.5081391 0.5121810 0.5159847 0.5170884 0.5208699 0.5282201 0.5369860 0.5437549
3.4028235E+38 3.4028235E+38 3.4028235E+38 3.4028235E+38 3.4028235E+38 3.4028235E+38 3.4028235E+38 3.4028235E+38 3.4028235E+38 3.4028235E+38 3.4028235E+38 3.4028235E+38 3.4028235E+38 3.4028235E+38 3.4028235E+38 3.4028235E+38 3.4028235E+38 3.4028235E+38 3.4028235E+38 3.4028235E+38 3.4028235E+38 0.4429938 0.4553505 3.4028235E+38 3.4028235E+38 0.4017670 0.4135174 0.4239911 0.4330742 0.4411591 0.4459603 0.4491760 0.4523113 0.4549937 0.4576981 0.4631512 0.4709093 0.4759540 0.4802933 0.4837240 0.4881800 0.4922341 0.4965287 0.4991837 0.5006050 0.5005935 0.5022879 0.5017272 0.4952348 0.5057389 0.5087231 0.5076087 0.5106780 0.5157232 0.5251927 0.5266586
3.4028235E+38 3.4028235E+38 3.4028235E+38 3.4028235E+38 3.4028235E+38 3.4028235E+38 3.4028235E+38 3.4028235E+38 3.4028235E+38 3.4028235E+38 3.4028235E+38 3.4028235E+38 3.4028235E+38 3.4028235E+38 3.4028235E+38 3.4028235E+38 3.4028235E+38 3.4028235E+38 3.4028235E+38 3.4028235E+38 0.4265345 0.3570127 0.3654727 0.3740578 3.4028235E+38 3.4028235E+38 0.4118527 0.4263460 0.4385623 0.4485393 0.4507626 0.4512496 0.4517682 0.4510061 0.4556146 0.4622700 0.4703714 0.4735717 0.4746612 0.4739514 0.4813105 0.4859060 0.4903890 0.4935998 0.4956030 0.4956873 0.4967608 0.4978283 0.4976571 0.5009539 0.5029517 0.5016629 0.5032938 0.5062965 0.5102946 0.5139849
3.4028235E+38 3.4028235E+38 3.4028235E+38 3.4028235E+38 3.4028235E+38 3.4028235E+38 3.4028235E+38 3.4028235E+38 3.4028235E+38 3.4028235E+38 3.4028235E+38 3.4028235E+38 3.4028235E+38 3.4028235E+38 3.4028235E+38 3.4028235E+38 3.4028235E+38 3.4028235E+38 3.4028235E+38 3.4028235E+38 0.4212810 0.3542242 0.3613541 0.3733595 0.3840879 3.4028235E+38 3.4028235E+38 0.4280949 0.4475124 0.4648474 0.4590298 0.4537803 0.4497148 0.4473381 0.4528848 0.4600282 0.4766501 0.4679125 0.4683748 0.4693926 0.4735683 0.4806220 0.4848669 0.4895663 0.4927947 0.4932311 0.4928357 0.4923323 0.4922412 0.4919441 0.4942326 0.4937911 0.4918329 0.4957080 0.4986323 0.5013301
3.4028235E+38 3.4028235E+38 3.4028235E+38 3.4028235E+38 3.4028235E+38 3.4028235E+38 3.4028235E+38 3.4028235E+38 3.4028235E+38 3.4028235E+38 3.4028235E+38 3.4028235E+38 3.4028235E+38 3.4028235E+38 3.4028235E+38 3.4028235E+38 3.4028235E+38 3.4028235E+38 3.4028235E+38 3.4028235E+38 0.4160658 0.3528447 0.3617947 0.3719877 0.3847366 0.4000002 0.4171238 0.4313079 0.4551153 0.5029666 0.4646250 0.4495868 0.4422107 0.4400877 0.4451846 0.4513245 0.4687788 0.4637874 0.4633942 0.4645153 0.4697607 0.4762083 0.4813303 0.4882624 0.4943901 0.4924389 0.4897462 0.4876840 0.4837089 0.4835471 0.4841334 0.4824644 0.4840461 0.4851722 0.4868490 0.4885833
3.4028235E+38 3.4028235E+38 3.4028235E+38 3.4028235E+38 3.4028235E+38 3.4028235E+38 3.4028235E+38 3.4028235E+38 3.4028235E+38 3.4028235E+38 3.4028235E+38 3.4028235E+38 3.4028235E+38 3.4028235E+38 3.4028235E+38 3.4028235E+38 3.4028235E+38 3.4028235E+38 3.4028235E+38 3.4028235E+38 3.4028235E+38 0.3513765 0.3622840 0.3739811 0.3879021 0.4018988 0.4150357 0.4302561 0.4454276 0.4605244 0.4522437 0.4434867 0.4360920 0.4381402 0.4383716 0.4464410 0.4519213 0.4523632 0.4542535 0.4587202 0.4645596 0.4736808 0.4793562 0.4897401 0.5019530 0.4937679 0.4872017 0.4829547 0.4769117 0.4748260 0.4747348 0.4740900 0.4738657 0.4743043 0.4751849 0.4760667
3.4028235E+38 3.4028235E+38 3.4028235E+38 3.4028235E+38 3.4028235E+38 3.4028235E+38 3.4028235E+38 3.4028235E+38 3.4028235E+38 3.4028235E+38 3.4028235E+38 3.4028235E+38 3.4028235E+38 3.4028235E+38 3.4028235E+38 3.4028235E+38 3.4028235E+38 3.4028235E+38 3.4028235E+38 3.4028235E+38 3.4028235E+38 3.4028235E+38 3.4028235E+38 0.3724448 0.3855349 0.3990598 0.4131362 0.4273041 0.4351465 0.4391792 0.4374166 0.4329413 0.4271037 0.4278000 0.4279993 0.4344738 0.4382775 0.4408805 0.4440784 0.4486476 0.4556113 0.4638823 0.4719608 0.4883633 0.5224172 0.4949686 0.4830180 0.4756361 0.4709260 0.4675903 0.4649476 0.4645941 0.4639123 0.4635773 0.4633866 0.4636692
3.4028235E+38 3.4028235E+38 3.4028235E+38 3.4028235E+38 3.4028235E+38 3.4028235E+38 3.4028235E+38 3.4028235E+38 3.4028235E+38 3.4028235E+38 3.4028235E+38 3.4028235E+38 3.4028235E+38 3.4028235E+38 3.4028235E+38 3.4028235E+38 3.4028235E+38 3.4028235E+38 3.4028235E+38 3.4028235E+38 3.4028235E+38 0.4117360 0.3568361 0.3702450 0.3844250 0.3973795 0.4122698 0.4279782 0.4278864 0.4259521 0.4235623 0.4215942 0.4184639 0.4172971 0.4182607 0.4205258 0.4260988 0.4297916 0.4334021 0.4383034 0.4446977 0.4523603 0.4588870 0.4699017 0.4861911 0.4802483 0.4713260 0.4672275 0.4634088 0.4600922 0.4603407 0.4539291 0.4491038 0.4521942 0.4497400 0.4516131
3.4028235E+38 3.4028235E+38 3.4028235E+38 3.4028235E+38 3.4028235E+38 3.4028235E+38 3.4028235E+38 3.4028235E+38 3.4028235E+38 3.4028235E+38 3.4028235E+38 3.4028235E+38 3.4028235E+38 3.4028235E+38 3.4028235E+38 3.4028235E+38 3.4028235E+38 3.4028235E+38 3.4028235E+38 3.4028235E+38 3.4028235E+38 0.4044437 0.3531692 0.3682036 0.3865018 0.3956634 0.4118638 0.4463440 0.4237507 0.4144700 0.4091214 0.4101332 0.4106897 0.4067137 0.4063910 0.4116294 0.4146772 0.4179811 0.4222193 0.4273473 0.4335644 0.4408473 0.4476795 0.4588951 0.4664413 0.4670314 0.4619929 0.4610739 0.4605409 0.4557841 0.4495729 0.4459852 0.4415933 0.4395571 0.4402796 0.4395317
3.4028235E+38 3.4028235E+38 3.4028235E+38 3.4028235E+38 3.4028235E+38 3.4028235E+38 3.4028235E+38 3.4028235E+38 3.4028235E+38 3.4028235E+38 3.4028235E+38 3.4028235E+38 3.4028235E+38 0.3207023 0.3296019 0.3385365 3.4028235E+38 3.4028235E+38 0.3658844 3.4028235E+38 0.3279132 0.3378622 0.3493080 0.3627370 0.3737474 0.3827276 0.3942447 0.4068501 0.4038906 0.3975821 0.3934282 0.3983336 0.3983043 0.3970163 0.3975679 0.4000090 0.4029641 0.4064950 0.4107862 0.4159003 0.4219307 0.4289070 0.4369395 0.4448986 0.4478096 0.4568551 0.4597000 0.4603679 0.4541815 0.4478705 0.4388036 0.4356241 0.4325610 0.4303347 0.4265283 0.4274884
3.4028235E+38 3.4028235E+38 3.4028235E+38 3.4028235E+38 3.4028235E+38 3.4028235E+38 3.4028235E+38 3.4028235E+38 3.4028235E+38 3.4028235E+38 3.4028235E+38 3.4028235E+38 0.2625373 0.2707748 0.2784891 0.2861285 0.3462474 0.3022949 0.3082687 0.3152557 0.3233100 0.3325939 0.3439595 0.3596288 0.3623989 0.3688236 0.3764389 0.3830875 0.3842480 0.3826644 0.3826180 0.3840330 0.3840076 0.3843380 0.3860504 0.3883364 0.3912942 0.3949050 0.3992560 0.4041609 0.4100167 0.4167044 0.4243820 0.4331208 0.4416967 0.4524929 0.4585476 0.4597900 0.4486870 0.4396056 0.4293255 0.4250384 0.4220282 0.4167134 3.4028235E+38 3.4028235E+38
3.4028235E+38 3.4028235E+38 3.4028235E+38 3.4028235E+38 3.4028235E+38 3.4028235E+38 3.4028235E+38 3.4028235E+38 3.4028235E+38 3.4028235E+38 3.4028235E+38 3.4028235E+38 0.2617601 0.2708294 0.2785803 0.2859413 0.2938397 0.3009516 0.3064122 0.3118865 0.3181961 0.3256533 0.3340490 0.3431579 0.3488824 0.3545711 0.3602174 0.3648606 0.3672582 0.3683895 0.3691787 0.3697998 0.3707154 0.3722357 0.3741993 0.3766599 0.3797452 0.3831065 0.3874170 0.3922953 0.3978587 0.4042620 0.4123542 0.4215918 0.4301690 0.4501081 0.4542563 0.4508731 0.4352280 0.4243232 0.4185505 3.4028235E+38 3.4028235E+38 3.4028235E+38 3.4028235E+38 3.4028235E+38
3.4028235E+38 3.4028235E+38 3.4028235E+38 3.4028235E+38 3.4028235E+38 3.4028235E+38 3.4028235E+38 3.4028235E+38 3.4028235E+38 3.4028235E+38 3.4028235E+38 3.4028235E+38 0.2618503 0.2730510 0.2799324 0.2868946 0.2942052 0.3012283 0.3057076 0.3086539 0.3129764 0.3186415 0.3244814 0.3305398 0.3356532 0.3409377 0.3455735 0.3494331 0.3522770 0.3542064 0.3558930 0.3573106 0.3585968 0.3602917 0.3624893 0.3650557 0.3676162 0.3685840 0.3742805 0.3806690 0.3857582 0.3915837 0.3988754 0.4044596 0.4145074 0.4250226 0.4372407 0.4242262 0.4193830 3.4028235E+38 3.4028235E+38 3.4028235E+38 3.4028235E+38 3.4028235E+38 3.4028235E+38 3.4028235E+38
3.4028235E+38 3.4028235E+38 3.4028235E+38 3.4028235E+38 3.4028235E+38 3.4028235E+38 3.4028235E+38 3.4028235E+38 3.4028235E+38 3.4028235E+38 3.4028235E+38 3.4028235E+38 3.4028235E+38 0.2804747 0.2818202 0.2885450 0.2961846 0.3051975 0.3076256 0.3059301 0.3078546 0.3113541 0.3152012 0.3197948 0.3242400 0.3285340 0.3323300 0.3358524 0.3387543 0.3410403 0.3434094 0.3449192 0.3464493 0.3492794 0.3509679 0.3536439 0.3563081 0.3572126 0.3608387 0.3687682 0.3727053 0.3752922 0.3844389 0.3919831 0.3967299 0.4033306 3.4028235E+38 3.4028235E+38 3.4028235E+38 3.4028235E+38 3.4028235E+38 3.4028235E+38 3.4028235E+38 3.4028235E+38 3.4028235E+38 3.4028235E+38
3.4028235E+38 3.4028235E+38 3.4028235E+38 3.4028235E+38 3.4028235E+38 3.4028235E+38 3.4028235E+38 3.4028235E+38 3.4028235E+38 3.4028235E+38 3.4028235E+38 3.4028235E+38 3.4028235E+38 3.4028235E+38 0.2795407 0.2850170 0.2978989 0.3157803 0.3127687 0.3020585 0.3012205 0.3033988 0.3059869 0.3099300 0.3137741 0.3169451 0.3196694 0.3222660 0.3266563 0.3286870 0.3309460 0.3329959 0.3318179 0.3358734 0.3396556 0.3423758 0.3455188 0.3481100 0.3491353 0.3568621 0.3596481 3.4028235E+38 3.4028235E+38 3.4028235E+38 3.4028235E+38 3.4028235E+38 3.4028235E+38 3.4028235E+38 3.4028235E+38 3.4028235E+38 3.4028235E+38 3.4028235E+38 3.4028235E+38 3.4028235E+38 3.4028235E+38 3.4028235E+38
3.4028235E+38 3.4028235E+38 3.4028235E+38 3.4028235E+38 3.4028235E+38 3.4028235E+38 3.4028235E+38 3.4028235E+38 3.4028235E+38 3.4028235E+38 3.4028235E+38 3.4028235E+38 3.4028235E+38 3.4028235E+38 3.4028235E+38 3.4028235E+38 0.2841341 0.2926763 0.2945706 0.2907573 0.2914876 0.2944231 0.2967137 0.2994613 0.3025691 0.3059939 0.3067123 0.3087578 0.3134410 0.3170498 0.3194874 0.3221611 0.3231564 0.3253045 0.3268490 0.3312310 0.3342736 0.4035699 0.3412552 0.3453612 3.4028235E+38 3.4028235E+38 3.4028235E+38 3.4028235E+38 3.4028235E+38 3.4028235E+38 3.4028235E+38 3.4028235E+38 3.4028235E+38 3.4028235E+38 3.4028235E+38 3.4028235E+38 3.4028235E+38 3.4028235E+38 3.4028235E+38 3.4028235E+38
3.4028235E+38 3.4028235E+38 3.4028235E+38 3.4028235E+38 3.4028235E+38 3.4028235E+38 3.4028235E+38 3.4028235E+38 3.4028235E+38 3.4028235E+38 3.4028235E+38 3.4028235E+38 3.4028235E+38 3.4028235E+38 3.4028235E+38 3.4028235E+38 3.4028235E+38 3.4028235E+38 3.4028235E+38 3.4028235E+38 3.4028235E+38 0.2845386 0.2871969 0.2897788 0.3412791 0.2955615 0.2967296 0.2996816 0.3030496 0.3049146 0.3084552 0.3111723 0.3129819 0.3127025 0.3170749 3.4028235E+38 3.4028235E+38 3.4028235E+38 3.4028235E+38 3.4028235E+38 3.4028235E+38 3.4028235E+38 3.4028235E+38 3.4028235E+38 3.4028235E+38 3.4028235E+38 3.4028235E+38 3.4028235E+38 3.4028235E+38 3.4028235E+38 3.4028235E+38 3.4028235E+38 3.4028235E+38 3.4028235E+38 3.4028235E+38 3.4028235E+38
3.4028235E+38 3.4028235E+38 3.4028235E+38 3.4028235E+38 3.4028235E+38 3.4028235E+38 3.4028235E+38 3.4028235E+38 3.4028235E+38 3.4028235E+38 3.4028235E+38 3.4028235E+38 3.4028235E+38 3.4028235E+38 3.4028235E+38 3.4028235E+38 3.4028235E+38 3.4028235E+38 3.4028235E+38 3.4028235E+38 3.4028235E+38 3.4028235E+38 3.4028235E+38 3.4028235E+38 0.2836291 0.2862596 0.2881978 0.2894132 0.2930838 0.2942446 0.2982368 0.3013083 0.3031796 3.4028235E+38 3.4028235E+38 3.4028235E+38 3.4028235E+38 3.4028235E+38 3.4028235E+38 3.4028235E+38 3.4028235E+38 3.4028235E+38 3.4028235E+38 3.4028235E+38 3.4028235E+38 3.4028235E+38 3.4028235E+38 3.4028235E+38 3.4028235E+38 3.4028235E+38 3.4028235E+38 3.4028235E+38 3.4028235E+38 3.4028235E+38 3.4028235E+38 3.4028235E+38
3.4028235E+38 3.4028235E+38 3.4028235E+38 3.4028235E+38 3.4028235E+38 3.4028235E+38 3.4028235E+38 3.4028235E+38 3.4028235E+38 3.4028235E+38 3.4028235E+38 3.4028235E+38 3.4028235E+38 3.4028235E+38 3.4028235E+38 3.4028235E+38 3.4028235E+38 3.4028235E+38 3.4028235E+38 3.4028235E+38 3.4028235E+38 3.4028235E+38 3.4028235E+38 3.4028235E+38 3.4028235E+38 0.3251280 0.3268681 0.2814164 3.4028235E+38 3.4028235E+38 3.4028235E+38 3.4028235E+38 3.4028235E+38 3.4028235E+38 3.4028235E+38 3.4028235E+38 3.4028235E+38 3.4028235E+38 3.4028235E+38 3.4028235E+38 3.4028235E+38 3.4028235E+38 3.4028235E+38 3.4028235E+38 3.4028235E+38 3.4028235E+38 3.4028235E+38 3.4028235E+38 3.4028235E+38 3.4028235E+38 3.4028235E+38 3.4028235E+38 3.4028235E+38 3.4028235E+38 3.4028235E+38 3.4028235E+38
