LUCAS_GEMMES_COP27/includes/subsidence/Scenario_B2/tmp/TOT_SUBSIDENCE_2050_SINCE_2018_MKD_ONLY.ASC
NCOLS                318
NROWS                364
XLLCORNER      400000.00
YLLCORNER      907000.00
CELLSIZE         1000.00
NODATA_VALUE    0.3402823E+39
[rows 192 to 215 of 364, columns 220 to 274 of 318]
0.5012565 0.5098899 0.5191051 0.5236100 0.5237446 0.5222267 0.5144904 0.5116758 0.5031037 0.4981261 0.4916726 0.4877943 0.4799469 0.4760418 0.4711237 0.4687680 0.4669703 0.4635822 0.4621649 0.4658906 0.4726799 0.4760136 0.4746204 0.4845960 0.4916477 0.4998316 0.5089619 0.5146095 0.5121868 0.5152338 0.5151008 0.5107489 0.5054206 0.4947606 0.4749028 0.4932604 0.4880505 0.4927919 0.5016259 0.4791467 0.4509244 0.4531904 0.4420052 0.4348688 0.4266046 0.4154786 0.4009544 0.3850055 3.4028235E+38 3.4028235E+38 3.4028235E+38 3.4028235E+38 3.4028235E+38 3.4028235E+38 3.4028235E+38
0.4986669 0.4890444 0.4887550 0.4936090 0.4985848 0.4978530 0.4942621 0.4928863 0.4824526 0.4771810 0.4712129 0.4667755 0.4626931 0.4572513 0.4544183 0.4488604 0.4508929 0.4518400 0.4487665 0.4552386 0.4641534 0.4728915 0.4760786 0.4818573 0.4876672 0.4913616 0.5001663 0.5078301 0.5132271 0.5152617 0.5191553 0.5125643 0.5009476 0.4773553 0.4683525 0.4891707 0.4983731 0.5044253 0.5079060 0.4855427 0.4490694 0.4389777 0.4454841 0.4360679 0.4304772 0.4209878 0.4074571 0.3895716 0.3661135 0.3613894 0.3597629 3.4028235E+38 3.4028235E+38 3.4028235E+38 3.4028235E+38
0.4771467 0.4737113 0.4704066 0.4676681 0.4745541 0.4734673 0.4725053 0.4705186 0.4634255 0.4565102 0.4480380 0.4449003 0.4458705 0.4442399 0.4351130 0.4307182 0.4301927 0.4381041 0.4435697 0.4469954 0.4491992 0.4525678 0.4651254 0.4710196 0.4753584 0.4833825 0.4886259 0.4963186 0.5014954 0.5108687 0.5118703 0.5081654 0.5013752 0.4765139 0.4851156 0.5019450 0.5119152 0.5253377 0.5123880 0.4967540 0.4648613 0.4348885 0.4298663 0.4388258 0.4269685 0.4224535 0.4139355 0.4008139 0.3764140 0.3712361 0.3626543 0.3550373 3.4028235E+38 3.4028235E+38 3.4028235E+38
0.4631111 0.4697012 0.4665665 0.4624135 0.4600759 0.4580463 0.4560913 0.4485989 0.4398424 0.4349421 0.4325805 0.4325144 0.4348115 0.4309072 0.4254552 0.4173470 0.4243675 0.4338338 0.4413933 0.4472108 0.4504346 0.4522173 0.4550453 0.4567842 0.4678157 0.4743657 0.4808324 0.4889753 0.4956044 0.5023221 0.5028852 0.4939667 0.5046024 0.5028808 0.5072325 0.5133665 0.5216846 0.5258061 0.5236555 0.5046600 0.4808826 0.4460881 0.4313383 0.4328608 0.4112296 0.4176333 0.4213901 0.4018487 0.3790035 0.3782930 0.3666774 0.3598738 3.4028235E+38 3.4028235E+38 3.4028235E+38
0.4682009 0.4646488 0.4581616 0.4528517 0.4476962 0.4447945 0.4396125 0.4295699 0.4307314 0.4274140 0.4231160 0.4246724 0.4250348 0.4235115 0.4199470 0.4159389 0.4253915 0.4331181 0.4407130 0.4494701 0.4510328 0.4558098 0.4550368 0.4578091 0.4590496 0.4619194 0.4737420 0.4831190 0.4859104 0.4959749 0.4925309 0.4943711 0.5083661 0.5171847 0.5170380 0.5255647 0.5262572 0.5345464 0.5265745 0.5216691 0.4919637 0.4608545 0.4614553 0.4576176 0.4412922 0.4533911 0.4300369 0.4149601 0.3921114 0.3836692 0.3782283 0.3654309 3.4028235E+38 3.4028235E+38 3.4028235E+38
0.4727823 0.4693449 0.4644215 0.4607203 0.4544314 0.4482191 0.4377195 0.4226429 0.4204499 0.4174902 0.4150453 0.4158525 0.4120458 0.4076973 0.4110506 0.4172326 0.4268769 0.4318386 0.4446814 0.4489364 0.4541528 0.4575914 0.4584129 0.4624935 0.4645835 0.4643098 0.4656475 0.4670187 0.4609659 0.4767308 0.4840777 0.4875927 0.5026338 0.5085964 0.5175540 0.5209826 0.5249147 0.5319409 0.5338787 0.5278877 0.5103810 0.4838976 0.4822150 0.4768807 0.4588860 0.4599778 0.4475134 0.4172766 0.3973623 0.3767992 0.3782122 0.3765417 3.4028235E+38 3.4028235E+38 3.4028235E+38
0.4759163 0.4723877 0.4700136 0.4654591 0.4573648 0.4500462 0.4421268 0.4309319 0.4292872 0.4260655 0.4224531 0.4193625 0.4137397 0.4146252 0.4178104 0.4189215 0.4301948 0.4372787 0.4452463 0.4512988 0.4579527 0.4592705 0.4619434 0.4668173 0.4686732 0.4709246 0.4712341 0.4677122 0.4627213 0.4701011 0.4725909 0.4899043 0.4915196 0.4974651 0.5044116 0.5185723 0.5251741 0.5427136 0.5355800 0.5363381 0.5223140 0.4991694 0.4855196 0.4780732 0.4570891 0.4505304 0.4370098 0.4311605 0.3980500 0.3995125 0.3908223 0.3783256 3.4028235E+38 3.4028235E+38 3.4028235E+38
0.4723261 0.4730230 0.4732209 0.4680025 0.4607508 0.4557905 0.4477078 0.4401560 0.4363585 0.4317045 0.4257873 0.4216178 0.4156145 0.4135599 0.4169549 0.4196638 0.4328673 0.4421424 0.4513508 0.4560746 0.4604788 0.4613988 0.4665631 0.4692834 0.4736149 0.4754982 0.4741029 0.4777570 0.4778309 0.4816410 0.4740451 0.4748592 0.4729524 0.4839096 0.4896063 0.5037246 0.5239086 0.5406230 0.5357878 0.5319479 0.5215548 0.5073258 0.4854352 0.4665976 0.4514406 0.4297542 0.4075547 0.4072863 0.4080256 0.4060389 0.3936301 0.3978247 0.3785496 3.4028235E+38 3.4028235E+38
0.4662359 0.4725799 0.4711969 0.4682871 0.4646107 0.4604889 0.4541865 0.4482912 0.4408624 0.4350598 0.4234473 0.4216036 0.4190546 0.4259974 0.4246058 0.4304615 0.4353691 0.4434323 0.4491100 0.4561285 0.4599526 0.4660956 0.4657199 0.4698623 0.4771735 0.4794601 0.4800778 0.4865582 0.4841401 0.4868919 0.4841619 0.4891239 0.4724154 0.4676997 0.4676513 0.4661426 0.5229012 0.5470575 0.5455862 0.5472869 0.5210700 0.5137830 0.4879231 0.4628738 0.4366047 0.4279492 0.4196272 0.4239418 0.4081592 0.4104272 0.4039806 0.3971129 0.3819425 3.4028235E+38 3.4028235E+38
0.4639686 0.4664518 0.4676915 0.4672256 0.4642218 0.4611107 0.4557314 0.4511233 0.4471770 0.4402881 0.4306679 0.4297079 0.4296025 0.4310429 0.4309745 0.4362320 0.4386179 0.4444011 0.4511181 0.4545483 0.4604338 0.4611046 0.4618518 0.4676588 0.4794873 0.4791868 0.4844234 0.4891439 0.4896138 0.4908163 0.4923389 0.5033763 0.5080857 0.5063048 0.5090320 0.4664275 0.5660164 0.5554299 0.5541278 0.5356843 0.5271408 0.5079479 0.4943743 0.4638076 0.4490422 0.4295134 0.4269514 0.4196891 0.4194182 0.4084471 0.4062689 0.3910561 0.3741865 3.4028235E+38 3.4028235E+38
0.4613204 0.4604153 0.4618696 0.4639506 0.4628507 0.4643876 0.4587301 0.4553691 0.4486727 0.4416893 0.4348294 0.4325802 0.4339640 0.4333107 0.4309039 0.4369760 0.4427325 0.4502524 0.4531046 0.4566577 0.4575715 0.4624479 0.4599411 0.4652737 0.4710867 0.4783511 0.4843597 0.4913165 0.4921607 0.5031348 0.5033485 0.5190572 0.5344651 0.5480675 0.5439179 0.5491421 0.5508965 0.5527414 0.5384570 0.5464857 0.5221938 0.5214877 0.4913168 0.4839073 0.4487556 0.4468216 0.4264335 0.4372276 0.4193534 0.4239973 0.4103896 0.3961940 0.3793094 3.4028235E+38 3.4028235E+38
0.4603453 0.4543727 0.4562799 0.4600934 0.4610605 0.4619603 0.4582556 0.4580706 0.4511579 0.4471516 0.4389444 0.4371728 0.4348003 0.4319229 0.4277885 0.4337934 0.4404930 0.4469745 0.4503336 0.4555824 0.4540708 0.4561176 0.4583757 0.4617456 0.4631453 0.4694090 0.4773413 0.4939190 0.4983178 0.5011822 0.5122644 0.5172114 0.5213696 0.5318950 0.5430338 0.5386933 0.5429909 0.5359640 0.5403537 0.5256526 0.5199615 0.5012990 0.4929006 0.4713759 0.4547591 0.4346184 0.4253191 0.4326706 0.4246779 0.4112526 0.4076870 0.3940951 0.3774875 3.4028235E+38 3.4028235E+38
0.4550928 0.4534401 0.4497929 0.4543108 0.4603102 0.4624096 0.4585013 0.4579185 0.4519706 0.4486214 0.4400991 0.4353928 0.4300488 0.4265534 0.4196548 0.4257315 0.4360029 0.4442351 0.4522393 0.4544842 0.4527541 0.4533938 0.4549656 0.4578430 0.4621850 0.4646210 0.4678450 0.4820911 0.4861890 0.5088996 0.5069776 0.5209842 0.5196762 0.5350976 0.5279783 0.5328109 0.5290195 0.5341320 0.5314684 0.5325103 0.5103259 0.5036781 0.4916784 0.4766193 0.4514951 0.4490069 0.4290117 0.4385960 0.4188741 0.4152943 0.4051016 0.3918219 3.4028235E+38 3.4028235E+38 3.4028235E+38
0.4506643 0.4510172 0.4477091 0.4553939 0.4559413 0.4570570 0.4582547 0.4569849 0.4538441 0.4481843 0.4402529 0.4365035 0.4258949 0.4179032 0.4156254 0.4174888 0.4278955 0.4369146 0.4420998 0.4485748 0.4477058 0.4477273 0.4507521 0.4526718 0.4516857 0.4501789 0.4579365 0.4708465 0.4858981 0.4974592 0.5073212 0.5022662 0.5195062 0.5150740 0.5278238 0.5156415 0.5213550 0.5194504 0.5101235 0.5132011 0.5049221 0.4973359 0.4848024 0.4681311 0.4598805 0.4409486 0.4377940 0.4262399 0.4220099 0.4137772 0.3950393 0.3879475 3.4028235E+38 3.4028235E+38 3.4028235E+38
0.4475683 0.4506071 0.4460231 0.4521874 0.4513599 0.4544152 0.4535092 0.4549353 0.4516442 0.4479842 0.4393535 0.4346243 0.4219128 0.4121929 0.4103212 0.4105529 0.4147538 0.4272568 0.4370776 0.4407658 0.4388930 0.4420816 0.4426683 0.4446684 0.4445384 0.4401689 0.4468551 0.4619416 0.4752775 0.4784283 0.4838543 0.4871236 0.4990209 0.5067602 0.5093228 0.5029151 0.5076084 0.4991995 0.5032598 0.5002732 0.4879497 0.4928238 0.4708804 0.4701828 0.4663326 0.4467151 0.4315199 0.4341155 0.4141868 0.4155587 0.3905315 3.4028235E+38 3.4028235E+38 3.4028235E+38 3.4028235E+38
0.4425998 0.4420590 0.4389562 0.4423223 0.4441341 0.4418423 0.4476747 0.4514570 0.4512851 0.4455149 0.4396135 0.4348148 0.4194827 0.4112481 0.4116821 0.4119576 3.4028235E+38 3.4028235E+38 3.4028235E+38 0.4297751 0.4312875 0.4323168 0.4346184 0.4368339 0.4384797 0.4380746 0.4398946 0.4520800 0.4593262 0.4647643 0.4746626 0.4793319 0.4815174 0.4815927 0.4928491 0.4986094 0.4942115 0.4861828 0.4908283 0.4881934 0.4815030 0.4706189 0.4606276 0.4621168 0.4548543 0.4360294 0.4310653 0.4184653 0.4140176 0.4050908 0.3905275 3.4028235E+38 3.4028235E+38 3.4028235E+38 3.4028235E+38
0.4375998 0.4372420 0.4344765 0.4445548 0.4411929 0.4389502 0.4458937 0.4490851 0.4468366 0.4458244 0.4415119 0.4341370 0.4184014 0.4107951 0.4098076 0.4059899 3.4028235E+38 3.4028235E+38 3.4028235E+38 3.4028235E+38 3.4028235E+38 0.4225992 0.4252280 0.4278769 0.4304418 0.4345702 0.4376569 0.4428983 0.4481674 0.4520488 0.4564326 0.4638315 0.4606547 0.4620908 0.4661503 0.4805935 0.4720454 0.4785760 0.4761755 0.4734608 0.4655334 0.4729390 0.4537724 0.4524774 0.4456929 0.4336973 0.4184686 0.4170381 0.4089476 0.3970702 3.4028235E+38 3.4028235E+38 3.4028235E+38 3.4028235E+38 3.4028235E+38
0.4338461 0.4279899 0.4256429 0.4281161 0.4289815 0.4341065 0.4397087 0.4431684 0.4425986 0.4412619 0.4389746 0.4287115 0.4157087 0.4076278 0.4068041 0.4033490 0.4042132 3.4028235E+38 3.4028235E+38 3.4028235E+38 3.4028235E+38 3.4028235E+38 0.4151960 0.4181607 0.4217559 0.4265128 0.4311768 0.4349194 0.4378503 0.4403732 0.4420770 0.4442117 0.4457633 0.4521360 0.4481215 0.4492022 0.4477656 0.4488131 0.4502154 0.4514446 0.4575387 0.4562848 0.4477004 0.4370012 0.4291388 0.4181969 0.4127627 0.4057752 0.4002755 0.3835721 3.4028235E+38 3.4028235E+38 3.4028235E+38 3.4028235E+38 3.4028235E+38
0.4285363 0.4230630 0.4227871 0.4236614 0.4242684 0.4345715 0.4372140 0.4427765 0.4404286 0.4409792 0.4349073 0.4293661 0.4173611 0.4074806 0.4016748 0.4035572 0.4048745 0.3989127 3.4028235E+38 3.4028235E+38 3.4028235E+38 3.4028235E+38 3.4028235E+38 3.4028235E+38 3.4028235E+38 0.4179700 0.4222440 0.4250188 0.4271654 0.4283415 0.4285707 0.4302028 0.4315729 0.4331999 0.4329866 0.4329122 0.4326424 0.4329458 0.4330446 0.4331390 0.4341611 0.4389736 0.4312041 0.4384326 0.4283438 0.4211752 0.4053867 0.4092712 0.3872306 3.4028235E+38 3.4028235E+38 3.4028235E+38 3.4028235E+38 3.4028235E+38 3.4028235E+38
0.4182718 0.4136496 0.4184659 0.4201627 0.4173879 0.4269990 0.4336112 0.4357952 0.4373805 0.4351901 0.4341655 0.4270261 0.4154255 0.4053758 0.3972030 0.3947379 0.3933558 0.3924033 0.3867319 0.3819446 3.4028235E+38 3.4028235E+38 3.4028235E+38 3.4028235E+38 3.4028235E+38 3.4028235E+38 0.4128974 0.4143758 0.4156848 0.4164911 0.4178918 0.4189501 0.4200068 0.4208534 0.4210334 0.4208269 0.4202557 0.4197340 0.4195455 0.4193918 0.4191484 0.4186775 0.4162900 0.4160776 0.4167812 0.4051002 0.4030613 0.3947148 3.4028235E+38 3.4028235E+38 3.4028235E+38 3.4028235E+38 3.4028235E+38 3.4028235E+38 3.4028235E+38
0.4106818 0.4076711 0.4066960 0.4132122 0.4105875 0.4238107 0.4261903 0.4317814 0.4297049 0.4316434 0.4249199 0.4203546 0.4147499 0.4029422 0.3961197 0.3952062 0.3867944 0.3870232 0.3844154 0.3753961 0.3734758 0.3680963 3.4028235E+38 3.4028235E+38 3.4028235E+38 3.4028235E+38 3.4028235E+38 3.4028235E+38 0.4051429 0.4063221 0.4069493 0.4083247 0.4098363 0.4109128 0.4112794 0.4110064 0.4102429 0.4092054 0.4081094 0.4072494 0.4064165 0.4053637 0.4044247 0.4082518 0.4054978 0.3995804 0.3926633 3.4028235E+38 3.4028235E+38 3.4028235E+38 3.4028235E+38 3.4028235E+38 3.4028235E+38 3.4028235E+38 3.4028235E+38
0.4020191 0.4012482 0.3975158 0.4050609 0.4024307 0.4130189 0.4175541 0.4202418 0.4207082 0.4217733 0.4186504 0.4128782 0.4097429 0.3994061 0.3895012 0.3856154 0.3791412 0.3761212 0.3771380 0.3707229 0.3625119 0.3584118 3.4028235E+38 3.4028235E+38 3.4028235E+38 3.4028235E+38 3.4028235E+38 3.4028235E+38 0.4221776 0.3951399 0.3949706 0.3975456 0.4003748 0.4023414 0.4032023 0.4030786 0.4021979 0.4008187 0.3991721 0.3974496 0.3957805 0.3940774 0.3920241 0.3899481 0.3862653 0.3812507 3.4028235E+38 3.4028235E+38 3.4028235E+38 3.4028235E+38 3.4028235E+38 3.4028235E+38 3.4028235E+38 3.4028235E+38 3.4028235E+38
0.3930591 0.3900729 0.3894178 0.3960859 0.3942780 0.4024152 0.4128746 0.4130215 0.4137503 0.4076300 0.4065118 0.4054135 0.4028111 0.3996399 0.3910659 0.3818030 0.3766499 0.3719113 0.3688757 0.3602065 0.3572246 0.3514582 3.4028235E+38 3.4028235E+38 3.4028235E+38 3.4028235E+38 3.4028235E+38 3.4028235E+38 3.4028235E+38 0.4062438 0.3788037 0.3849854 0.3903772 0.3936450 0.3951407 0.3953380 0.3945975 0.3932106 0.3914058 0.3893429 0.3869357 0.3846070 0.3820433 3.4028235E+38 3.4028235E+38 3.4028235E+38 3.4028235E+38 3.4028235E+38 3.4028235E+38 3.4028235E+38 3.4028235E+38 3.4028235E+38 3.4028235E+38 3.4028235E+38 3.4028235E+38
0.3832406 0.3798843 0.3845283 0.3883626 0.3872928 0.3908309 0.3985423 0.4008757 0.3984544 0.4004562 0.4011691 0.4017119 0.3996474 0.3946869 0.3852009 0.3783953 0.3655798 0.3605913 0.3578121 0.3479777 0.3453546 0.3447330 3.4028235E+38 3.4028235E+38 3.4028235E+38 3.4028235E+38 3.4028235E+38 3.4028235E+38 3.4028235E+38 3.4028235E+38 0.3523762 0.3724251 0.3811424 0.3850818 0.3871399 0.3874335 0.3866748 0.3852668 0.3834563 0.3813968 0.3789779 3.4028235E+38 3.4028235E+38 3.4028235E+38 3.4028235E+38 3.4028235E+38 3.4028235E+38 3.4028235E+38 3.4028235E+38 3.4028235E+38 3.4028235E+38 3.4028235E+38 3.4028235E+38 3.4028235E+38 3.4028235E+38
