LUCAS_GEMMES_COP27/includes/subsidence/Scenario_B2/tmp/TOT_SUBSIDENCE_2050_SINCE_2018_MKD_ONLY.ASC
NCOLS                318
NROWS                364
XLLCORNER      400000.00
YLLCORNER      907000.00
CELLSIZE         1000.00
NODATA_VALUE    0.3402823E+39
[rows 120 to 143 of 364, columns 165 to 219 of 318]
0.1972009 0.1927438 0.1910873 0.1899113 0.1898076 0.1890896 0.1871369 0.1860502 0.1850424 0.1839453 0.1820519 0.1809890 0.1821359 0.1815424 0.1808188 0.1811054 0.1824458 0.1820633 0.1823434 0.1823499 0.1822302 0.1825460 0.1824899 0.1831657 0.1835297 0.1831725 0.1839501 0.1843420 0.1843486 0.1847005 0.1853765 0.1856403 0.1857850 0.1855445 0.1861984 0.1863388 0.1863477 0.1864280 0.1860481 0.1891647 0.1925124 0.1970405 0.2006870 0.2032385 0.2058000 0.2084251 0.2112606 0.2161268 0.2209127 0.2231505 0.2263284 0.2297001 0.2329137 0.2358608 0.2398959
0.1961090 0.1949583 0.1940965 0.1934365 0.1924812 0.1911778 0.1901619 0.1893258 0.1889419 0.1869639 0.1862695 0.1827662 0.1825446 0.1826746 0.1831433 0.1840617 0.1842903 0.1837521 0.1840729 0.1839529 0.1837699 0.1834852 0.1836192 0.1841089 0.1843221 0.1840302 0.1847728 0.1851418 0.1849683 0.1851578 0.1853420 0.1860325 0.1861017 0.1856857 0.1862070 0.1863439 0.1862918 0.1861043 0.1863541 0.1907834 0.1944778 0.1982689 0.2019288 0.2062653 0.2077342 0.2098307 0.2144244 0.2180938 0.2229381 0.2261601 0.2280187 0.2309534 0.2356256 0.2372473 0.2386861
0.1993499 0.1975607 0.1971076 0.1976158 0.1965737 0.1939750 0.1928106 0.1927748 0.1924046 0.1900248 0.1895080 0.1876362 0.1870421 0.1824349 0.1823377 0.1852208 0.1851883 0.1853754 0.1855540 0.1855729 0.1850953 0.1850229 0.1850642 0.1854605 0.1853627 0.1852382 0.1858346 0.1859486 0.1856360 0.1861890 0.1858129 0.1864534 0.1864502 0.1858661 0.1865031 0.1864166 0.1863524 0.1865821 0.1890737 0.1927402 0.1977610 0.2015480 0.2040932 0.2075517 0.2119009 0.2135410 0.2182406 0.2201008 0.2235257 0.2281609 0.2292283 0.2327409 0.2342903 0.2370990 0.2395736
0.2031597 0.2025014 0.2017306 0.1999025 0.1975968 0.1978241 0.1963102 0.1963574 0.1937022 0.1923295 0.1909221 0.1894170 0.1884786 0.1871778 0.1841196 0.1836162 0.1851868 0.1852702 0.1851054 0.1868521 0.1863969 0.1865803 0.1862090 0.1862480 0.1861374 0.1861793 0.1867279 0.1867577 0.1862759 0.1868134 0.1863081 0.1868864 0.1868170 0.1861058 0.1867927 0.1866291 0.1862067 0.1871172 0.1911385 0.1950865 0.1990284 0.2040311 0.2077742 0.2099882 0.2131551 0.2160919 0.2206658 0.2233501 0.2242242 0.2281274 0.2284155 0.2315634 0.2346117 0.2366675 0.2371456
0.2070913 0.2067971 0.2058088 0.2027215 0.2009544 0.1997640 0.2001241 0.1993299 0.1961428 0.1948099 0.1937929 0.1926563 0.1914291 0.1902681 0.1887817 0.1850746 0.1875336 0.1871699 0.1854432 0.1877888 0.1878814 0.1881965 0.1877280 0.1874266 0.1871596 0.1874405 0.1874157 0.1868758 0.1868482 0.1875008 0.1869309 0.1867593 0.1864790 0.1863150 0.1869284 0.1869025 0.1870407 0.1906471 0.1934992 0.1987757 0.2014124 0.2068232 0.2106330 0.2141916 0.2148876 0.2173517 0.2220819 0.2222729 0.2228333 0.2264925 0.2270511 0.2321745 0.2350059 0.2345949 0.2362952
0.2120457 0.2108897 0.2093357 0.2076332 0.2055993 0.2047952 0.2039907 0.2017556 0.1995099 0.1974763 0.1963899 0.1962812 0.1951019 0.1927588 0.1912149 0.1870165 0.1866467 0.1896253 0.1883316 0.1887361 0.1890036 0.1893857 0.1893435 0.1886738 0.1882702 0.1886595 0.1885194 0.1876311 0.1883301 0.1884365 0.1882803 0.1872004 0.1868223 0.1866945 0.1865579 0.1859801 0.1878883 0.1932461 0.1962601 0.2017309 0.2042352 0.2083191 0.2136458 0.2147101 0.2167587 0.2180633 0.2187429 0.2221071 0.2221386 0.2239992 0.2284386 0.2327451 0.2355581 0.2374818 0.2386245
0.2164838 0.2146407 0.2119702 0.2123760 0.2113167 0.2099894 0.2084659 0.2054677 0.2039011 0.2031649 0.2012624 0.1998683 0.1973175 0.1955713 0.1946317 0.1925946 0.1889400 0.1882626 0.1873879 0.1863852 0.1878973 0.1874826 0.1903000 0.1902989 0.1894885 0.1892186 0.1882998 0.1869006 0.1889392 0.1893614 0.1891748 0.1879419 0.1874528 0.1882024 0.1879529 0.1866217 0.1902879 0.1944002 0.1989453 0.2032020 0.2071754 0.2110427 0.2158931 0.2165382 0.2205190 0.2216157 0.2182770 0.2198944 0.2232991 0.2245796 0.2306269 0.2339902 0.2356779 0.2362653 0.2385865
0.2223388 0.2204718 0.2165145 0.2168230 0.2162593 0.2142197 0.2122906 0.2098837 0.2083790 0.2072817 0.2055661 0.2035393 0.2002975 0.1988369 0.1988118 0.1969040 0.1949806 0.1904677 0.1889262 0.1876449 0.1883749 0.1851102 0.1907245 0.1911991 0.1901881 0.1899806 0.1886494 0.1873684 0.1894294 0.1902371 0.1899629 0.1885848 0.1881085 0.1878119 0.1862617 0.1867093 0.1924198 0.1967706 0.2043255 0.2063679 0.2098729 0.2143817 0.2177127 0.2172715 0.2179314 0.2202704 0.2212310 0.2219202 0.2245269 0.2260308 0.2304590 0.2327797 0.2350900 0.2356903 0.2383500
0.2283148 0.2262897 0.2224701 0.2217457 0.2202731 0.2165055 0.2145020 0.2123243 0.2109106 0.2106170 0.2091576 0.2071237 0.2050077 0.2027879 0.2014485 0.2001160 0.1975248 0.1936790 0.1909180 0.1898331 0.1886553 0.1913078 0.1908633 0.1894922 0.1905574 0.1905806 0.1899214 0.1896160 0.1904936 0.1910400 0.1906926 0.1892030 0.1898676 0.1897028 0.1869901 0.1897675 0.1945745 0.1999886 0.2051282 0.2096001 0.2114021 0.2147587 0.2163578 0.2192037 0.2169636 0.2178528 0.2222736 0.2211869 0.2209011 0.2243399 0.2278544 0.2308055 0.2344187 0.2354855 0.2380689
0.2348613 0.2339412 0.2313640 0.2270131 0.2253994 0.2223892 0.2188295 0.2166555 0.2144326 0.2147058 0.2124116 0.2104310 0.2075762 0.2047201 0.2021285 0.2014200 0.2002368 0.1985065 0.1928207 0.1912375 0.1890352 0.1895660 0.1887585 0.1900559 0.1906804 0.1905412 0.1907122 0.1904910 0.1912411 0.1914969 0.1911961 0.1898251 0.1895490 0.1899814 0.1902340 0.1947774 0.1996133 0.2030200 0.2078754 0.2113307 0.2116537 0.2079905 0.2094380 0.2185886 0.2130936 0.2184292 0.2206810 0.2212938 0.2197074 0.2259571 0.2284292 0.2286130 0.2317758 0.2350249 0.2369918
0.2421264 0.2396923 0.2371754 0.2323674 0.2286508 0.2279260 0.2256489 0.2231646 0.2207049 0.2172242 0.2126063 0.2119772 0.2099469 0.2071214 0.2050324 0.2031969 0.2024876 0.1996730 0.1966812 0.1924811 0.1912784 0.1909060 0.1898836 0.1890493 0.1880930 0.1874734 0.1899039 0.1888904 0.1890447 0.1907497 0.1915593 0.1906139 0.1928886 0.1912144 0.1917508 0.1985808 0.2062659 0.2106496 0.2138642 0.2138329 0.2071738 0.2098472 0.2202729 0.2235816 0.2210875 0.2162443 0.2173700 0.2189715 0.2209535 0.2230948 0.2247127 0.2262666 0.2308053 0.2343175 0.2363668
0.2496412 0.2462478 0.2429434 0.2398930 0.2357669 0.2328628 0.2306338 0.2274802 0.2243251 0.2201255 0.2173393 0.2143212 0.2139025 0.2118207 0.2098980 0.2076173 0.2036431 0.2009365 0.1995163 0.1947763 0.1932473 0.1910502 0.1906906 0.1899296 0.1888147 0.1878812 0.1873704 0.1902346 0.1881786 0.1901514 0.1904985 0.1912519 0.1904960 0.1905099 0.1959984 0.2044945 0.2096866 0.2135952 0.2147749 0.2085239 0.2099461 0.2202984 0.2215437 0.2226126 0.2235199 0.2232510 0.2191225 0.2199730 0.2216111 0.2238785 0.2255737 0.2275914 0.2302195 0.2327408 0.2349136
0.2571612 0.2530982 0.2492460 0.2444215 0.2391993 0.2376892 0.2351989 0.2315464 0.2284496 0.2243424 0.2207742 0.2180038 0.2153559 0.2144245 0.2134325 0.2108822 0.2071184 0.2036562 0.2017971 0.1987469 0.1964812 0.1933488 0.1917073 0.1906448 0.1895591 0.1883161 0.1869763 0.1861582 0.1849405 0.1891246 0.1900999 0.1918538 0.1964877 0.1983964 0.2013158 0.2083415 0.2121872 0.2136416 0.2103420 0.2124421 0.2220061 0.2249784 0.2258359 0.2262059 0.2254302 0.2257811 0.2250937 0.2215020 0.2228009 0.2246636 0.2266208 0.2287546 0.2308291 0.2331231 0.2354027
0.2647072 0.2601254 0.2554594 0.2505827 0.2450605 0.2431332 0.2400981 0.2361099 0.2331755 0.2302509 0.2271566 0.2233974 0.2185156 0.2162431 0.2150680 0.2134349 0.2103261 0.2067431 0.2051766 0.2018002 0.1993231 0.1981306 0.1961975 0.1947253 0.1932646 0.1914251 0.1893518 0.1862280 0.1857073 0.1855216 0.1845545 0.1883316 0.1940611 0.1993113 0.2046342 0.2103790 0.2101272 0.2103777 0.2117220 0.2217584 0.2250582 0.2267321 0.2284350 0.2276794 0.2262168 0.2260198 0.2269613 0.2257101 0.2266109 0.2248599 0.2275531 0.2299920 0.2319542 0.2338338 0.2358990
0.2693661 0.2629466 0.2608641 0.2567690 0.2523977 0.2487500 0.2447820 0.2406967 0.2373973 0.2339890 0.2304734 0.2274470 0.2240467 0.2200611 0.2160363 0.2149744 0.2130088 0.2100468 0.2064866 0.2050044 0.2024073 0.2013751 0.1986624 0.1971293 0.1955218 0.1925974 0.1884964 0.1873742 0.1890940 0.1859802 0.1858400 0.1881693 0.1931929 0.2015444 0.2099352 0.2084706 0.2115391 0.2123957 0.2184274 0.2218655 0.2241561 0.2255746 0.2260565 0.2268310 0.2279016 0.2278600 0.2274239 0.2275863 0.2277583 0.2280508 0.2297488 0.2327057 0.2333496 0.2352440 0.2371691
0.2779693 0.2708943 0.2675044 0.2629788 0.2581541 0.2536465 0.2489393 0.2453989 0.2420577 0.2378553 0.2341932 0.2308176 0.2278874 0.2244606 0.2211452 0.2180978 0.2155281 0.2127945 0.2096551 0.2067782 0.2037343 0.2020948 0.2000604 0.2009503 0.1989513 0.1943297 0.1932776 0.1921351 0.1920788 0.1913580 0.1906158 0.1913871 0.1929666 0.1986226 0.2104179 0.2168582 0.2210175 0.2190382 0.2139129 0.2221853 0.2259346 0.2284683 0.2277339 0.2277723 0.2283007 0.2289887 0.2289040 0.2281229 0.2290794 0.2304792 0.2318902 0.2340385 0.2367843 0.2390620 0.2413541
0.2841472 0.2783455 0.2733374 0.2682610 0.2632873 0.2581022 0.2536000 0.2500352 0.2463797 0.2418343 0.2384048 0.2351409 0.2308891 0.2271788 0.2239964 0.2209323 0.2179632 0.2152461 0.2128441 0.2094846 0.2066243 0.2046486 0.2025173 0.2023818 0.1971003 0.1959432 0.1958866 0.1951949 0.1941734 0.1932468 0.1922423 0.1922106 0.1985925 0.2054673 0.2127848 0.2192901 0.2233041 0.2204921 0.2180194 0.2188887 0.2286258 0.2262784 0.2207391 0.2216931 0.2243721 0.2257439 0.2262077 0.2277592 0.2276943 0.2307665 0.2327996 0.2353968 0.2381211 0.2409676 0.2440797
0.2894174 0.2840172 0.2784730 0.2731293 0.2680367 0.2628683 0.2591018 0.2551482 0.2502967 0.2460111 0.2420927 0.2382132 0.2339134 0.2305965 0.2273319 0.2236023 0.2204637 0.2179540 0.2149458 0.2122512 0.2097519 0.2070611 0.2052226 0.2034696 0.2006326 0.1989018 0.1980066 0.1967305 0.1956693 0.1942852 0.1928696 0.1932824 0.2011763 0.2080417 0.2144541 0.2207140 0.2262813 0.2264813 0.2232948 0.2295041 0.2290207 0.2285309 0.2271042 0.2284925 0.2317899 0.2324661 0.2317132 0.2287411 0.2298619 0.2328323 0.2347171 0.2366780 0.2389092 0.2415566 0.2472476
0.2923401 0.2885885 0.2830558 0.2774921 0.2722790 0.2674443 0.2636718 0.2599802 0.2544717 0.2494907 0.2463278 0.2414802 0.2374635 0.2338798 0.2302583 0.2263875 0.2233215 0.2201499 0.2164861 0.2137707 0.2119121 0.2087674 0.2059351 0.2033067 0.2014444 0.2011537 0.2000605 0.1982639 0.1969570 0.1948824 0.1936388 0.1978510 0.2029826 0.2099818 0.2157752 0.2210243 0.2272255 0.2312394 0.2332704 0.2348999 0.2311619 0.2346368 0.2344115 0.2335677 0.2346315 0.2369779 0.2370158 0.2367547 0.2367048 0.2356698 0.2374419 0.2393601 0.2417183 0.2466206 0.2505705
0.2967056 0.2906789 0.2865761 0.2813249 0.2770706 0.2731428 0.2678849 0.2632575 0.2585458 0.2535398 0.2497478 0.2451082 0.2413615 0.2372304 0.2333954 0.2292007 0.2258588 0.2220992 0.2187006 0.2158721 0.2132964 0.2107497 0.2074002 0.2053420 0.2027116 0.2031995 0.2018277 0.1998282 0.1981571 0.1960183 0.1958250 0.2008173 0.2056782 0.2119641 0.2166380 0.2215808 0.2272769 0.2325979 0.2354378 0.2360128 0.2331932 0.2365304 0.2387305 0.2394841 0.2380906 0.2408135 0.2414907 0.2418667 0.2423368 0.2429152 0.2434604 0.2459999 0.2483124 0.2512657 0.2540610
0.3003042 0.2941486 0.2885396 0.2850858 0.2807878 0.2768411 0.2716372 0.2668783 0.2625501 0.2577146 0.2531613 0.2490800 0.2451479 0.2409407 0.2359467 0.2317546 0.2283527 0.2250712 0.2211013 0.2178439 0.2139277 0.2118122 0.2097988 0.2080125 0.2050261 0.2051253 0.2042453 0.2017647 0.1992741 0.1972180 0.1969579 0.2035944 0.2083843 0.2133941 0.2186393 0.2235211 0.2288068 0.2337548 0.2365586 0.2370377 0.2364616 0.2407308 0.2420784 0.2427126 0.2393660 0.2404369 0.2456575 0.2464522 0.2472541 0.2470978 0.2486699 0.2515099 0.2534810 0.2556939 0.2582236
0.3027434 0.2967034 0.2908614 0.2881075 0.2838047 0.2795225 0.2745656 0.2704078 0.2659893 0.2610798 0.2568838 0.2527253 0.2486735 0.2443883 0.2371122 0.2337130 0.2309933 0.2269259 0.2210150 0.2194863 0.2166428 0.2153113 0.2139496 0.2121613 0.2102246 0.2079938 0.2061919 0.2041026 0.2016825 0.2000712 0.2025683 0.2069392 0.2118757 0.2160714 0.2208102 0.2266244 0.2313180 0.2353989 0.2379774 0.2365717 0.2383997 0.2441373 0.2454733 0.2461119 0.2468708 0.2461195 0.2496140 0.2506628 0.2518782 0.2517733 0.2533884 0.2551148 0.2570208 0.2590127 0.2619384
0.3037308 0.2981746 0.2933214 0.2892545 0.2862690 0.2823345 0.2783076 0.2739460 0.2697280 0.2654046 0.2605090 0.2568688 0.2528893 0.2475840 0.2423645 0.2384640 0.2343016 0.2288322 0.2248174 0.2228878 0.2217192 0.2195406 0.2172907 0.2152196 0.2133903 0.2110830 0.2089661 0.2067438 0.2044785 0.2032927 0.2063161 0.2107615 0.2147138 0.2189315 0.2234832 0.2281181 0.2321140 0.2373196 0.2398665 0.2384099 0.2427837 0.2477539 0.2497064 0.2499092 0.2521027 0.2481627 0.2492271 0.2527827 0.2546596 0.2560487 0.2576096 0.2606882 0.2623742 0.2629510 0.2643782
0.3060579 0.2998726 0.2953056 0.2883382 0.2886080 0.2856784 0.2818627 0.2776598 0.2732149 0.2693255 0.2645535 0.2610865 0.2558688 0.2509058 0.2464953 0.2417822 0.2367553 0.2328735 0.2304189 0.2285100 0.2262116 0.2237105 0.2212089 0.2189531 0.2165949 0.2144023 0.2120834 0.2095542 0.2054174 0.2054397 0.2104150 0.2146985 0.2182009 0.2230723 0.2273418 0.2316812 0.2350771 0.2380147 0.2416553 0.2429122 0.2457026 0.2514406 0.2517887 0.2495860 0.2538800 0.2534962 0.2539524 0.2566680 0.2601686 0.2616003 0.2633107 0.2652633 0.2670194 0.2685008 0.2693427
