LUCAS_GEMMES_COP27/includes/subsidence/Scenario_B2/tmp/TOT_SUBSIDENCE_2060_SINCE_2018_MKD_ONLY.ASC
NCOLS                318
NROWS                364
XLLCORNER      400000.00
YLLCORNER      907000.00
CELLSIZE         1000.00
NODATA_VALUE    0.3402823E+39
[rows 96 to 119 of 364, columns 165 to 219 of 318]
0.2222766 0.2231844 0.2244248 0.2249565 0.2254372 0.2250389 0.2256600 0.2252164 0.2251139 0.2256854 0.2258244 0.2259543 0.2261273 0.2267073 0.2285432 0.2306829 0.2318957 0.2342654 0.2377379 0.2418472 0.2444011 0.2459447 0.2462324 0.2478187 0.2511398 0.2524509 0.2535996 0.2553925 0.2556593 0.2566790 0.2578617 0.2589554 0.2599060 0.2607689 0.2614475 0.2618751 0.2623275 0.2625811 0.2630452 0.2634388 0.2621810 0.2628435 0.2618578 0.2610795 0.2613244 0.2610416 0.2602099 0.2590691 0.2588728 0.2575831 0.2570727 0.2561326 0.2565059 0.2563204 0.2594636
0.2213261 0.2224235 0.2242859 0.2248840 0.2247561 0.2246421 0.2243083 0.2244455 0.2238049 0.2241964 0.2246715 0.2249313 0.2242954 0.2244460 0.2258608 0.2283070 0.2301019 0.2320211 0.2352253 0.2382149 0.2412520 0.2426603 0.2429739 0.2446997 0.2486685 0.2509495 0.2524192 0.2538774 0.2540871 0.2554303 0.2566455 0.2577264 0.2587487 0.2596167 0.2602944 0.2609466 0.2614166 0.2611945 0.2622017 0.2627902 0.2622368 0.2615471 0.2604918 0.2593558 0.2589288 0.2586105 0.2576454 0.2564794 0.2564728 0.2533416 0.2540819 0.2554180 0.2574320 0.2594800 0.2627006
0.2214318 0.2222073 0.2232157 0.2239201 0.2240870 0.2237320 0.2244003 0.2243331 0.2230549 0.2234277 0.2238342 0.2242076 0.2233697 0.2231431 0.2240189 0.2261392 0.2284440 0.2299638 0.2334624 0.2358639 0.2394697 0.2420595 0.2430124 0.2445880 0.2478050 0.2493898 0.2499145 0.2515061 0.2529813 0.2543441 0.2555733 0.2567421 0.2577190 0.2590303 0.2591139 0.2594151 0.2598432 0.2599968 0.2608932 0.2606959 0.2605086 0.2596028 0.2591419 0.2586453 0.2587825 0.2582400 0.2568906 0.2550706 0.2521525 0.2538316 0.2577081 0.2576262 0.2592050 0.2616476 0.2652604
0.2232058 0.2229389 0.2233812 0.2247267 0.2247041 0.2244844 0.2247076 0.2241751 0.2232819 0.2231789 0.2236259 0.2235593 0.2227802 0.2226492 0.2225356 0.2238967 0.2257981 0.2277609 0.2304080 0.2333560 0.2367921 0.2393027 0.2415474 0.2437764 0.2459727 0.2481518 0.2488057 0.2504568 0.2520637 0.2536743 0.2547159 0.2558455 0.2568854 0.2577986 0.2582702 0.2583327 0.2586670 0.2592204 0.2594402 0.2589220 0.2587669 0.2584173 0.2580004 0.2575853 0.2579511 0.2578335 0.2567551 0.2552222 0.2538425 0.2565678 0.2572274 0.2595167 0.2621867 0.2641160 0.2676733
0.2239854 0.2239036 0.2242786 0.2248963 0.2246666 0.2246844 0.2243029 0.2240306 0.2237729 0.2229445 0.2228014 0.2222094 0.2221831 0.2217861 0.2213823 0.2216257 0.2235257 0.2234319 0.2271332 0.2310808 0.2341331 0.2375908 0.2405844 0.2422607 0.2440885 0.2465160 0.2477286 0.2494238 0.2510961 0.2529163 0.2544391 0.2550657 0.2562659 0.2576861 0.2574617 0.2576202 0.2579723 0.2580633 0.2579191 0.2579962 0.2577316 0.2576074 0.2572833 0.2565880 0.2567207 0.2572711 0.2557594 0.2536301 0.2550855 0.2581754 0.2601438 0.2603295 0.2642841 0.2676196 0.2713729
0.2235499 0.2246009 0.2243727 0.2250938 0.2247919 0.2243637 0.2233393 0.2238212 0.2235000 0.2225007 0.2215512 0.2210585 0.2204718 0.2199261 0.2193685 0.2191046 0.2191031 0.2208664 0.2246528 0.2293967 0.2329525 0.2361801 0.2393907 0.2410734 0.2429555 0.2454695 0.2471524 0.2491778 0.2506791 0.2521700 0.2540130 0.2548802 0.2556514 0.2568063 0.2573228 0.2575945 0.2578518 0.2579208 0.2568818 0.2567734 0.2566709 0.2567290 0.2562950 0.2561910 0.2557514 0.2560632 0.2548511 0.2543292 0.2569528 0.2597793 0.2624995 0.2630968 0.2643664 0.2686359 0.2730639
0.2244357 0.2245088 0.2244182 0.2247312 0.2249157 0.2244343 0.2239485 0.2234178 0.2229299 0.2216576 0.2207545 0.2200129 0.2191182 0.2181789 0.2171541 0.2164436 0.2163286 0.2207409 0.2246295 0.2292101 0.2326297 0.2347614 0.2374105 0.2400244 0.2426952 0.2449671 0.2473053 0.2489789 0.2504103 0.2519314 0.2534750 0.2544780 0.2551988 0.2563197 0.2564767 0.2564835 0.2566537 0.2566304 0.2564950 0.2564920 0.2562930 0.2562703 0.2552642 0.2545692 0.2554948 0.2559372 0.2543368 0.2557433 0.2588896 0.2610971 0.2647673 0.2668660 0.2684912 0.2712680 0.2761849
0.2243478 0.2243264 0.2244077 0.2249954 0.2250701 0.2244298 0.2239134 0.2235186 0.2223280 0.2210911 0.2202037 0.2191101 0.2179163 0.2165709 0.2150812 0.2124309 0.2149811 0.2198359 0.2245784 0.2285134 0.2318466 0.2339281 0.2370747 0.2402491 0.2424656 0.2440005 0.2464883 0.2490266 0.2496789 0.2514556 0.2530706 0.2538330 0.2545388 0.2552858 0.2558315 0.2561210 0.2561950 0.2561004 0.2559419 0.2559460 0.2558726 0.2558604 0.2556456 0.2555773 0.2556904 0.2560052 0.2556009 0.2587173 0.2617014 0.2642931 0.2676177 0.2710726 0.2723149 0.2756962 0.2786151
0.2253238 0.2255755 0.2257284 0.2255070 0.2255254 0.2248521 0.2245432 0.2237446 0.2220972 0.2207310 0.2197062 0.2184100 0.2169856 0.2152082 0.2133879 0.2112502 0.2159736 0.2198605 0.2239446 0.2272718 0.2310828 0.2337059 0.2364270 0.2389563 0.2412565 0.2422689 0.2434256 0.2472123 0.2491723 0.2509069 0.2524343 0.2533402 0.2540987 0.2546535 0.2553432 0.2562808 0.2564306 0.2558286 0.2554831 0.2555192 0.2555697 0.2555319 0.2556668 0.2561277 0.2560600 0.2552593 0.2571967 0.2608225 0.2638332 0.2663929 0.2696037 0.2729723 0.2757012 0.2785911 0.2832308
0.2262297 0.2269287 0.2265235 0.2260409 0.2256846 0.2248055 0.2240169 0.2240085 0.2224578 0.2205695 0.2195636 0.2180198 0.2168913 0.2148393 0.2109816 0.2113794 0.2164575 0.2201363 0.2231018 0.2264828 0.2314287 0.2343296 0.2362313 0.2388228 0.2412421 0.2432756 0.2443334 0.2470597 0.2487228 0.2505053 0.2517367 0.2526490 0.2537090 0.2543954 0.2544909 0.2553743 0.2558252 0.2552007 0.2550288 0.2553021 0.2554808 0.2555882 0.2564453 0.2559230 0.2561601 0.2569723 0.2606754 0.2629143 0.2656596 0.2689712 0.2726001 0.2759984 0.2799231 0.2825381 0.2878119
0.2265407 0.2271087 0.2266306 0.2259526 0.2261641 0.2252903 0.2236521 0.2233148 0.2222384 0.2206182 0.2193352 0.2177799 0.2163872 0.2149015 0.2126676 0.2134516 0.2176138 0.2210971 0.2226502 0.2263924 0.2314486 0.2328687 0.2351767 0.2384331 0.2397695 0.2413830 0.2446562 0.2467965 0.2482715 0.2497990 0.2511723 0.2521701 0.2535565 0.2547356 0.2547286 0.2546733 0.2546597 0.2546554 0.2552882 0.2552664 0.2552457 0.2554526 0.2551627 0.2551673 0.2545540 0.2577630 0.2622153 0.2652553 0.2684456 0.2716317 0.2754568 0.2791245 0.2832847 0.2864916 0.2908365
0.2273478 0.2274017 0.2275406 0.2271735 0.2267491 0.2261283 0.2242541 0.2233106 0.2222199 0.2208585 0.2184976 0.2169999 0.2165131 0.2145868 0.2146279 0.2169968 0.2193971 0.2226769 0.2244220 0.2274364 0.2306627 0.2322063 0.2341008 0.2380240 0.2386441 0.2398854 0.2442859 0.2469089 0.2479450 0.2494108 0.2504621 0.2516247 0.2526408 0.2533084 0.2546107 0.2545621 0.2544183 0.2546382 0.2547234 0.2549574 0.2549981 0.2544452 0.2555481 0.2549563 0.2550212 0.2597468 0.2635894 0.2674798 0.2710816 0.2744859 0.2779835 0.2822635 0.2869547 0.2913474 0.2939763
0.2292283 0.2291147 0.2287354 0.2283456 0.2283445 0.2270815 0.2256767 0.2247526 0.2230153 0.2212693 0.2192193 0.2187154 0.2169779 0.2165368 0.2176475 0.2192649 0.2212082 0.2235068 0.2257366 0.2288478 0.2314283 0.2346790 0.2367887 0.2379017 0.2403900 0.2412076 0.2439131 0.2458519 0.2477263 0.2494803 0.2502636 0.2509525 0.2517667 0.2525714 0.2534569 0.2537774 0.2541331 0.2542690 0.2541969 0.2547461 0.2549194 0.2551007 0.2551595 0.2541643 0.2570764 0.2616027 0.2659552 0.2700466 0.2735450 0.2767917 0.2813719 0.2857662 0.2911940 0.2951557 0.2972377
0.2304142 0.2304755 0.2291176 0.2294282 0.2296691 0.2281831 0.2272519 0.2255613 0.2237487 0.2221493 0.2202051 0.2195217 0.2188280 0.2193848 0.2199338 0.2211185 0.2230956 0.2250495 0.2266398 0.2289432 0.2312541 0.2343565 0.2348200 0.2363850 0.2400404 0.2418742 0.2439639 0.2457047 0.2470037 0.2484583 0.2504895 0.2510802 0.2517249 0.2525743 0.2529954 0.2536690 0.2538172 0.2538297 0.2541379 0.2545963 0.2548935 0.2552160 0.2559573 0.2566169 0.2598175 0.2637500 0.2666174 0.2709411 0.2751228 0.2793248 0.2836348 0.2870114 0.2921943 0.2972942 0.3015929
0.2309016 0.2315382 0.2304213 0.2307102 0.2317300 0.2304608 0.2284560 0.2267326 0.2251290 0.2232579 0.2223243 0.2218562 0.2214368 0.2217147 0.2221733 0.2233332 0.2249357 0.2273480 0.2284915 0.2299552 0.2322855 0.2340732 0.2345556 0.2374220 0.2401600 0.2419459 0.2440850 0.2455710 0.2471890 0.2483518 0.2499359 0.2508744 0.2516278 0.2523671 0.2528036 0.2539240 0.2537970 0.2539968 0.2541348 0.2545455 0.2551580 0.2553186 0.2560391 0.2578717 0.2609808 0.2639746 0.2669454 0.2710735 0.2781652 0.2814451 0.2851446 0.2868835 0.2921932 0.2984723 0.3024899
0.2335545 0.2330246 0.2322025 0.2329668 0.2334476 0.2321221 0.2302855 0.2289490 0.2272867 0.2266809 0.2251345 0.2241965 0.2237462 0.2237491 0.2242759 0.2252778 0.2263778 0.2281605 0.2296702 0.2310624 0.2327118 0.2346066 0.2364693 0.2383654 0.2404837 0.2420553 0.2439800 0.2455484 0.2469584 0.2481366 0.2490596 0.2504233 0.2513024 0.2521941 0.2525111 0.2533510 0.2534744 0.2535087 0.2539788 0.2545525 0.2549925 0.2552150 0.2562023 0.2592899 0.2621234 0.2652227 0.2692096 0.2724759 0.2767764 0.2832400 0.2879094 0.2918742 0.2964264 0.3021087 0.3064837
0.2360575 0.2353165 0.2346177 0.2350557 0.2347883 0.2338960 0.2326525 0.2321799 0.2300823 0.2287622 0.2271328 0.2268252 0.2261569 0.2262025 0.2264986 0.2281736 0.2287729 0.2299921 0.2309221 0.2322533 0.2336529 0.2353041 0.2368392 0.2387742 0.2406034 0.2420910 0.2442185 0.2453767 0.2468349 0.2476522 0.2486823 0.2497216 0.2509832 0.2519574 0.2521961 0.2529021 0.2526453 0.2529654 0.2535914 0.2542804 0.2548006 0.2552416 0.2557967 0.2602072 0.2639838 0.2678873 0.2711971 0.2742224 0.2794163 0.2856409 0.2903370 0.2952883 0.2997314 0.3047321 0.3091369
0.2374077 0.2380078 0.2363387 0.2362031 0.2358871 0.2347554 0.2341813 0.2336070 0.2324772 0.2259745 0.2288552 0.2293671 0.2288298 0.2282859 0.2285847 0.2296761 0.2297139 0.2307704 0.2321922 0.2338224 0.2349291 0.2361218 0.2373312 0.2391629 0.2407713 0.2420776 0.2439670 0.2452870 0.2463416 0.2464740 0.2480756 0.2495234 0.2503973 0.2516015 0.2516878 0.2520346 0.2522759 0.2529606 0.2531642 0.2539316 0.2545995 0.2547502 0.2561445 0.2613791 0.2655225 0.2698393 0.2744546 0.2787531 0.2827915 0.2871998 0.2922796 0.2975738 0.3018259 0.3071856 0.3126326
0.2399605 0.2398168 0.2389672 0.2383453 0.2379003 0.2374337 0.2363499 0.2366730 0.2351216 0.2311508 0.2307086 0.2309230 0.2304468 0.2307773 0.2305941 0.2309670 0.2315407 0.2323146 0.2336912 0.2350567 0.2360316 0.2369281 0.2379837 0.2396759 0.2410491 0.2422458 0.2440609 0.2453202 0.2462753 0.2462639 0.2485292 0.2495676 0.2499257 0.2506147 0.2511424 0.2515413 0.2523434 0.2528118 0.2528661 0.2533545 0.2538655 0.2544296 0.2583445 0.2625301 0.2682838 0.2721975 0.2767637 0.2812842 0.2859952 0.2897031 0.2945155 0.2995261 0.3039739 0.3088155 0.3144003
0.2433244 0.2425320 0.2416845 0.2423414 0.2404607 0.2392033 0.2389015 0.2386590 0.2367439 0.2335819 0.2323235 0.2321857 0.2328587 0.2331186 0.2320487 0.2314310 0.2333012 0.2339996 0.2352063 0.2358267 0.2369772 0.2379313 0.2387465 0.2401998 0.2414595 0.2425931 0.2441431 0.2453497 0.2464873 0.2477431 0.2494311 0.2497624 0.2497527 0.2500504 0.2508270 0.2516448 0.2520726 0.2522028 0.2520610 0.2527032 0.2532433 0.2544332 0.2601395 0.2640712 0.2693466 0.2739772 0.2777289 0.2832442 0.2878647 0.2919505 0.2965751 0.3022264 0.3071961 0.3115129 0.3173866
0.2440840 0.2443419 0.2449888 0.2440618 0.2426474 0.2420568 0.2418565 0.2405998 0.2384119 0.2362446 0.2344104 0.2335986 0.2345638 0.2348607 0.2339516 0.2327371 0.2343320 0.2346648 0.2361174 0.2368039 0.2377664 0.2386798 0.2396520 0.2407468 0.2418618 0.2426584 0.2442470 0.2456169 0.2466405 0.2480372 0.2485086 0.2491708 0.2490535 0.2495704 0.2505344 0.2508196 0.2512012 0.2514445 0.2515306 0.2526798 0.2533655 0.2567496 0.2618635 0.2663221 0.2703559 0.2755705 0.2790304 0.2838485 0.2897358 0.2947148 0.2989863 0.3033999 0.3085436 0.3138943 0.3200738
0.2468360 0.2466159 0.2468411 0.2460667 0.2450233 0.2446998 0.2443020 0.2430170 0.2419549 0.2402732 0.2355499 0.2358965 0.2367305 0.2381036 0.2370921 0.2364866 0.2370959 0.2373454 0.2381994 0.2383178 0.2394771 0.2401890 0.2406881 0.2420610 0.2428730 0.2431992 0.2441743 0.2456803 0.2468818 0.2478319 0.2485007 0.2487000 0.2490089 0.2492469 0.2506098 0.2506670 0.2506555 0.2514862 0.2515724 0.2524431 0.2537892 0.2584267 0.2631496 0.2684537 0.2722802 0.2768140 0.2824323 0.2864227 0.2922532 0.2972796 0.3019926 0.3051995 0.3110801 0.3174965 0.3221173
0.2515228 0.2500581 0.2488425 0.2471943 0.2471568 0.2469608 0.2461761 0.2439290 0.2433631 0.2442646 0.2418874 0.2403691 0.2413670 0.2398342 0.2393723 0.2394136 0.2393902 0.2394150 0.2404664 0.2402039 0.2399352 0.2397431 0.2413710 0.2430327 0.2437321 0.2440058 0.2447387 0.2456664 0.2470674 0.2479319 0.2481300 0.2487089 0.2495037 0.2491107 0.2502382 0.2509775 0.2508314 0.2509875 0.2513055 0.2523868 0.2565545 0.2611173 0.2651218 0.2695835 0.2754151 0.2791948 0.2839448 0.2885928 0.2934557 0.2994808 0.3041792 0.3085100 0.3131464 0.3184397 0.3239152
0.2536698 0.2528041 0.2510209 0.2489835 0.2491553 0.2485792 0.2470362 0.2455951 0.2449991 0.2455474 0.2444848 0.2436249 0.2426621 0.2413245 0.2405369 0.2403904 0.2417286 0.2414005 0.2419964 0.2422781 0.2405696 0.2413394 0.2428703 0.2444502 0.2450880 0.2449383 0.2459825 0.2462794 0.2470601 0.2477832 0.2483684 0.2492680 0.2495155 0.2491539 0.2503554 0.2509261 0.2511464 0.2513157 0.2506340 0.2518987 0.2583673 0.2633820 0.2682461 0.2719143 0.2777444 0.2812332 0.2847362 0.2916702 0.2954651 0.3003044 0.3065122 0.3110135 0.3147781 0.3201212 0.3251753
