LUCAS_GEMMES_COP27/includes/subsidence/Scenario_B2/tmp/TOT_SUBSIDENCE_2090_SINCE_2018_MKD_ONLY.ASC
NCOLS                318
NROWS                364
XLLCORNER      400000.00
YLLCORNER      907000.00
CELLSIZE         1000.00
NODATA_VALUE    0.3402823E+39
[rows 72 to 95 of 364, columns 224 to 279 of 318]
3.4028235E+38 3.4028235E+38 3.4028235E+38 3.4028235E+38 3.4028235E+38 3.4028235E+38 0.4349021 0.4296810 0.4208841 0.4116901 0.4027644 0.3925146 0.3820343 0.3717165 0.3713175 0.3707032 0.3704852 0.3712530 0.3734209 0.3706016 0.3673673 0.3636042 0.3604815 0.3571455 0.3534581 0.3485815 0.3473071 0.3455564 0.3430879 0.3420944 0.3429447 0.3413357 0.3447334 0.3538041 0.3619147 0.3783989 0.3968323 0.4271737 0.4618047 0.5067855 0.5634540 0.6591681 3.4028235E+38 3.4028235E+38 3.4028235E+38 3.4028235E+38 3.4028235E+38 3.4028235E+38 3.4028235E+38 3.4028235E+38 3.4028235E+38 3.4028235E+38 3.4028235E+38 3.4028235E+38 3.4028235E+38 3.4028235E+38
3.4028235E+38 3.4028235E+38 3.4028235E+38 3.4028235E+38 3.4028235E+38 3.4028235E+38 0.4394898 0.4335634 0.4265577 0.4179687 0.4100869 0.3982989 0.3859174 0.3782317 0.3821609 0.3836925 0.3854645 0.3863042 0.3866136 0.3855149 0.3827411 0.3799466 0.3782337 0.3766900 0.3741035 0.3710875 0.3686161 0.3702049 0.3676929 0.3662309 0.3675293 0.3706464 0.3702295 0.3753348 0.3878753 0.4031662 0.4265146 0.4586971 0.4955971 0.5466447 0.6184843 3.4028235E+38 3.4028235E+38 3.4028235E+38 3.4028235E+38 3.4028235E+38 3.4028235E+38 3.4028235E+38 3.4028235E+38 3.4028235E+38 3.4028235E+38 3.4028235E+38 3.4028235E+38 3.4028235E+38 3.4028235E+38 3.4028235E+38
3.4028235E+38 3.4028235E+38 3.4028235E+38 3.4028235E+38 3.4028235E+38 3.4028235E+38 0.4453821 0.4400195 0.4340228 0.4228826 0.4126491 0.4006242 0.3906940 0.3922977 0.3942443 0.3967540 0.3986950 0.4002788 0.4032290 0.4002625 0.3987956 0.3971730 0.3969781 0.3971521 0.3953483 0.3928904 0.3914360 0.3913935 0.3918405 0.3912668 0.3915070 0.3936163 0.3986549 0.4028788 0.4155286 0.4324167 0.4590477 0.4912398 0.5313408 0.5873479 0.6655651 3.4028235E+38 3.4028235E+38 3.4028235E+38 3.4028235E+38 3.4028235E+38 3.4028235E+38 3.4028235E+38 3.4028235E+38 3.4028235E+38 3.4028235E+38 3.4028235E+38 3.4028235E+38 3.4028235E+38 3.4028235E+38 3.4028235E+38
3.4028235E+38 3.4028235E+38 3.4028235E+38 3.4028235E+38 3.4028235E+38 3.4028235E+38 0.4513728 0.4469502 0.4375184 0.4281084 0.4166190 0.4034291 0.3985318 0.4042652 0.4073250 0.4102478 0.4122805 0.4144950 0.4159594 0.4159976 0.4150288 0.4159520 0.4185181 0.4227204 0.4173887 0.4146698 0.4150411 0.4161184 0.4184865 0.4198089 0.4189475 0.4219215 0.4297225 0.4286064 0.4398337 0.4581437 0.4916160 0.5214207 0.5657615 0.6186026 0.6892008 3.4028235E+38 3.4028235E+38 3.4028235E+38 3.4028235E+38 3.4028235E+38 3.4028235E+38 3.4028235E+38 3.4028235E+38 3.4028235E+38 3.4028235E+38 3.4028235E+38 3.4028235E+38 3.4028235E+38 3.4028235E+38 3.4028235E+38
0.4956261 0.4897058 0.4837599 0.4765454 3.4028235E+38 3.4028235E+38 0.4565533 0.4493374 0.4409786 0.4335494 0.4219327 0.4120824 0.4141251 0.4175768 0.4226841 0.4267133 0.4282947 0.4302461 0.4315165 0.4320528 0.4328856 0.4349197 0.4381041 0.4402691 0.4389134 0.4394221 0.4423296 0.4437638 0.4477201 0.4539182 0.4488461 0.4513725 0.4592334 0.4599532 0.4731316 0.4984003 0.5245699 0.5571353 0.5939009 0.6526504 0.7208369 3.4028235E+38 3.4028235E+38 3.4028235E+38 3.4028235E+38 3.4028235E+38 3.4028235E+38 3.4028235E+38 3.4028235E+38 3.4028235E+38 3.4028235E+38 3.4028235E+38 3.4028235E+38 3.4028235E+38 3.4028235E+38 3.4028235E+38
0.5027423 0.4973433 0.4921480 0.4835234 0.4751013 3.4028235E+38 0.4619935 0.4527463 0.4441510 0.4365594 0.4254388 0.4211094 0.4289272 0.4331465 0.4388501 0.4420506 0.4444780 0.4464498 0.4491246 0.4511920 0.4528345 0.4552903 0.4571331 0.4600619 0.4622964 0.4661967 0.4743730 0.4733238 0.4760632 0.4779392 0.4764754 0.4790722 0.4798338 0.4947725 0.5071499 0.5222914 0.5488535 0.5886093 0.6354439 0.6914555 0.7563188 3.4028235E+38 3.4028235E+38 3.4028235E+38 3.4028235E+38 3.4028235E+38 3.4028235E+38 3.4028235E+38 3.4028235E+38 3.4028235E+38 3.4028235E+38 3.4028235E+38 3.4028235E+38 3.4028235E+38 3.4028235E+38 3.4028235E+38
0.5085135 0.5019770 0.4958420 0.4903172 0.4807979 0.4728686 0.4652429 0.4572129 0.4488854 0.4387485 0.4347730 0.4402921 0.4441249 0.4486879 0.4532481 0.4572473 0.4605519 0.4639583 0.4687632 0.4708250 0.4728705 0.4756954 0.4772674 0.4806379 0.4857458 0.4904082 0.4961884 0.5003338 0.5043639 0.5125396 0.5076935 0.5089098 0.5072815 0.5163598 0.5313348 0.5524315 0.5838171 0.6204179 0.6547829 0.7115544 3.4028235E+38 3.4028235E+38 3.4028235E+38 3.4028235E+38 3.4028235E+38 3.4028235E+38 3.4028235E+38 3.4028235E+38 3.4028235E+38 3.4028235E+38 3.4028235E+38 3.4028235E+38 3.4028235E+38 3.4028235E+38 3.4028235E+38 3.4028235E+38
0.5132377 0.5045522 0.4980440 0.4921062 0.4862178 0.4765583 0.4686730 0.4618495 0.4523413 0.4453881 0.4526870 0.4563648 0.4599202 0.4650880 0.4697720 0.4740663 0.4789491 0.4832440 0.4885051 0.4910141 0.4938596 0.4971597 0.5009254 0.5046545 0.5106424 0.5164295 0.5226985 0.5318629 0.5300978 0.5334251 0.5348504 0.5391296 0.5454792 0.5579020 0.5764798 0.6110970 0.6252111 0.6571145 0.7153421 3.4028235E+38 3.4028235E+38 3.4028235E+38 3.4028235E+38 3.4028235E+38 3.4028235E+38 3.4028235E+38 3.4028235E+38 3.4028235E+38 3.4028235E+38 3.4028235E+38 3.4028235E+38 3.4028235E+38 3.4028235E+38 3.4028235E+38 3.4028235E+38 3.4028235E+38
0.5133843 0.5067614 0.5004153 0.4947532 0.4887515 0.4803477 0.4720144 0.4634395 0.4526891 0.4518438 0.4635054 0.4696483 0.4755112 0.4821674 0.4870647 0.4914258 0.4958307 0.5018201 0.5067611 0.5106677 0.5152177 0.5198200 0.5256934 0.5319498 0.5342934 0.5458715 0.5482835 0.5572199 0.5550658 0.5524399 0.5589537 0.5754929 0.5772340 0.5880747 0.6061829 0.6343482 0.6655176 3.4028235E+38 3.4028235E+38 3.4028235E+38 3.4028235E+38 3.4028235E+38 3.4028235E+38 3.4028235E+38 3.4028235E+38 3.4028235E+38 3.4028235E+38 3.4028235E+38 3.4028235E+38 3.4028235E+38 3.4028235E+38 3.4028235E+38 3.4028235E+38 3.4028235E+38 3.4028235E+38 3.4028235E+38
0.5145471 0.5091063 0.5028174 0.4960657 0.4896488 0.4830761 0.4737133 0.4658400 0.4613442 0.4677876 0.4769295 0.4839572 0.4914409 0.5023795 0.5059921 0.5106230 0.5142604 0.5197113 0.5281677 0.5305858 0.5356475 0.5427513 0.5448273 0.5508398 0.5539911 0.5604867 0.5686930 0.5758247 0.5735456 0.5788383 0.5999401 0.5997821 0.6064171 0.6175541 0.6362952 0.6590813 3.4028235E+38 3.4028235E+38 3.4028235E+38 3.4028235E+38 3.4028235E+38 3.4028235E+38 3.4028235E+38 3.4028235E+38 3.4028235E+38 3.4028235E+38 3.4028235E+38 3.4028235E+38 3.4028235E+38 3.4028235E+38 3.4028235E+38 3.4028235E+38 3.4028235E+38 3.4028235E+38 3.4028235E+38 3.4028235E+38
0.5173271 0.5117279 0.5057824 0.4966091 0.4893484 0.4842207 0.4745376 0.4641055 0.4654383 0.4791377 0.4910774 0.4972910 0.5060634 0.5148356 0.5212066 0.5297746 0.5331035 0.5367309 0.5436305 0.5486192 0.5530304 0.5578812 0.5625268 0.5695047 0.5808043 0.5800080 0.5880448 0.5931486 0.5937031 0.6072453 0.6219853 0.6229539 0.6375698 0.6429681 0.6728383 0.6883757 0.7188081 3.4028235E+38 3.4028235E+38 3.4028235E+38 3.4028235E+38 3.4028235E+38 3.4028235E+38 3.4028235E+38 3.4028235E+38 3.4028235E+38 3.4028235E+38 3.4028235E+38 3.4028235E+38 3.4028235E+38 3.4028235E+38 3.4028235E+38 3.4028235E+38 3.4028235E+38 3.4028235E+38 3.4028235E+38
0.5167775 0.5105935 0.5040615 0.4974627 0.4901135 0.4819029 0.4750099 0.4692262 0.4785149 0.4889817 0.5005561 0.5100121 0.5227966 0.5289518 0.5357734 0.5430135 0.5486489 0.5528476 0.5584158 0.5682107 0.5704938 0.5747790 0.5795603 0.5871053 0.5958894 0.5988531 0.6006591 0.6068367 0.6171372 0.6250540 0.6359814 0.6427271 0.6474302 0.6551001 0.6855311 0.7157769 0.7194921 0.7500631 3.4028235E+38 3.4028235E+38 3.4028235E+38 3.4028235E+38 3.4028235E+38 3.4028235E+38 3.4028235E+38 3.4028235E+38 3.4028235E+38 3.4028235E+38 3.4028235E+38 3.4028235E+38 3.4028235E+38 3.4028235E+38 3.4028235E+38 3.4028235E+38 3.4028235E+38 3.4028235E+38
0.5172433 0.5106032 0.5032046 0.4987124 0.4890187 0.4812810 0.4727523 0.4752516 0.4889473 0.5014881 0.5112782 0.5221116 0.5352707 0.5418785 0.5496882 0.5573319 0.5615538 0.5700907 0.5737566 0.5784842 0.5857663 0.5919511 0.5955051 0.6028144 0.6090386 0.6183181 0.6191320 0.6284377 0.6376284 0.6456826 0.6603469 0.6638907 0.6608847 0.6713728 0.7003084 0.7221878 0.7366287 0.7815017 0.8302559 3.4028235E+38 3.4028235E+38 3.4028235E+38 3.4028235E+38 3.4028235E+38 3.4028235E+38 3.4028235E+38 3.4028235E+38 3.4028235E+38 3.4028235E+38 3.4028235E+38 3.4028235E+38 3.4028235E+38 3.4028235E+38 3.4028235E+38 3.4028235E+38 3.4028235E+38
0.5128173 0.5081305 0.5006484 0.4950131 0.4876707 0.4808634 0.4770133 0.4868926 0.4970913 0.5127087 0.5239116 0.5334227 0.5441519 0.5534189 0.5629842 0.5704877 0.5750741 0.5848303 0.5922121 0.5929580 0.5969097 0.6074904 0.6128830 0.6151555 0.6212057 0.6341697 0.6404608 0.6413577 0.6547068 0.6632814 0.6707217 0.6631055 0.6722215 0.6741070 0.6937807 0.7234907 0.7747378 0.8201194 0.8704145 0.9461355 1.044977 3.4028235E+38 1.236209 3.4028235E+38 3.4028235E+38 3.4028235E+38 3.4028235E+38 3.4028235E+38 3.4028235E+38 3.4028235E+38 3.4028235E+38 3.4028235E+38 3.4028235E+38 3.4028235E+38 3.4028235E+38 3.4028235E+38
0.5076433 0.5029932 0.4980415 0.4920437 0.4859258 0.4771286 0.4794066 0.4942771 0.5008246 0.5203075 0.5360423 0.5437671 0.5539568 0.5655071 0.5712357 0.5799893 0.5891709 0.5988290 0.6060065 0.6117840 0.6112839 0.6209574 0.6246782 0.6332392 0.6418558 0.6501719 0.6572376 0.6606353 0.6639423 0.6843686 0.6730844 0.6771377 0.6913241 0.6949258 0.7095893 0.7381155 0.7853673 0.8314137 0.8930104 0.9768250 1.068658 1.194183 1.381833 3.4028235E+38 3.4028235E+38 3.4028235E+38 3.4028235E+38 3.4028235E+38 3.4028235E+38 3.4028235E+38 3.4028235E+38 3.4028235E+38 3.4028235E+38 3.4028235E+38 3.4028235E+38 3.4028235E+38
0.5030077 0.5001225 0.4959936 0.4890276 0.4832808 0.4784228 0.4911000 0.5043143 0.5162653 0.5295788 0.5422552 0.5538018 0.5643479 0.5707977 0.5801026 0.5937008 0.5991894 0.6078839 0.6158352 0.6204705 0.6218750 0.6300194 0.6357373 0.6488016 0.6567366 0.6682361 0.6718465 0.6799264 0.6749998 0.6814505 0.6855453 0.6942944 0.7222400 0.7343821 0.7476704 0.7417722 0.7642866 0.8030656 0.8577483 0.9274465 1.064115 1.202363 1.422445 3.4028235E+38 3.4028235E+38 3.4028235E+38 3.4028235E+38 3.4028235E+38 3.4028235E+38 3.4028235E+38 3.4028235E+38 3.4028235E+38 3.4028235E+38 3.4028235E+38 3.4028235E+38 3.4028235E+38
0.4974896 0.4948726 0.4914435 0.4849864 0.4760876 0.4783406 0.4990745 0.5115029 0.5260313 0.5404316 0.5506785 0.5630823 0.5712326 0.5795560 0.5897783 0.5981792 0.6058879 0.6152325 0.6230087 0.6240405 0.6312743 0.6469656 0.6456959 0.6527696 0.6699245 0.6772401 0.6836047 0.6851983 0.6869393 0.6931992 0.7014771 0.7167994 0.7212552 0.7379352 0.7438540 0.7597102 0.7809647 0.8154212 0.8728259 0.9363852 1.035287 1.179786 1.371999 1.588894 3.4028235E+38 3.4028235E+38 3.4028235E+38 3.4028235E+38 3.4028235E+38 3.4028235E+38 3.4028235E+38 3.4028235E+38 3.4028235E+38 3.4028235E+38 3.4028235E+38 3.4028235E+38
0.4923489 0.4884030 0.4853493 0.4827322 0.4764064 0.4887744 0.5039194 0.5185444 0.5367844 0.5471203 0.5552117 0.5699613 0.5769657 0.5855862 0.5971918 0.6045333 0.6121123 0.6222491 0.6254932 0.6309980 0.6435701 0.6526579 0.6603574 0.6621068 0.6800861 0.6885649 0.6852661 0.6915961 0.7114410 0.7224743 0.7335237 0.7434827 0.7504181 0.7678378 0.7833986 0.8118356 0.8355817 0.8361580 0.8819621 0.9560193 1.051580 1.184626 1.357143 1.557006 1.741129 1.895074 3.4028235E+38 3.4028235E+38 3.4028235E+38 3.4028235E+38 3.4028235E+38 3.4028235E+38 3.4028235E+38 3.4028235E+38 3.4028235E+38 3.4028235E+38
0.4878072 0.4827835 0.4794041 0.4751031 0.4769115 0.4958140 0.5117692 0.5261742 0.5433494 0.5580465 0.5643387 0.5778321 0.5858535 0.5965785 0.6051290 0.6131410 0.6165661 0.6245669 0.6322386 0.6431234 0.6523048 0.6609942 0.6690713 0.6715178 0.6854497 0.6946084 0.6966349 0.7163346 0.7261394 0.7415790 0.7491583 0.7629372 0.7454118 0.7903942 0.7758017 0.7905884 0.8177991 0.8677190 0.9556364 1.038553 1.077508 1.220422 1.368561 1.557153 1.670789 1.972986 3.4028235E+38 3.4028235E+38 3.4028235E+38 3.4028235E+38 3.4028235E+38 3.4028235E+38 3.4028235E+38 3.4028235E+38 3.4028235E+38 3.4028235E+38
0.4820527 0.4796077 0.4767670 0.4736505 0.4869102 0.5007679 0.5175210 0.5350776 0.5500448 0.5601277 0.5731247 0.5853679 0.5947785 0.6015702 0.6114587 0.6171426 0.6229351 0.6344723 0.6426471 0.6507356 0.6600594 0.6673962 0.6768837 0.6788291 0.6899047 0.7001818 0.7145663 0.7274674 0.7352481 0.7461526 0.7387572 0.7473289 0.7561253 0.7968960 0.7871140 0.8391848 0.8709121 0.9154186 0.9261276 0.9989660 1.102616 1.264192 1.406823 1.504331 1.650183 1.978479 3.4028235E+38 3.4028235E+38 3.4028235E+38 3.4028235E+38 3.4028235E+38 3.4028235E+38 3.4028235E+38 3.4028235E+38 3.4028235E+38 3.4028235E+38
0.4769684 0.4754683 0.4727272 0.4735202 0.4923524 0.5083883 0.5249553 0.5415661 0.5531640 0.5674840 0.5808629 0.5919061 0.5989990 0.6035516 0.6124927 0.6211523 0.6330249 0.6408096 0.6494243 0.6581126 0.6657579 0.6735555 0.6763258 0.6860699 0.7080035 0.7118480 0.7133625 0.7395438 0.7434462 0.7425945 0.7455999 0.7716342 0.7967666 0.8117465 0.8375667 0.8567854 0.8890514 0.9384069 0.9414704 1.076797 1.177310 1.278485 1.371450 1.484678 1.595283 2.232495 3.4028235E+38 3.4028235E+38 3.4028235E+38 3.4028235E+38 3.4028235E+38 2.446178 3.4028235E+38 3.4028235E+38 3.4028235E+38 3.4028235E+38
0.4719666 0.4703597 0.4715750 0.4894052 0.5016426 0.5186899 0.5326691 0.5479480 0.5609241 0.5729933 0.5837665 0.5964054 0.6043017 0.6152902 0.6239039 0.6324630 0.6401798 0.6483961 0.6568231 0.6652731 0.6728994 0.6735491 0.6834804 0.7034107 0.7155485 0.7290474 0.7228671 0.7303280 0.7368193 0.7463509 0.7710919 0.7785144 0.8024778 0.8225373 0.8486453 0.8767348 0.9086706 0.9442430 0.9515622 1.087948 1.156806 1.239863 1.332142 1.433183 1.975834 2.135510 1.737779 1.842308 2.529772 2.033832 2.085793 2.053822 2.713861 2.719803 3.4028235E+38 3.4028235E+38
0.4787257 0.4829554 0.4903913 0.5021064 0.5171067 0.5308549 0.5441078 0.5567864 0.5715184 0.5841619 0.5937545 0.6040280 0.6107352 0.6191801 0.6262622 0.6346447 0.6483613 0.6562291 0.6639808 0.6718515 0.6707308 0.6806730 0.7010480 0.7121386 0.7232542 0.7355897 0.7349097 0.7375861 0.7458610 0.7736648 0.7909542 0.8077342 0.8210081 0.8037173 0.8290424 0.8908666 0.9292465 0.9443928 0.9549899 1.065838 1.140909 1.599039 1.705422 1.403058 1.465418 1.568950 2.185432 1.725189 1.762706 1.827529 1.895475 1.874179 1.838824 2.532464 3.4028235E+38 3.4028235E+38
0.4890577 0.4970423 0.5041887 0.5139123 0.5273029 0.5405331 0.5521818 0.5632222 0.5790362 0.5911144 0.6008309 0.6103841 0.6203047 0.6296540 0.6382861 0.6411760 0.6503173 0.6564305 0.6632692 0.6711997 0.6786458 0.6980404 0.7091738 0.7193992 0.7304485 0.7283548 0.7372673 0.7626755 0.7559885 0.7647254 0.8043717 0.8199250 0.8362651 0.8454479 0.8739381 0.9049065 0.9368098 0.9640344 0.9995008 1.069846 1.125448 1.196746 1.673990 1.340412 1.413539 1.489275 1.552317 1.587642 1.643724 1.695758 1.735792 1.720965 1.705342 1.694471 3.4028235E+38 3.4028235E+38
