LUCAS_GEMMES_COP27/includes/subsidence/Scenario_B2/tmp/TOT_SUBSIDENCE_2090_SINCE_2018_MKD_ONLY.ASC
NCOLS                318
NROWS                364
XLLCORNER      400000.00
YLLCORNER      907000.00
CELLSIZE         1000.00
NODATA_VALUE    0.3402823E+39
[rows 72 to 95 of 364, columns 168 to 223 of 318]
0.3140886 0.3210566 0.3252221 0.3288825 0.3338530 0.3380226 0.3423236 0.3460796 0.3500655 0.3547812 0.3576302 0.3615769 0.3699045 0.3774104 0.3843729 0.3931738 0.4021630 0.4102063 0.4196751 0.4303196 0.4391352 0.4538795 0.4683673 0.4781917 0.4883734 0.4978884 0.5078282 0.5097959 0.5124470 0.5182728 0.5233954 0.5263906 0.5339112 3.4028235E+38 0.5490993 0.5586187 0.5627853 0.5681660 0.5736634 0.5861121 0.5818220 0.5782821 0.5705298 0.5579302 0.5494553 3.4028235E+38 3.4028235E+38 3.4028235E+38 3.4028235E+38 3.4028235E+38 3.4028235E+38 3.4028235E+38 3.4028235E+38 3.4028235E+38 3.4028235E+38 3.4028235E+38
0.3171465 0.3237974 0.3289136 0.3321693 0.3356940 0.3395602 0.3478886 0.3514740 0.3556573 0.3603319 0.3654445 0.3702911 0.3732855 0.3817255 0.3896310 0.3977548 0.4059503 0.4150040 0.4237350 0.4344376 0.4466039 0.4582124 0.4713149 0.4841265 0.4943398 0.5020374 0.5153797 0.5209436 0.5242247 0.5309361 0.5367289 0.5432720 0.5483966 0.5539711 0.5601264 0.5661811 0.5768712 0.5796138 0.5890045 0.5951029 0.5831735 0.5852726 0.5842041 0.5674071 0.5567683 0.5514729 3.4028235E+38 3.4028235E+38 3.4028235E+38 3.4028235E+38 3.4028235E+38 3.4028235E+38 3.4028235E+38 3.4028235E+38 3.4028235E+38 3.4028235E+38
0.3248863 0.3295505 0.3344585 0.3379135 0.3417573 0.3456123 0.3520716 0.3567170 0.3606034 0.3653240 0.3701452 0.3757311 0.3815075 0.3875269 0.3946586 0.4012389 0.4098310 0.4184247 0.4269060 0.4377759 0.4488679 0.4614961 0.4742685 0.4875488 0.4997704 0.5068299 0.5207705 0.5327154 0.5397387 0.5459369 0.5489023 0.5564678 0.5662435 0.5747008 0.5713190 0.5770122 0.5843513 0.5980623 0.5995738 0.5954219 0.5917368 0.5908617 0.5823220 0.5719559 0.5654243 0.5557413 0.5476266 0.5372875 3.4028235E+38 3.4028235E+38 3.4028235E+38 3.4028235E+38 3.4028235E+38 3.4028235E+38 3.4028235E+38 3.4028235E+38
0.3323543 0.3353172 0.3410739 0.3461108 0.3505639 0.3537665 0.3568494 0.3606772 0.3649520 0.3698654 0.3754657 0.3807369 0.3869536 0.3929275 0.3984458 0.4053097 0.4129804 0.4209900 0.4304248 0.4408112 0.4520934 0.4646354 0.4789725 0.4910175 0.5055958 0.5106314 0.5239207 0.5318478 0.5431101 0.5503190 0.5580174 0.5683430 0.5701272 0.5803828 0.5798811 0.5877887 0.5916348 0.5972127 0.5936969 0.5920216 0.5896560 0.5880777 0.5805694 0.5732399 0.5658094 0.5573714 0.5505080 0.5444818 0.5399077 3.4028235E+38 3.4028235E+38 3.4028235E+38 3.4028235E+38 3.4028235E+38 3.4028235E+38 3.4028235E+38
0.3395148 0.3444364 0.3479063 0.3513985 0.3553175 0.3591438 0.3616644 0.3652361 0.3691522 0.3738551 0.3795437 0.3850969 0.3913009 0.3967428 0.4021959 0.4090506 0.4165946 0.4248235 0.4339888 0.4441307 0.4554416 0.4671214 0.4800251 0.4931833 0.5051101 0.5146238 0.5286196 0.5357996 0.5491811 0.5562513 0.5641308 0.5762232 0.5753367 0.5829642 0.5861027 0.5944954 0.5989360 0.6001056 0.5946867 0.5941759 0.5906702 0.5852634 0.5783817 0.5712113 0.5646429 0.5579849 0.5517279 0.5461984 0.5414799 0.5361375 0.5303982 0.5241703 0.5181249 0.5130461 0.5073828 0.5021574
0.3430465 0.3495870 0.3541247 0.3576860 0.3599246 0.3633968 0.3664800 0.3702429 0.3741215 0.3780591 0.3827984 0.3888222 0.3955316 0.4013499 0.4069309 0.4128621 0.4204500 0.4282576 0.4347934 0.4441732 0.4566310 0.4683412 0.4800186 0.4965552 0.5042934 0.5169076 0.5288297 0.5382333 0.5471970 0.5568435 0.5633656 0.5748777 0.5840003 0.5854042 0.5909718 0.5988511 0.6044514 0.6016611 0.5986924 0.5916398 0.5872801 0.5832880 0.5757113 0.5699184 0.5648206 0.5576525 0.5523618 0.5477169 0.5444499 0.5405996 0.5372840 0.5308303 0.5234936 0.5183395 0.5134269 0.5099504
0.3523108 0.3563886 0.3590380 0.3620884 0.3647696 0.3675400 0.3704950 0.3744312 0.3786599 0.3807478 0.3863879 0.3920107 0.3985527 0.4064208 0.4105790 0.4162596 0.4243130 0.4318158 0.4370613 0.4436804 0.4539252 0.4651015 0.4786092 0.4926982 0.5002353 0.5128448 0.5264579 0.5394697 0.5471163 0.5547435 0.5629537 0.5767657 0.5865518 0.5881476 0.5898122 0.5992365 0.6037965 0.5988173 0.5941203 0.5895627 0.5852991 0.5796391 0.5728834 0.5680070 0.5627606 0.5568675 0.5521128 0.5486565 0.5459901 0.5445417 0.5402826 0.5370930 0.5297958 0.5239130 0.5186288 0.5141920
0.3588434 0.3619363 0.3646091 0.3671633 0.3699535 0.3723766 0.3745643 0.3783098 0.3836837 0.3868268 0.3910027 0.3958657 0.4010321 0.4074773 0.4130010 0.4189551 0.4268541 0.4343812 0.4415676 0.4491341 0.4568366 0.4698350 0.4826630 0.4909337 0.5039471 0.5153831 0.5263646 0.5378686 0.5466913 0.5542120 0.5615379 0.5705436 0.5809482 0.5831239 0.5875968 0.5996745 0.5983448 0.5940340 0.5899777 0.5859699 0.5792002 0.5736212 0.5693812 0.5650940 0.5608996 0.5557224 0.5515256 0.5488067 0.5468578 0.5448643 0.5409941 0.5376740 0.5330368 0.5278637 0.5220010 0.5169281
0.3647583 0.3685781 0.3701112 0.3723815 0.3742438 0.3764980 0.3797327 0.3824493 0.3861678 0.3907112 0.3950799 0.3996950 0.4036305 0.4090603 0.4148512 0.4212126 0.4288034 0.4359309 0.4432617 0.4517233 0.4598950 0.4723795 0.4835227 0.4940131 0.5049273 0.5171973 0.5264195 0.5366291 0.5434529 0.5501659 0.5564314 0.5656588 0.5712302 0.5785776 0.5960390 0.5986706 0.5931090 0.5902514 0.5859026 0.5816510 0.5745904 0.5714383 0.5666224 0.5637809 0.5580885 0.5542535 0.5505785 0.5485685 0.5462788 0.5427392 0.5406445 0.5398564 0.5358448 0.5321804 0.5248246 0.5189048
0.3697393 0.3720970 0.3747036 0.3779075 0.3797552 0.3816435 0.3839686 0.3871164 0.3894760 0.3931240 0.3980579 0.4020072 0.4065780 0.4111654 0.4170943 0.4237709 0.4300963 0.4367080 0.4441289 0.4529678 0.4623920 0.4735694 0.4837382 0.4935253 0.5031760 0.5152292 0.5232061 0.5333763 0.5391846 0.5459093 0.5522918 0.5581970 0.5670803 0.5728620 0.5824449 0.5925190 0.5890821 0.5855064 0.5804948 0.5755738 0.5712923 0.5678712 0.5620893 0.5592176 0.5549269 0.5517214 0.5487038 0.5472175 0.5443853 0.5410142 0.5391656 0.5369596 0.5343731 0.5314775 0.5264131 0.5205816
0.3734541 0.3759175 0.3790406 0.3813599 0.3843859 0.3865723 0.3865599 0.3885989 0.3931294 0.3958606 0.3998568 0.4044886 0.4088361 0.4132720 0.4190944 0.4250158 0.4314515 0.4380991 0.4456502 0.4542957 0.4627052 0.4719249 0.4814855 0.4912388 0.5008842 0.5111609 0.5188267 0.5281253 0.5347948 0.5443161 0.5480493 0.5542878 0.5581682 0.5647627 0.5728997 0.5870301 0.5867231 0.5799910 0.5738075 0.5668006 0.5658656 0.5633737 0.5601431 0.5574256 0.5522127 0.5485806 0.5461711 0.5436509 0.5418791 0.5409230 0.5388240 0.5369735 0.5348284 0.5308730 0.5280702 0.5231122
0.3781576 0.3801568 0.3842842 0.3852080 0.3874360 0.3906424 0.3901969 0.3901834 0.3945663 0.3993613 0.4022461 0.4067454 0.4106087 0.4153199 0.4215705 0.4268191 0.4324186 0.4392369 0.4459136 0.4537668 0.4618073 0.4697315 0.4786893 0.4886349 0.4990258 0.5051043 0.5154560 0.5221889 0.5296393 0.5374414 0.5408335 0.5454922 0.5503347 0.5551831 0.5629299 0.5696238 0.5762240 0.5753744 0.5680766 0.5592445 0.5574191 0.5585469 0.5551041 0.5508727 0.5479711 0.5440887 0.5417198 0.5395593 0.5391260 0.5369539 0.5368396 0.5342304 0.5313685 0.5286922 0.5250422 0.5223261
0.3802304 0.3833929 0.3848239 0.3868888 0.3883373 0.3921731 0.3952848 0.3935440 0.3966235 0.3996936 0.4048666 0.4082027 0.4123384 0.4174186 0.4223450 0.4285441 0.4337950 0.4403099 0.4440579 0.4507550 0.4582019 0.4694271 0.4741532 0.4847422 0.4943542 0.5018454 0.5121794 0.5181216 0.5258114 0.5293187 0.5331255 0.5373741 0.5419880 0.5458279 0.5513939 0.5579745 0.5627392 0.5654186 0.5631786 0.5585175 0.5526594 0.5525150 0.5487678 0.5444591 0.5417798 0.5392547 0.5368210 0.5354722 0.5360379 0.5335101 0.5316663 0.5313487 0.5284547 0.5248204 0.5211661 0.5191630
0.3832591 0.3874743 0.3872025 0.3890265 0.3917370 0.3951202 0.3975189 0.3961918 0.3991896 0.4018780 0.4061339 0.4097110 0.4138362 0.4184738 0.4236041 0.4294290 0.4350339 0.4416268 0.4456979 0.4524715 0.4573971 0.4645626 0.4739055 0.4848607 0.4914901 0.4993552 0.5087326 0.5152697 0.5183249 0.5235435 0.5281705 0.5308539 0.5340990 0.5375428 0.5411360 0.5458611 0.5509658 0.5586196 0.5581201 0.5547774 0.5473355 0.5441174 0.5416376 0.5374581 0.5358583 0.5345682 0.5323314 0.5314421 0.5313779 0.5295010 0.5269030 0.5260286 0.5248438 0.5212672 0.5182191 0.5171298
0.3856911 0.3914414 0.3911211 0.3921514 0.3963127 0.3995829 0.3976454 0.3994626 0.4027650 0.4049917 0.4078610 0.4111277 0.4155370 0.4197506 0.4251731 0.4302528 0.4356974 0.4425646 0.4481276 0.4549949 0.4571128 0.4668869 0.4752820 0.4813018 0.4899969 0.4974973 0.5049415 0.5078567 0.5118665 0.5154898 0.5199823 0.5226841 0.5262942 0.5297682 0.5334039 0.5371349 0.5410512 0.5442661 0.5474497 0.5469819 0.5402352 0.5368779 0.5346749 0.5313090 0.5296872 0.5286522 0.5283298 0.5274716 0.5273238 0.5242245 0.5224810 0.5209310 0.5191873 0.5176591 0.5139179 0.5126146
0.3882967 0.3919774 0.3937661 0.3950167 0.3985911 0.4003040 0.3990195 0.4014785 0.4024863 0.4040640 0.4091967 0.4124148 0.4164385 0.4210162 0.4261045 0.4313101 0.4366533 0.4430561 0.4483446 0.4533887 0.4577463 0.4683349 0.4749891 0.4785335 0.4857712 0.4922130 0.4976300 0.5018684 0.5054799 0.5099813 0.5122565 0.5161763 0.5193109 0.5223852 0.5262611 0.5292027 0.5308270 0.5334799 0.5335749 0.5326746 0.5326390 0.5303142 0.5284620 0.5260154 0.5239601 0.5225849 0.5226030 0.5205858 0.5188485 0.5184432 0.5176895 0.5194162 0.5136009 0.5119772 0.5114173 0.5074059
0.3907857 0.3948082 0.3979546 0.4005110 0.4014701 0.4028901 0.4020718 0.4041778 0.4050263 0.4063691 0.4100776 0.4138699 0.4171455 0.4213933 0.4236336 0.4316196 0.4374634 0.4404496 0.4483070 0.4554715 0.4611493 0.4660507 0.4743304 0.4816943 0.4851049 0.4883360 0.4923500 0.4961129 0.4995886 0.5033426 0.5060637 0.5089530 0.5125809 0.5152167 0.5180322 0.5200580 0.5221416 0.5248836 0.5271509 0.5288281 0.5266331 0.5227052 0.5220281 0.5199026 0.5175065 0.5155669 0.5145774 0.5141444 0.5127099 0.5122765 0.5120035 0.5090880 0.5075821 0.5061497 0.5044867 0.5027524
0.3925034 0.3968173 0.3992734 0.4014100 0.4026315 0.4035693 0.4041792 0.4056965 0.4071083 0.4088295 0.4108303 0.4139488 0.4180965 0.4222973 0.4270962 0.4328402 0.4389491 0.4429432 0.4491819 0.4562264 0.4629650 0.4660798 0.4714170 0.4765654 0.4803734 0.4829876 0.4874288 0.4908886 0.4955555 0.4977607 0.5009125 0.5029925 0.5063033 0.5094448 0.5112720 0.5128227 0.5147689 0.5165653 0.5187957 0.5171949 0.5157529 0.5153971 0.5147965 0.5130229 0.5115701 0.5106364 0.5089310 0.5082157 0.5072480 0.5070729 0.5067374 0.5037218 0.5021324 0.5004379 0.4979060 0.4958685
0.3953535 0.3974358 0.3982970 0.4027315 0.4036408 0.4054047 0.4051268 0.4060869 0.4076008 0.4095594 0.4116361 0.4143503 0.4180689 0.4222620 0.4256558 0.4309167 0.4384323 0.4457422 0.4521174 0.4588769 0.4635689 0.4691537 0.4701838 0.4733229 0.4765449 0.4796474 0.4829572 0.4865945 0.4897657 0.4910070 0.4949425 0.4981819 0.4999670 0.5030521 0.5050960 0.5063285 0.5073456 0.5075663 0.5089930 0.5087603 0.5084110 0.5078437 0.5067812 0.5056435 0.5054443 0.5053604 0.5046773 0.5034325 0.5030789 0.5030353 0.5010227 0.4999790 0.4988173 0.4963544 0.4949081 0.4940127
0.3969765 0.3971933 0.3986915 0.4020739 0.4032533 0.4047204 0.4055667 0.4061096 0.4064124 0.4083912 0.4118030 0.4147368 0.4181407 0.4221238 0.4243608 0.4308939 0.4399582 0.4466232 0.4543683 0.4603993 0.4612721 0.4648021 0.4677406 0.4695619 0.4733687 0.4754841 0.4785293 0.4818280 0.4813544 0.4837149 0.4898421 0.4928268 0.4943349 0.4964431 0.4983857 0.5013515 0.5019459 0.5011226 0.5030015 0.5034212 0.5028824 0.5003101 0.4991083 0.4983519 0.4991246 0.4991447 0.4991100 0.4975317 0.4963022 0.4957768 0.4945366 0.4941445 0.4917196 0.4900642 0.4882427 0.4858850
0.3984646 0.3984419 0.3995845 0.4028613 0.4039536 0.4052273 0.4054601 0.4062389 0.4063827 0.4078729 0.4108985 0.4141204 0.4177541 0.4211618 0.4247967 0.4331841 0.4410408 0.4480689 0.4541508 0.4555460 0.4579914 0.4610064 0.4633001 0.4629169 0.4681255 0.4717942 0.4761354 0.4777069 0.4774785 0.4822532 0.4865666 0.4874663 0.4892759 0.4910309 0.4934052 0.4960140 0.4961975 0.4951599 0.4975929 0.4971277 0.4965144 0.4954998 0.4917217 0.4904096 0.4907877 0.4920477 0.4930282 0.4915864 0.4896618 0.4890906 0.4870691 0.4873028 0.4841544 0.4845405 0.4834432 0.4807551
0.3990264 0.3987018 0.4011504 0.4031585 0.4040960 0.4045138 0.4053516 0.4064791 0.4071441 0.4086185 0.4110885 0.4136813 0.4174647 0.4212171 0.4250260 0.4314907 0.4402161 0.4474305 0.4495619 0.4528449 0.4553090 0.4587125 0.4610329 0.4627587 0.4654868 0.4682026 0.4711418 0.4744721 0.4777026 0.4786388 0.4816049 0.4841791 0.4857161 0.4874340 0.4888723 0.4892493 0.4890523 0.4894961 0.4913377 0.4923209 0.4914796 0.4890040 0.4866316 0.4840041 0.4838144 0.4842106 0.4844154 0.4842375 0.4836152 0.4815833 0.4793622 0.4811174 0.4796897 0.4787591 0.4781501 0.4725212
0.3989541 0.4010491 0.4017110 0.4029914 0.4040384 0.4045910 0.4047318 0.4049877 0.4061668 0.4076330 0.4099072 0.4125073 0.4160547 0.4208444 0.4258403 0.4299285 0.4406307 0.4450272 0.4448707 0.4495715 0.4537242 0.4564393 0.4567053 0.4607759 0.4624664 0.4648920 0.4683912 0.4718530 0.4741758 0.4752121 0.4788136 0.4807901 0.4828717 0.4843795 0.4834867 0.4842319 0.4846492 0.4857981 0.4862341 0.4854962 0.4844083 0.4828294 0.4805048 0.4777656 0.4788008 0.4779458 0.4780449 0.4779280 0.4783178 0.4750541 0.4749422 0.4752000 0.4747923 0.4721666 0.4735916 0.4716775
0.3989074 0.4006220 0.4000459 0.4001362 0.4033032 0.4029292 0.4037653 0.4040401 0.4051099 0.4058079 0.4073340 0.4110390 0.4145107 0.4177303 0.4241436 0.4302972 0.4376186 0.4399936 0.4420404 0.4459495 0.4502058 0.4527242 0.4534689 0.4562053 0.4597286 0.4621137 0.4659951 0.4689150 0.4702517 0.4719508 0.4740637 0.4764749 0.4776424 0.4797058 0.4792747 0.4799424 0.4826403 0.4821026 0.4821322 0.4809405 0.4804697 0.4796571 0.4774797 0.4746041 0.4709017 0.4720210 0.4721133 0.4712160 0.4716772 0.4699647 0.4660553 0.4687387 0.4689240 0.4709945 0.4786049 0.4818191
