LUCAS_GEMMES_COP27/includes/subsidence/Scenario_B2/tmp/TOT_SUBSIDENCE_2100_SINCE_2018_MKD_ONLY.ASC
NCOLS                318
NROWS                364
XLLCORNER      400000.00
YLLCORNER      907000.00
CELLSIZE         1000.00
NODATA_VALUE    0.3402823E+39
[rows 150 to 174 of 364, columns 168 to 223 of 318]
0.8739238 0.8887814 0.8929167 0.8943988 0.8834199 0.8730788 0.8622857 0.8542683 0.8397176 0.8296503 0.8231825 0.8159723 0.8078310 0.8038281 0.7944562 0.7858223 0.7744055 0.7603208 0.7500268 0.7380437 0.7234401 0.7001570 0.6779164 0.6587009 0.6669201 0.6759512 0.6886823 0.7022700 0.7156568 0.7271202 0.7395371 0.7500439 0.7592059 0.7747513 0.7876797 0.8009983 0.8119795 0.8158927 0.8236880 0.8332365 0.8383394 0.8418486 0.8478484 0.8473504 0.8533343 0.8578744 0.8634315 0.8677417 0.8719686 0.8812212 0.8939264 0.9060532 0.9129320 0.9287494 0.9445222 0.9533349
0.8861957 0.9078837 0.9160734 0.9060192 0.8893611 0.8803494 0.8735601 0.8657535 0.8561860 0.8464696 0.8397350 0.8319336 0.8242859 0.8231635 0.8126391 0.8036861 0.7917026 0.7788313 0.7679214 0.7552586 0.7357543 0.7118776 0.6937009 0.6799629 0.6890990 0.6999227 0.7125942 0.7267752 0.7399718 0.7521679 0.7633092 0.7719083 0.7787409 0.7893412 0.8030010 0.8204249 0.8326029 0.8395685 0.8505526 0.8563363 0.8627928 0.8637726 0.8639464 0.8693544 0.8783891 0.8820966 0.8859231 0.8867021 0.8992159 0.9002124 0.8939127 0.9139816 0.9234661 0.9399987 0.9532737 0.9618106
0.9402488 0.9336168 0.9276277 0.8961498 0.8879234 0.8837243 0.8811674 0.8786131 0.8725927 0.8601399 0.8613233 0.8593036 0.8518288 0.8402587 0.8243254 0.8153286 0.8053414 0.7923727 0.7800797 0.7688564 0.7493596 0.7264577 0.7039052 0.6952324 0.7130122 0.7249942 0.7392837 0.7538315 0.7653025 0.7788525 0.7911878 0.8027079 0.8037153 0.8120160 0.8269607 0.8425651 0.8568944 0.8652273 0.8745358 0.8825969 0.8877573 0.8900835 0.8911097 0.8974776 0.9023257 0.9065485 0.9063827 0.8995351 0.9007365 0.9044144 0.8966760 0.9321450 0.9255663 0.9418488 0.9572007 0.9642053
0.9486004 0.8364466 0.8788521 0.8805327 0.8801323 0.8830116 0.8878207 0.8884346 0.8805161 0.8738419 0.8719422 0.8664554 0.8633585 0.8628035 0.8476421 0.8380514 0.8259008 0.8120013 0.7986097 0.7872862 0.7657261 0.7443051 0.7252570 0.7274116 0.7367188 0.7519758 0.7684919 0.7828591 0.7950312 0.8086047 0.8222224 0.8338109 0.8441530 0.8517993 0.8677276 0.8758112 0.8877381 0.8976067 0.9044914 0.9107069 0.9159843 0.9195555 0.9259027 0.9301711 0.9302589 0.9355025 0.9341676 0.9315419 0.9297987 0.9295350 0.9280201 0.9272901 0.9385315 0.9465145 0.9561975 0.9698371
0.9153876 0.8431317 0.8459328 0.8494057 0.8734006 0.8812972 0.8897918 0.8956152 0.8909175 0.8888294 0.8920210 0.8882156 0.8797436 0.8831444 0.8754282 0.8611306 0.8464222 0.8331333 0.8196480 0.8045453 0.7822574 0.7639030 0.7475331 0.7527533 0.7667822 0.7830462 0.8015935 0.8169099 0.8287290 0.8430586 0.8583893 0.8715963 0.8848404 0.8938914 0.9060888 0.9137841 0.9244303 0.9355636 0.9431833 0.9508762 0.9546056 0.9634113 0.9562294 0.9597314 0.9591894 0.9581368 0.9586900 0.9551035 0.9552671 0.9556783 0.9544190 0.9494708 0.9491346 0.9497685 0.9634482 0.9773277
0.9237903 0.8982954 0.8770994 0.8582382 0.8673521 0.8767534 0.8938407 0.9032688 0.9122424 0.9123943 0.9094400 0.9052639 0.9030262 0.9066871 0.9009001 0.8818990 0.8677044 0.8604378 0.8470367 0.8249002 0.8010045 0.7751343 0.7629393 0.7845846 0.8035660 0.8217703 0.8390949 0.8550112 0.8691778 0.8827707 0.8991049 0.9149356 0.9269789 0.9408762 0.9531190 0.9617285 0.9709586 0.9804865 0.9981445 0.9981990 0.9953649 0.9844187 0.9746464 0.9826992 0.9839853 0.9817124 0.9796734 0.9679773 0.9761468 0.9790066 0.9775298 0.9769260 0.9751287 0.9723559 0.9718361 0.9830979
0.9396844 0.9223125 0.9063445 0.8984230 0.8960783 0.8894255 0.8993696 0.9140735 0.9235501 0.9239379 0.9066332 0.9360917 0.9237565 0.9264345 0.9274019 0.9076126 0.8972989 0.8898110 0.8760674 0.8565723 0.8272392 0.7983333 0.8078396 0.8229229 0.8447092 0.8636978 0.8810314 0.8994750 0.9172364 0.9346120 0.9520327 0.9682877 0.9827902 0.9947271 1.016949 1.024107 1.028054 1.033313 1.040029 1.039953 1.035344 1.027036 1.017360 1.016557 1.013972 1.011927 0.9987507 0.9901520 0.9991068 1.003195 1.001887 1.002344 1.000931 0.9994479 0.9963040 1.000802
0.9551076 0.9427305 0.9324282 0.9257846 0.9213547 0.9209261 0.9236180 0.9243729 0.9334089 0.9493580 0.9453726 0.9569784 0.9480547 0.9470359 0.9447483 0.9419756 0.9363424 0.9252522 0.9091054 0.8856562 0.8539954 0.8249351 0.8492104 0.8715717 0.8933921 0.9128297 0.9336265 0.9539813 0.9746037 0.9945965 1.027050 1.034907 1.044198 1.050815 1.060649 1.068144 1.074427 1.081969 1.081419 1.080049 1.073206 1.066164 1.057272 1.044318 1.038647 1.038716 1.032622 1.032750 1.028989 1.027454 1.026051 1.028272 1.027932 1.026838 1.023900 1.025731
0.9678631 0.9600616 0.9529110 0.9471829 0.9440113 0.9436393 0.9453528 0.9501501 0.9582901 0.9645572 0.9706324 0.9886102 0.9872974 0.9799308 0.9766685 0.9786277 0.9787129 0.9722827 0.9544256 0.9268754 0.8816582 0.8505655 0.9039671 0.9347548 0.9600106 0.9783404 0.9979770 1.023079 1.033455 1.055049 1.069670 1.083557 1.093319 1.098601 1.106215 1.112947 1.119435 1.118595 1.114058 1.111155 1.107695 1.099625 1.084165 1.070125 1.065736 1.058642 1.051495 1.061580 1.060513 1.056040 1.051702 1.050788 1.053133 1.051657 1.047474 1.048535
0.9792972 0.9746809 0.9690772 0.9645900 0.9633564 0.9646527 0.9677591 0.9731060 0.9792449 0.9872835 0.9972024 1.008274 1.012016 1.021248 1.019577 1.012183 1.024293 1.026625 1.017795 0.9988719 0.9449987 0.9553121 0.9781483 1.033095 1.041840 1.051169 1.063716 1.071701 1.083949 1.105072 1.119285 1.129712 1.141277 1.149689 1.157005 1.156224 1.154791 1.151614 1.148591 1.147152 1.141834 1.135255 1.122551 1.115936 1.108872 1.099118 1.090327 1.095232 1.090697 1.084170 1.080848 1.076167 1.076604 1.073629 1.068843 1.071938
0.9917476 0.9880930 0.9836127 0.9807280 0.9811298 0.9832551 0.9863880 0.9918320 0.9994301 1.009293 1.020746 1.032158 1.044882 1.057217 1.045959 1.051926 1.055915 1.083953 1.108512 1.075523 1.049478 1.051984 1.059881 1.071180 1.091775 1.103084 1.118347 1.132289 1.143567 1.155990 1.166562 1.177711 1.189246 1.196965 1.201509 1.196533 1.195754 1.191988 1.184632 1.181132 1.171884 1.167655 1.161938 1.157883 1.150170 1.141663 1.138057 1.128000 1.123415 1.117059 1.111907 1.101529 1.100301 1.096581 1.089552 1.092302
1.003614 1.000270 0.9970227 0.9952117 0.9957634 0.9976169 1.001161 1.009037 1.018480 1.029196 1.043457 1.058612 1.074120 1.090053 1.102057 1.106175 1.082630 1.176559 1.167108 1.086730 1.111914 1.113601 1.120075 1.131285 1.143897 1.157809 1.170514 1.181389 1.195468 1.200845 1.203133 1.216804 1.230848 1.237396 1.237897 1.233083 1.232255 1.227465 1.222373 1.217022 1.204501 1.197396 1.191580 1.186947 1.181570 1.171863 1.167396 1.156621 1.153506 1.148788 1.139033 1.130921 1.125868 1.121476 1.116659 1.115604
1.013202 1.011604 1.009850 1.009181 1.009885 1.011939 1.016268 1.025587 1.035631 1.047894 1.064811 1.083825 1.104960 1.128991 1.150685 1.172275 1.192196 1.220821 1.199795 1.184538 1.173761 1.175780 1.179599 1.187487 1.196568 1.209796 1.221752 1.231388 1.249897 1.249156 1.243505 1.253512 1.266679 1.271709 1.270658 1.268976 1.265507 1.262283 1.257524 1.248485 1.235391 1.226912 1.223321 1.216048 1.210752 1.200651 1.195757 1.187396 1.185344 1.180564 1.169373 1.162860 1.157753 1.146400 1.141746 1.136811
1.023075 1.021881 1.021397 1.021814 1.023251 1.026778 1.032376 1.040739 1.051330 1.066140 1.084659 1.107805 1.134997 1.164611 1.194082 1.226759 1.266372 1.265112 1.255715 1.243196 1.238524 1.236876 1.239320 1.245834 1.249500 1.260161 1.269088 1.280979 1.286095 1.277989 1.273067 1.286853 1.294960 1.296932 1.300465 1.301306 1.293189 1.294478 1.288831 1.275357 1.265920 1.257820 1.249650 1.244918 1.234167 1.228640 1.224553 1.217669 1.216253 1.209554 1.200350 1.196155 1.186368 1.166306 1.168151 1.163128
1.034218 1.031530 1.032429 1.033585 1.035151 1.038554 1.046114 1.055567 1.067199 1.083959 1.105642 1.132427 1.163369 1.198841 1.234734 1.273985 1.306908 1.306661 1.299498 1.293288 1.286041 1.286628 1.286598 1.290290 1.291422 1.295557 1.297472 1.304012 1.294475 1.292142 1.298601 1.311704 1.317550 1.318728 1.322779 1.323519 1.313719 1.315157 1.309482 1.302290 1.298185 1.288974 1.280436 1.269252 1.259956 1.259747 1.256006 1.247396 1.242075 1.234451 1.231434 1.225741 1.213819 1.191938 1.192767 1.189016
1.038999 1.041557 1.043280 1.044422 1.047717 1.056590 1.062717 1.072305 1.085467 1.098592 1.123665 1.154994 1.188857 1.228643 1.275793 1.316100 1.334683 1.331192 1.328781 1.328311 1.325663 1.322040 1.325917 1.321060 1.320722 1.314915 1.305872 1.322668 1.311761 1.309241 1.317746 1.330701 1.332891 1.335304 1.339819 1.324863 1.317778 1.329022 1.330699 1.335371 1.332293 1.313854 1.307451 1.299729 1.286306 1.281319 1.281685 1.277870 1.268489 1.259606 1.258391 1.252761 1.242472 1.233683 1.225145 1.216772
1.051824 1.058271 1.054353 1.054833 1.062295 1.075405 1.077910 1.088379 1.103765 1.120654 1.141557 1.179188 1.220911 1.269860 1.316723 1.348608 1.351307 1.350128 1.337967 1.345692 1.352332 1.350196 1.345395 1.342317 1.338763 1.337539 1.333777 1.336545 1.335132 1.326706 1.330193 1.343833 1.345176 1.348039 1.351162 1.338979 1.336215 1.349181 1.351864 1.355724 1.351799 1.338293 1.328142 1.318424 1.315768 1.312062 1.306303 1.296216 1.299747 1.289681 1.284989 1.275558 1.256969 1.263169 1.248781 1.241395
1.060178 1.059850 1.061097 1.065977 1.075023 1.083818 1.091100 1.104942 1.122368 1.143109 1.172041 1.207460 1.251326 1.308112 1.356594 1.367131 1.366753 1.365672 1.360925 1.363855 1.366176 1.365381 1.361567 1.356463 1.353867 1.351748 1.348408 1.338356 1.350647 1.344810 1.343912 1.349068 1.350552 1.354186 1.344936 1.339938 1.352436 1.359056 1.362477 1.366099 1.364971 1.362593 1.355369 1.344438 1.341374 1.338861 1.336153 1.324511 1.317472 1.319115 1.313094 1.299808 1.285012 1.292448 1.289463 1.275822
1.068448 1.072919 1.070706 1.077661 1.086675 1.094288 1.108108 1.124042 1.142865 1.166896 1.196940 1.234861 1.286187 1.341948 1.374603 1.375187 1.377679 1.383075 1.379286 1.378417 1.377522 1.374848 1.370987 1.367722 1.367112 1.363509 1.358109 1.341318 1.348128 1.352724 1.351323 1.349050 1.348390 1.348518 1.340313 1.344219 1.351262 1.368557 1.374457 1.382074 1.381882 1.385268 1.385035 1.366734 1.368416 1.369472 1.365646 1.356312 1.343810 1.346041 1.345718 1.334094 1.334341 1.332110 1.324250 1.309567
1.079369 1.082156 1.080390 1.089441 1.098553 1.109600 1.123724 1.142186 1.163418 1.189137 1.221180 1.263768 1.317671 1.378059 1.391054 1.384807 1.387856 1.384609 1.381702 1.381051 1.381473 1.380692 1.378100 1.377495 1.376850 1.372055 1.364117 1.357822 1.346281 1.338879 1.349724 1.346848 1.340303 1.341079 1.342701 1.347008 1.350599 1.364703 1.381072 1.382583 1.384354 1.395429 1.394611 1.387360 1.399359 1.401093 1.395376 1.391638 1.384784 1.381453 1.376472 1.372417 1.371462 1.367409 1.356022 1.340904
1.081971 1.083581 1.091215 1.099820 1.108756 1.122535 1.138494 1.157267 1.180602 1.209011 1.246279 1.296717 1.370679 1.395953 1.392394 1.389088 1.389727 1.387055 1.383854 1.381243 1.380891 1.382464 1.382235 1.381635 1.387555 1.377681 1.371107 1.363287 1.359453 1.353358 1.341189 1.337385 1.335588 1.336724 1.340053 1.346607 1.350014 1.365479 1.387845 1.391968 1.392821 1.402628 1.402236 1.410125 1.419245 1.421959 1.416440 1.413766 1.409773 1.409441 1.401969 1.400237 1.398545 1.397287 1.387582 1.377140
1.085698 1.090585 1.101596 1.108543 1.117597 1.134313 1.152536 1.171876 1.195800 1.228300 1.267761 1.316099 1.387107 1.404048 1.391702 1.386572 1.389785 1.390304 1.384860 1.382603 1.381031 1.378567 1.380528 1.381535 1.380209 1.375717 1.372536 1.366151 1.358041 1.346285 1.335356 1.338131 1.342812 1.333029 1.333281 1.342212 1.347116 1.359989 1.383752 1.396684 1.403290 1.404948 1.413383 1.424955 1.431783 1.432106 1.430137 1.432173 1.428666 1.427551 1.425798 1.426919 1.421640 1.421474 1.416211 1.408275
1.095527 1.098180 1.104481 1.113538 1.126720 1.143383 1.163062 1.185356 1.210610 1.240879 1.285340 1.331123 1.380026 1.385926 1.392655 1.389892 1.386564 1.387043 1.385724 1.384238 1.382459 1.378006 1.377527 1.376517 1.370083 1.367323 1.368023 1.362312 1.358591 1.347483 1.336069 1.347806 1.350950 1.335528 1.331669 1.333206 1.343021 1.350822 1.367174 1.382718 1.394120 1.403849 1.419112 1.428405 1.440544 1.442545 1.443448 1.446893 1.443045 1.446558 1.450311 1.452528 1.444029 1.443598 1.440924 1.439472
1.095209 1.101554 1.108819 1.119992 1.133716 1.151567 1.171033 1.194613 1.227316 1.255547 1.299673 1.354500 1.386218 1.388690 1.388028 1.388945 1.384023 1.385117 1.382945 1.383478 1.382886 1.377658 1.373725 1.368331 1.364020 1.363377 1.361407 1.355483 1.354078 1.349313 1.346151 1.346456 1.347668 1.331096 1.329558 1.330121 1.333221 1.343773 1.357655 1.377528 1.387875 1.406594 1.420805 1.431416 1.442439 1.452207 1.454762 1.451636 1.456027 1.463609 1.465955 1.468977 1.467431 1.466561 1.460046 1.456192
1.091807 1.100111 1.109099 1.121921 1.138842 1.157203 1.177184 1.205671 1.233912 1.267378 1.309134 1.346034 1.405694 1.390524 1.382402 1.383571 1.380607 1.380337 1.376284 1.373161 1.371183 1.365106 1.365633 1.361618 1.357058 1.355348 1.352302 1.352096 1.345840 1.342242 1.344487 1.343449 1.338789 1.334273 1.333042 1.328845 1.328137 1.335947 1.351640 1.372531 1.380411 1.395020 1.419488 1.434186 1.446171 1.457141 1.458175 1.467351 1.473123 1.475746 1.474271 1.474614 1.488653 1.484096 1.476968 1.473588
