LUCAS_GEMMES_COP27/includes/subsidence/Scenario_B2/tmp/TOT_SUBSIDENCE_2050_SINCE_2018_MKD_ONLY.ASC
NCOLS                318
NROWS                364
XLLCORNER      400000.00
YLLCORNER      907000.00
CELLSIZE         1000.00
NODATA_VALUE    0.3402823E+39
[rows 96 to 119 of 364, columns 110 to 164 of 318]
3.6731623E-02 3.7482340E-02 3.8423665E-02 3.9324798E-02 4.0768243E-02 4.1767944E-02 4.2295121E-02 4.3259732E-02 4.4339940E-02 4.6037864E-02 4.7272529E-02 4.8486218E-02 4.9713563E-02 5.1104274E-02 5.2115429E-02 5.3135194E-02 5.4598056E-02 5.6495324E-02 5.8197260E-02 6.1357379E-02 6.1224476E-02 6.2991813E-02 6.5042533E-02 6.7350812E-02 6.9799006E-02 7.2247222E-02 7.5101234E-02 7.7857733E-02 8.1183217E-02 8.4417716E-02 8.8201076E-02 9.2602231E-02 9.7637579E-02 0.1061150 0.1112784 0.1126666 0.1175837 0.1223817 0.1270216 0.1314687 0.1365512 0.1399411 0.1431463 0.1465926 0.1491194 0.1516042 0.1537756 0.1551320 0.1567132 0.1584536 0.1601716 0.1613312 0.1626966 0.1633001 0.1644700
3.7443973E-02 3.8295649E-02 3.9719302E-02 4.0174499E-02 4.1111201E-02 4.2574957E-02 4.3129642E-02 4.4161219E-02 4.5301113E-02 4.6950210E-02 4.8185498E-02 4.9432822E-02 5.0350446E-02 5.1885247E-02 5.2951835E-02 5.4577403E-02 5.5951491E-02 5.7461463E-02 5.9054032E-02 6.0282521E-02 6.2224209E-02 6.4452186E-02 6.6136271E-02 6.8491876E-02 7.0801802E-02 7.3394090E-02 7.6178133E-02 7.9195656E-02 8.2657248E-02 8.5913591E-02 8.9797251E-02 9.4079278E-02 9.9139787E-02 0.1045397 0.1087930 0.1134742 0.1178736 0.1222897 0.1269455 0.1317485 0.1364480 0.1407671 0.1450615 0.1485745 0.1506953 0.1527413 0.1551955 0.1563627 0.1579780 0.1593261 0.1606895 0.1618557 0.1629472 0.1639267 0.1649488
3.8713936E-02 3.9135866E-02 4.0108424E-02 4.1421033E-02 4.1964814E-02 4.2901959E-02 4.3933302E-02 4.5529783E-02 4.6214357E-02 4.7390442E-02 4.9062088E-02 5.0251625E-02 5.1391073E-02 5.5895090E-02 5.4261953E-02 5.5598304E-02 5.6913890E-02 5.7891473E-02 5.9428796E-02 6.1255671E-02 6.3551791E-02 6.5531462E-02 6.7277908E-02 6.9505922E-02 7.1979150E-02 7.4787878E-02 7.7611998E-02 8.0695227E-02 8.6489186E-02 8.7343857E-02 9.1152191E-02 9.5420569E-02 0.1003265 0.1050779 0.1100833 0.1146399 0.1187265 0.1235554 0.1284948 0.1330692 0.1374295 0.1417020 0.1455051 0.1488851 0.1517391 0.1543899 0.1559491 0.1581264 0.1594112 0.1603139 0.1617637 0.1624790 0.1634078 0.1646709 0.1655475
3.9132662E-02 4.0465515E-02 4.0948514E-02 4.1816067E-02 4.3125920E-02 4.3934740E-02 4.4822570E-02 4.6419814E-02 4.7569517E-02 4.8332512E-02 4.9544420E-02 5.0763309E-02 5.2171059E-02 5.3929962E-02 5.5168010E-02 5.6297205E-02 5.7706341E-02 5.9123971E-02 6.0690075E-02 6.2397406E-02 6.4296640E-02 6.6235483E-02 6.8252034E-02 7.0690259E-02 7.3149204E-02 7.5719237E-02 7.8576095E-02 8.1723712E-02 8.5102029E-02 8.8610046E-02 9.2623420E-02 9.6799277E-02 0.1009153 0.1050894 0.1095244 0.1142399 0.1196815 0.1247682 0.1311228 0.1350632 0.1388719 0.1432067 0.1476010 0.1502251 0.1533668 0.1550779 0.1565046 0.1593873 0.1603138 0.1613006 0.1622230 0.1632670 0.1641134 0.1649927 0.1661931
4.0115152E-02 4.0946361E-02 4.2260464E-02 4.2732496E-02 4.3777768E-02 4.5152538E-02 4.5668948E-02 4.6835605E-02 4.8443053E-02 4.9633108E-02 5.0461438E-02 5.1677458E-02 5.3032085E-02 5.4526009E-02 5.6090072E-02 5.7558537E-02 6.2381715E-02 6.0408659E-02 6.2039413E-02 6.3737847E-02 6.5247171E-02 6.7292027E-02 6.9728859E-02 7.1964800E-02 7.4301273E-02 7.7165589E-02 8.0084704E-02 8.3076626E-02 8.6494379E-02 9.0142049E-02 9.4121344E-02 9.7813539E-02 0.1017944 0.1050407 0.1098874 0.1145806 0.1202463 0.1248261 0.1311422 0.1370603 0.1402773 0.1443710 0.1481253 0.1510900 0.1538235 0.1560372 0.1584113 0.1605976 0.1622387 0.1626927 0.1636530 0.1642052 0.1652785 0.1655709 0.1666444
4.1456077E-02 4.1899335E-02 4.2770647E-02 4.3723136E-02 4.4626527E-02 4.5590665E-02 4.7059275E-02 4.7735643E-02 4.8906941E-02 5.0112665E-02 5.1340804E-02 5.2960627E-02 5.4048076E-02 5.5470288E-02 5.7007544E-02 5.8381580E-02 5.9807859E-02 6.1229505E-02 6.2780909E-02 6.4364359E-02 6.6227295E-02 6.8423107E-02 7.0818685E-02 7.3598541E-02 7.5928152E-02 7.8941047E-02 8.1839032E-02 8.4963843E-02 8.7785780E-02 9.1656446E-02 9.8024033E-02 9.9017583E-02 0.1018318 0.1059212 0.1100179 0.1148641 0.1229076 0.1255046 0.1314462 0.1367176 0.1412562 0.1458779 0.1493635 0.1522800 0.1547749 0.1571326 0.1595277 0.1606192 0.1618904 0.1630364 0.1641811 0.1654413 0.1662378 0.1663290 0.1671285
4.2035874E-02 4.2853575E-02 4.3779187E-02 4.4647515E-02 4.5976698E-02 4.6556644E-02 4.7639892E-02 4.9150582E-02 4.9905103E-02 5.1090024E-02 5.2439705E-02 5.3666696E-02 5.5328988E-02 5.6350790E-02 5.7724766E-02 5.9133649E-02 6.0664572E-02 6.2100314E-02 6.3743599E-02 6.5308847E-02 6.7160942E-02 6.9222167E-02 7.1717001E-02 7.4331120E-02 7.7105194E-02 8.0505386E-02 8.3533846E-02 8.6657457E-02 8.9797840E-02 9.3145959E-02 9.6627362E-02 9.9075176E-02 0.1057011 0.1069049 0.1109148 0.1156261 0.1209461 0.1269650 0.1322291 0.1376923 0.1426194 0.1480995 0.1510674 0.1542549 0.1562688 0.1589631 0.1604260 0.1614721 0.1623709 0.1638143 0.1651690 0.1660154 0.1665133 0.1669766 0.1678546
4.2976286E-02 4.3859668E-02 4.5019545E-02 4.5596793E-02 4.6579450E-02 4.7984436E-02 4.8650876E-02 4.9769066E-02 5.0877191E-02 5.1988304E-02 5.3129181E-02 5.4857120E-02 5.5757903E-02 5.7589747E-02 5.8569394E-02 5.9824318E-02 6.1754033E-02 6.3083172E-02 6.4810179E-02 6.6369243E-02 6.8274282E-02 7.0052326E-02 7.2435074E-02 7.4668027E-02 7.7635668E-02 8.1389718E-02 8.4715880E-02 8.7285824E-02 9.0617634E-02 9.3906090E-02 9.6800953E-02 0.1001943 0.1040113 0.1080699 0.1120944 0.1164987 0.1218300 0.1277904 0.1347467 0.1391059 0.1437857 0.1486699 0.1521651 0.1549437 0.1574012 0.1595917 0.1612737 0.1619871 0.1635960 0.1647283 0.1657460 0.1660948 0.1668921 0.1675640 0.1682132
4.3992035E-02 4.4835441E-02 4.5972940E-02 4.6974845E-02 4.7654945E-02 4.8652574E-02 4.9612854E-02 5.0690494E-02 5.1839828E-02 5.3294487E-02 5.4098673E-02 5.5581331E-02 5.7114288E-02 5.8211081E-02 5.9486307E-02 6.0884789E-02 6.2136397E-02 6.3959703E-02 6.5718658E-02 6.7051731E-02 6.9230989E-02 7.1070537E-02 7.3236309E-02 7.5709142E-02 7.8199275E-02 8.1537046E-02 8.6280711E-02 8.7983504E-02 9.1123417E-02 9.4137043E-02 9.6873283E-02 0.1016242 0.1050761 0.1093826 0.1162427 0.1180520 0.1232295 0.1289149 0.1353168 0.1400324 0.1453029 0.1506204 0.1535515 0.1561979 0.1590899 0.1607787 0.1626897 0.1639099 0.1652108 0.1658106 0.1666873 0.1671739 0.1677840 0.1683805 0.1691086
4.5128442E-02 4.5828700E-02 4.6699867E-02 4.7900636E-02 4.8930123E-02 4.9710140E-02 5.0550960E-02 5.1968686E-02 5.2764431E-02 5.3931087E-02 5.5362500E-02 5.6290604E-02 5.7818800E-02 5.8968849E-02 6.0760766E-02 6.2121794E-02 6.3171826E-02 6.4773731E-02 6.6015832E-02 6.7825958E-02 6.9997177E-02 7.1774177E-02 7.3819794E-02 7.6081112E-02 7.8657992E-02 8.5191324E-02 8.5282132E-02 8.9102536E-02 9.2265449E-02 9.4140224E-02 9.8148324E-02 0.1021098 0.1065646 0.1106918 0.1150548 0.1200027 0.1247142 0.1300540 0.1360471 0.1408480 0.1499519 0.1516550 0.1579566 0.1574675 0.1599519 0.1619111 0.1644984 0.1651419 0.1656003 0.1659477 0.1672115 0.1682344 0.1689941 0.1693258 0.1696969
4.6269592E-02 4.7200050E-02 4.7663324E-02 4.8777785E-02 4.9997546E-02 5.0588448E-02 5.1525198E-02 5.2570760E-02 5.4008231E-02 5.4864220E-02 5.6110553E-02 5.7367168E-02 5.8631919E-02 5.9929349E-02 6.1675243E-02 6.3056074E-02 6.4088844E-02 6.5508150E-02 6.6935636E-02 6.9006868E-02 7.0815817E-02 7.2694324E-02 7.4453987E-02 7.6569110E-02 7.9623014E-02 8.2461298E-02 8.6467989E-02 8.9711450E-02 9.1597825E-02 9.5814548E-02 0.1000604 0.1039575 0.1083402 0.1121193 0.1170059 0.1219406 0.1268794 0.1324151 0.1377237 0.1430533 0.1483854 0.1535151 0.1568279 0.1586918 0.1608647 0.1628975 0.1647133 0.1657859 0.1663890 0.1668512 0.1681696 0.1695731 0.1706949 0.1708575 0.1706251
4.7276288E-02 4.8270334E-02 4.9102876E-02 4.9630571E-02 5.0689273E-02 5.1634766E-02 5.2973956E-02 5.3709932E-02 5.4764807E-02 5.6166448E-02 5.7092287E-02 5.8330864E-02 5.9949674E-02 6.0961045E-02 6.2333405E-02 6.3990623E-02 6.4951628E-02 6.6354461E-02 6.7823172E-02 6.9446214E-02 7.1511336E-02 7.3316522E-02 7.4885383E-02 7.6970734E-02 7.9380967E-02 8.2473390E-02 8.4368765E-02 8.8363074E-02 9.2397772E-02 9.6949831E-02 0.1010101 0.1053116 0.1101259 0.1145390 0.1191901 0.1239836 0.1288330 0.1347975 0.1393792 0.1454601 0.1506293 0.1576525 0.1591578 0.1606018 0.1625337 0.1643832 0.1658779 0.1670794 0.1681577 0.1685344 0.1694192 0.1707369 0.1717903 0.1721709 0.1715802
4.8254218E-02 4.9106706E-02 5.0284050E-02 5.0642371E-02 5.1769011E-02 5.2643336E-02 5.3857811E-02 5.4792129E-02 5.5630952E-02 5.6928702E-02 5.8083482E-02 5.9316233E-02 6.0595438E-02 6.2242463E-02 6.3360080E-02 6.4619325E-02 6.5818451E-02 6.7551039E-02 6.9017425E-02 7.0220977E-02 7.1852110E-02 7.3553443E-02 7.5328216E-02 7.7681564E-02 7.9535574E-02 8.1918284E-02 8.3991349E-02 8.7061666E-02 9.2704274E-02 9.7877592E-02 0.1027032 0.1069485 0.1118627 0.1161139 0.1213035 0.1263330 0.1307060 0.1362532 0.1414420 0.1470498 0.1532768 0.1579934 0.1610370 0.1628036 0.1646983 0.1666318 0.1677202 0.1688279 0.1702022 0.1698215 0.1698428 0.1704572 0.1721973 0.1729923 0.1725696
4.9443211E-02 5.0231449E-02 5.1024251E-02 5.1951133E-02 5.3120516E-02 5.3871512E-02 5.4889515E-02 5.6119852E-02 5.6811124E-02 5.8019713E-02 5.9160486E-02 6.0555495E-02 6.1603941E-02 6.2894627E-02 6.4232267E-02 6.5623261E-02 6.6806599E-02 6.8475105E-02 6.9906898E-02 7.1347266E-02 7.2479166E-02 7.4108429E-02 7.6140732E-02 7.7968486E-02 7.9830080E-02 8.1658736E-02 8.4353887E-02 8.9505367E-02 9.3592189E-02 9.8816201E-02 0.1029728 0.1085600 0.1132067 0.1184446 0.1239014 0.1281111 0.1336678 0.1389410 0.1435206 0.1494701 0.1565001 0.1608784 0.1639574 0.1656761 0.1673216 0.1696656 0.1697476 0.1702111 0.1709157 0.1708356 0.1709071 0.1715429 0.1729557 0.1734498 0.1735387
5.0654385E-02 5.1353287E-02 5.2155346E-02 5.3226888E-02 5.4133140E-02 5.5227779E-02 5.6084491E-02 5.7051577E-02 5.8001198E-02 5.9177794E-02 6.0244411E-02 6.1397001E-02 6.2873796E-02 6.3842699E-02 6.5092750E-02 6.6657655E-02 6.7835584E-02 6.9099404E-02 7.0643485E-02 7.1814217E-02 7.3212713E-02 7.4717417E-02 7.6299317E-02 7.8247786E-02 7.9983085E-02 8.1354953E-02 8.6363345E-02 9.0015866E-02 9.5323332E-02 0.1001329 0.1050175 0.1098581 0.1148183 0.1198773 0.1249293 0.1302918 0.1359404 0.1412520 0.1461955 0.1517857 0.1572756 0.1637547 0.1683828 0.1685970 0.1698286 0.1712407 0.1715549 0.1719490 0.1723473 0.1724328 0.1727597 0.1732458 0.1734233 0.1738839 0.1744215
5.2216716E-02 5.2906245E-02 5.3635746E-02 5.4534346E-02 5.5500977E-02 5.6570098E-02 5.7703912E-02 5.8367014E-02 5.9401549E-02 6.0611568E-02 6.1798476E-02 6.2483907E-02 6.3660279E-02 6.4823836E-02 6.6020697E-02 6.7454435E-02 6.9129817E-02 7.0050523E-02 7.1265377E-02 7.2495043E-02 7.4246757E-02 7.5587377E-02 7.6771721E-02 7.8233317E-02 7.9756118E-02 8.3993591E-02 8.8207237E-02 9.2316128E-02 9.7151965E-02 0.1024758 0.1072954 0.1122943 0.1172706 0.1223239 0.1274127 0.1330487 0.1383394 0.1434419 0.1482658 0.1538713 0.1594899 0.1663123 0.1706970 0.1712008 0.1733285 0.1745905 0.1737763 0.1744271 0.1745086 0.1747067 0.1746572 0.1745744 0.1753521 0.1750385 0.1750427
5.3618230E-02 5.4281883E-02 5.4929867E-02 5.5854820E-02 5.7209581E-02 5.8098599E-02 5.8921486E-02 5.9859581E-02 6.0844436E-02 6.1861649E-02 6.2976822E-02 6.4072721E-02 6.4781956E-02 6.5771453E-02 6.7115583E-02 6.8391681E-02 6.9719471E-02 7.1100503E-02 7.2192825E-02 7.3600002E-02 7.4872367E-02 7.6185986E-02 7.7649310E-02 7.8486070E-02 8.0307029E-02 8.5963659E-02 9.0724602E-02 9.5224530E-02 9.9903539E-02 0.1081310 0.1098210 0.1150261 0.1200859 0.1251641 0.1304829 0.1362104 0.1411739 0.1456531 0.1511608 0.1571767 0.1615838 0.1679793 0.1718053 0.1736689 0.1749720 0.1765162 0.1761379 0.1765333 0.1772947 0.1773566 0.1770899 0.1775471 0.1768221 0.1770206 0.1767854
5.5583753E-02 5.6006543E-02 5.6658402E-02 5.7607211E-02 5.8309332E-02 5.9571527E-02 6.0626268E-02 6.2037461E-02 6.2991217E-02 6.3472562E-02 6.4254336E-02 6.5087914E-02 6.5837920E-02 6.6783853E-02 6.8013288E-02 6.9304988E-02 7.0392817E-02 7.1886376E-02 7.3180564E-02 7.4190833E-02 7.5674079E-02 7.6663993E-02 7.8305803E-02 7.9265051E-02 8.4115595E-02 8.8306621E-02 9.3444489E-02 9.8591350E-02 0.1028176 0.1076147 0.1123301 0.1175640 0.1234174 0.1288429 0.1345119 0.1400189 0.1447585 0.1489625 0.1538525 0.1587763 0.1637812 0.1692326 0.1743795 0.1774105 0.1782776 0.1787525 0.1791411 0.1787691 0.1790806 0.1801031 0.1798065 0.1798737 0.1790445 0.1787166 0.1790578
5.7704277E-02 5.8057688E-02 5.8656529E-02 5.9122197E-02 6.0240917E-02 6.1315946E-02 6.2757619E-02 6.4294845E-02 6.5250821E-02 6.5840356E-02 6.5933242E-02 6.6541731E-02 6.7276478E-02 6.8192266E-02 6.8877861E-02 7.0088111E-02 7.1191318E-02 7.2615631E-02 7.3977970E-02 7.5635239E-02 7.6419652E-02 7.7662706E-02 7.8890502E-02 8.3071284E-02 8.7196365E-02 9.1816135E-02 9.6821502E-02 0.1018161 0.1060921 0.1108459 0.1155940 0.1213956 0.1271878 0.1340335 0.1402887 0.1450113 0.1487316 0.1522704 0.1554769 0.1601922 0.1660494 0.1711337 0.1775547 0.1800701 0.1799511 0.1806437 0.1814223 0.1826636 0.1821178 0.1822054 0.1820493 0.1820030 0.1811938 0.1810144 0.1814781
5.9537210E-02 5.9783533E-02 6.0161099E-02 6.1166324E-02 6.2178388E-02 6.3653834E-02 6.5422930E-02 6.6950023E-02 6.7966297E-02 6.8031967E-02 6.7962654E-02 6.8124481E-02 6.8731584E-02 6.9552623E-02 6.9910467E-02 7.1071081E-02 7.2018608E-02 7.3442146E-02 7.4916527E-02 7.6320626E-02 7.7629998E-02 7.8751594E-02 8.2978815E-02 8.6633071E-02 9.1040999E-02 9.5829010E-02 0.1007132 0.1054734 0.1109489 0.1145164 0.1190583 0.1242645 0.1311583 0.1395119 0.1445096 0.1521184 0.1527325 0.1547836 0.1576859 0.1625393 0.1672454 0.1729176 0.1777500 0.1815448 0.1823916 0.1834117 0.1836785 0.1846992 0.1830260 0.1835783 0.1834310 0.1835676 0.1830496 0.1830855 0.1840644
6.1496608E-02 6.1677292E-02 6.2092982E-02 6.2889636E-02 6.4170018E-02 6.6222772E-02 6.9189616E-02 7.1200654E-02 7.2639555E-02 7.1878843E-02 7.0187904E-02 6.9762632E-02 6.9996372E-02 7.0314549E-02 7.1099102E-02 7.1936265E-02 7.3179357E-02 7.4597515E-02 7.5687721E-02 7.7172823E-02 8.0831587E-02 8.3505362E-02 8.6608075E-02 9.0721294E-02 9.5307045E-02 9.9779747E-02 0.1044604 0.1094411 0.1149176 0.1194329 0.1238572 0.1290380 0.1340329 0.1384310 0.1429055 0.1486327 0.1520376 0.1606585 0.1646159 0.1641483 0.1689266 0.1737310 0.1779035 0.1830074 0.1840565 0.1851083 0.1863239 0.1851899 0.1846266 0.1849072 0.1852280 0.1864385 0.1852432 0.1852552 0.1853027
6.3415624E-02 6.3345656E-02 6.3685715E-02 6.4519092E-02 6.5848902E-02 6.8066522E-02 7.1485303E-02 7.2976746E-02 7.3985226E-02 7.3107332E-02 7.1527861E-02 7.1268797E-02 7.1455032E-02 7.1834154E-02 7.2414517E-02 7.3369816E-02 7.4130148E-02 7.5254269E-02 7.8490324E-02 8.1458285E-02 8.4503725E-02 8.7361492E-02 9.0894848E-02 9.4954379E-02 9.9200763E-02 0.1041486 0.1086834 0.1138954 0.1185466 0.1233675 0.1284427 0.1333465 0.1373015 0.1420687 0.1456772 0.1512034 0.1548904 0.1591470 0.1626652 0.1674163 0.1717668 0.1759316 0.1796037 0.1833773 0.1863881 0.1874620 0.1878750 0.1869254 0.1873550 0.1872226 0.1866203 0.1868996 0.1870724 0.1873355 0.1872684
6.5473251E-02 6.5210290E-02 6.5494709E-02 6.6253252E-02 6.7669146E-02 6.9678962E-02 7.2911561E-02 7.4740253E-02 7.4956372E-02 7.4754752E-02 7.3343754E-02 7.2782591E-02 7.2355650E-02 7.2935976E-02 7.3516935E-02 7.4450776E-02 7.5021729E-02 7.8922734E-02 8.1626728E-02 8.4565461E-02 8.8111281E-02 9.1613606E-02 9.5103741E-02 9.9374652E-02 0.1037007 0.1086241 0.1127512 0.1173238 0.1222715 0.1270056 0.1317176 0.1360538 0.1407538 0.1457774 0.1501956 0.1539350 0.1578407 0.1618291 0.1659381 0.1708188 0.1752885 0.1780429 0.1811806 0.1842750 0.1881512 0.1891574 0.1890865 0.1889530 0.1888620 0.1888089 0.1882402 0.1889845 0.1899185 0.1901079 0.1906346
6.7591302E-02 6.7217857E-02 6.7275316E-02 6.8044931E-02 6.9013588E-02 7.0428908E-02 7.2259121E-02 7.3599286E-02 7.5298414E-02 7.4753948E-02 7.4049190E-02 7.3956564E-02 7.4306145E-02 7.4250326E-02 7.4819617E-02 7.7363633E-02 7.9442300E-02 8.1854492E-02 8.5138850E-02 8.8413812E-02 9.2248730E-02 9.6208416E-02 9.9826522E-02 0.1036514 0.1086552 0.1132503 0.1172411 0.1216354 0.1265489 0.1313756 0.1362190 0.1404792 0.1451465 0.1500935 0.1544086 0.1584905 0.1622472 0.1658739 0.1702015 0.1765749 0.1804083 0.1822772 0.1846768 0.1872274 0.1894284 0.1916162 0.1910767 0.1908766 0.1903692 0.1902925 0.1906279 0.1917104 0.1927659 0.1944046 0.1937330
